id,text,political,racial/ethnic,religious,gender/sexual,other,language,input_text,logits
tel_610cfbc9b5bb5e2139a605b6bb8f046c,"పెగాసస్ స్పైవేర్ కుంభకోణం, భారతదేశం, మెక్సికో, మొరాకో వంటి దేశాలలో జర్నలిస్టులు, కార్యకర్తలపై ప్రభుత్వాలు ఎలా నిఘా పెట్టాయో బహిర్గతం చేసింది",0,1,0,0,1,tel,"[LANG=tel] పెగాసస్ స్పైవేర్ కుంభకోణం, భారతదేశం, మెక్సికో, మొరాకో వంటి దేశాలలో జర్నలిస్టులు, కార్యకర్తలపై ప్రభుత్వాలు ఎలా నిఘా పెట్టాయో బహిర్గతం చేసింది","[0.5576043128967285, 0.1963944286108017, -0.20629672706127167, -0.2141055315732956, 1.014862298965454]"
tel_18e9738789081d44a8d51ba246943de3,వస్త్ర పరిశ్రమలో కార్మికుల హక్కులు మరియు సరసమైన వేతనాల కోసం ప్రపంచవ్యాప్తంగా అనేక సామాజిక ఉద్యమాలు జరుగుతున్నాయి,0,0,0,0,0,tel,[LANG=tel] వస్త్ర పరిశ్రమలో కార్మికుల హక్కులు మరియు సరసమైన వేతనాల కోసం ప్రపంచవ్యాప్తంగా అనేక సామాజిక ఉద్యమాలు జరుగుతున్నాయి,"[-3.621511697769165, -4.475408554077148, -3.5055978298187256, -4.582700729370117, -3.979203462600708]"
tel_9913b4526246ac43ff88b3be5b4ffd11,అంతరిక్ష ప్రయాణం భవిష్యత్ లో ఒక వినోద కార్యక్రమంగా మారే అవకాశం ఉంది,1,1,0,0,0,tel,[LANG=tel] అంతరిక్ష ప్రయాణం భవిష్యత్ లో ఒక వినోద కార్యక్రమంగా మారే అవకాశం ఉంది,"[0.19398434460163116, -2.564673900604248, -0.27194347977638245, -1.9033199548721313, -0.4291597604751587]"
tel_0fd246a2c9f74d71c13c32bd9b5f3f36,ప్రభుత్వం విద్యా నాణ్యత తగ్గిపోతోందని.,0,0,0,0,0,tel,[LANG=tel] ప్రభుత్వం విద్యా నాణ్యత తగ్గిపోతోందని.,"[-1.35150945186615, -2.5518343448638916, -2.3850951194763184, -1.604993462562561, -1.7641308307647705]"
tel_af18ce6b2c8962684f95cd36026cd425,ప్రజల దృష్టిలో మత ఆధారిత రాజకీయాలు విభేదాలు సృష్టిస్తున్నాయి #యువత.,0,0,0,0,0,tel,[LANG=tel] ప్రజల దృష్టిలో మత ఆధారిత రాజకీయాలు విభేదాలు సృష్టిస్తున్నాయి #యువత.,"[-3.9469637870788574, -3.9056479930877686, -2.9058115482330322, -3.154895067214966, -4.836611747741699]"
tel_9121c1680ef82405459dd5044aefe054,"యునెస్కో  ప్రపంచ వారసత్వ ప్రదేశంగా గుర్తించిన పెరూలోని మచు పిచ్చు, ఆ దేశ పర్యాటక రంగానికి ఒక ముఖ్య ఆకర్షణ",0,0,0,0,0,tel,"[LANG=tel] యునెస్కో  ప్రపంచ వారసత్వ ప్రదేశంగా గుర్తించిన పెరూలోని మచు పిచ్చు, ఆ దేశ పర్యాటక రంగానికి ఒక ముఖ్య ఆకర్షణ","[-4.2388787269592285, -3.9569568634033203, -4.207476615905762, -4.4569549560546875, -4.278982639312744]"
tel_c767a107c9ced63b073777704f866a22,"కొన్ని దేశాల్లో మత ఆధారంగా వ్యక్తులు ఉద్యోగాలు, రియల్ ఎస్టేట్ మరియు రేషన్ సౌకర్యాలు పొందడంలో నిర్లక్ష్యం పొందుతున్నారు",0,0,1,1,1,tel,"[LANG=tel] కొన్ని దేశాల్లో మత ఆధారంగా వ్యక్తులు ఉద్యోగాలు, రియల్ ఎస్టేట్ మరియు రేషన్ సౌకర్యాలు పొందడంలో నిర్లక్ష్యం పొందుతున్నారు","[0.055712394416332245, 0.13034683465957642, 0.3594275116920471, -0.32596534490585327, 0.5003231167793274]"
tel_658fc5f1fe89e5cf4472e15d461cd93e,పురావస్తు శాస్త్రజ్ఞులు తవ్వకాలలో బయటపడిన వస్తువులను అధ్యయనం చేస్తున్నారు,0,0,0,0,1,tel,[LANG=tel] పురావస్తు శాస్త్రజ్ఞులు తవ్వకాలలో బయటపడిన వస్తువులను అధ్యయనం చేస్తున్నారు,"[0.39309555292129517, 0.4913046956062317, -0.2145235389471054, 0.1568836122751236, 0.7211080193519592]"
tel_3c61068e65f94d2f3f4429242bdea79b,"వలస కార్మికులు తక్కువ వేతనాలకు పనిచేస్తున్నారని, స్థానికులు వారిపై ఆగ్రహం వ్యక్తం చేస్తూ, వారిని శత్రువులుగా చూస్తున్నారు",1,0,0,0,1,tel,"[LANG=tel] వలస కార్మికులు తక్కువ వేతనాలకు పనిచేస్తున్నారని, స్థానికులు వారిపై ఆగ్రహం వ్యక్తం చేస్తూ, వారిని శత్రువులుగా చూస్తున్నారు","[0.22146211564540863, 0.57099449634552, -0.26779311895370483, 0.34005191922187805, 0.12804804742336273]"
tel_8e168d87daf20852e50715c9cba99a3f,"షూల యొక్క మన్నికను పరీక్షించడానికి, వాటిని యంత్రాల సహాయంతో కఠినమైన పరిస్థితులలో పరీక్షిస్తారు",0,0,0,0,0,tel,"[LANG=tel] షూల యొక్క మన్నికను పరీక్షించడానికి, వాటిని యంత్రాల సహాయంతో కఠినమైన పరిస్థితులలో పరీక్షిస్తారు","[-4.043390274047852, -4.05853796005249, -3.9166064262390137, -4.371920585632324, -4.562327861785889]"
tel_db2474aa6228579c881fcde303b4703d,రైతుల పట్ల ప్రజా వనరులు కొద్దిమంది చేతుల్లోనే కేంద్రీకృతమవుతున్నాయి సామాజిక న్యాయం కేవలం కాగితాలపైనే ఉంది.,0,0,0,0,1,tel,[LANG=tel] రైతుల పట్ల ప్రజా వనరులు కొద్దిమంది చేతుల్లోనే కేంద్రీకృతమవుతున్నాయి సామాజిక న్యాయం కేవలం కాగితాలపైనే ఉంది.,"[-4.289409637451172, -3.5475289821624756, -3.9609992504119873, -4.286579132080078, -4.64686393737793]"
tel_f30330703901f44a7bedf41e2b3f1596,"కొన్ని దేశాలలో, హిజాబ్ లేదా టర్బన్ వంటి మతపరమైన దుస్తులు ధరించినందుకు, విద్యార్థులను తరగతుల నుండి బహిష్కరిస్తున్నారు",0,1,0,1,1,tel,"[LANG=tel] కొన్ని దేశాలలో, హిజాబ్ లేదా టర్బన్ వంటి మతపరమైన దుస్తులు ధరించినందుకు, విద్యార్థులను తరగతుల నుండి బహిష్కరిస్తున్నారు","[0.055099017918109894, 0.30219513177871704, -0.01737205870449543, 0.04128003120422363, 0.38952311873435974]"
tel_5fa2f439fe892ce8eb2a7f460b9e21c7,"గ్రామీణ ప్రాంతాలలో మహిళలు స్వయం సహాయక బృందాలను ఏర్పాటు చేసుకోవడం, వారిలో ఆర్థిక స్వాతంత్ర్యం మరియు లింగ సమానత్వాన్ని పెంపొందిస్తోంది",0,0,0,0,0,tel,"[LANG=tel] గ్రామీణ ప్రాంతాలలో మహిళలు స్వయం సహాయక బృందాలను ఏర్పాటు చేసుకోవడం, వారిలో ఆర్థిక స్వాతంత్ర్యం మరియు లింగ సమానత్వాన్ని పెంపొందిస్తోంది","[-1.5650678873062134, -3.307050943374634, -2.2406907081604004, -3.438737154006958, -2.720330238342285]"
tel_56301624d40ff12dc5ffe1ebd13d27d4,విద్యలో డిజిటల్ పద్ధతులు ప్రవేశించడం ద్వారా విద్యార్థులకు ప్రపంచ జ్ఞానం చేరువవుతోంది,0,0,0,0,0,tel,[LANG=tel] విద్యలో డిజిటల్ పద్ధతులు ప్రవేశించడం ద్వారా విద్యార్థులకు ప్రపంచ జ్ఞానం చేరువవుతోంది,"[0.4215826392173767, 0.4756435751914978, 0.12713655829429626, 0.08352544903755188, 0.09388575702905655]"
tel_e7e793ba0f4efc2ac1a317ea8d15e819,రైతుల సమస్యలు పరిష్కరించకపోవడం బాధాకరం సమాజం విభజించబడుతోంది.,0,0,0,0,0,tel,[LANG=tel] రైతుల సమస్యలు పరిష్కరించకపోవడం బాధాకరం సమాజం విభజించబడుతోంది.,"[-1.0920863151550293, -0.892108142375946, -1.0155837535858154, -0.6102309226989746, -1.4257453680038452]"
tel_eae1f70b9f43af1137d48a9ede584123,"ఆఫ్రికా, మధ్యప్రాచ్యంలోని కొన్ని దేశాలలో మహిళల జననాంగాలను ఛేదించడం వారి ఆరోగ్యంపై, మానవ హక్కులపై తీవ్రమైన దాడి",0,0,0,1,0,tel,"[LANG=tel] ఆఫ్రికా, మధ్యప్రాచ్యంలోని కొన్ని దేశాలలో మహిళల జననాంగాలను ఛేదించడం వారి ఆరోగ్యంపై, మానవ హక్కులపై తీవ్రమైన దాడి","[0.1840468794107437, 0.3909466564655304, -0.18200595676898956, -0.32036924362182617, 0.17317235469818115]"
tel_76a4484d5eb8ea34b47ff83a47bab352,"విదేశీయుల పట్ల శత్రుభావం వల్ల, వారు స్థానికుల నుండి అనుమానాన్ని, వేధింపులను ఎదుర్కొంటున్నారు",1,0,1,0,0,tel,"[LANG=tel] విదేశీయుల పట్ల శత్రుభావం వల్ల, వారు స్థానికుల నుండి అనుమానాన్ని, వేధింపులను ఎదుర్కొంటున్నారు","[0.14534476399421692, 0.6832736134529114, -0.16437265276908875, 0.15393947064876556, 0.3857228755950928]"
tel_7f038d26fc4cc85e7b0c182183a59220,స్థానిక ప్రజలు నిర్లక్ష్యంతో వ్యవహరిస్తున్నారు బదులుగా నిరసన చేపట్టిన వారి పట్ల చర్యలు తీస్తున్నారు.,0,0,0,0,0,tel,[LANG=tel] స్థానిక ప్రజలు నిర్లక్ష్యంతో వ్యవహరిస్తున్నారు బదులుగా నిరసన చేపట్టిన వారి పట్ల చర్యలు తీస్తున్నారు.,"[-2.073204755783081, -2.348036050796509, -2.7899856567382812, -2.343529224395752, -2.536257028579712]"
tel_cb0b2d98f8c971d29f0492b8b4b54749,"ఎలాన్ మస్క్ ట్విట్టర్/ఎక్స్ ను స్వాధీనం చేసుకున్న తర్వాత, దాని విధానాలు అమెరికా, యూరప్‌లలో రాజకీయ చర్చలను, తప్పుడు సమాచార వ్యాప్తిని ప్రభావితం చేశాయి",0,0,0,0,1,tel,"[LANG=tel] ఎలాన్ మస్క్ ట్విట్టర్/ఎక్స్ ను స్వాధీనం చేసుకున్న తర్వాత, దాని విధానాలు అమెరికా, యూరప్‌లలో రాజకీయ చర్చలను, తప్పుడు సమాచార వ్యాప్తిని ప్రభావితం చేశాయి","[0.633660614490509, -0.6896584630012512, -0.909884512424469, -1.023092269897461, 1.1116591691970825]"
tel_ae22d87c5793b3dac11a50ecd18a658c,ప్రజాస్వామ్య విలువలు దెబ్బతినేస్తున్నాయి ఆర్థిక వ్యవస్థ సృష్టించే అసమానతలు #సమాజం.,0,0,0,0,0,tel,[LANG=tel] ప్రజాస్వామ్య విలువలు దెబ్బతినేస్తున్నాయి ఆర్థిక వ్యవస్థ సృష్టించే అసమానతలు #సమాజం.,"[-4.369546890258789, -3.5499308109283447, -3.4496965408325195, -3.863743543624878, -4.24413537979126]"
tel_544320e7ada0b061ec1be9d142d00cd5,"అరటి పండులో పొటాషియం సమృద్ధిగా లభిస్తుంది, ఇది ఆరోగ్యకరమైన రక్తపోటును నిర్వహించడానికి సహాయపడుతుంది",0,0,0,0,0,tel,"[LANG=tel] అరటి పండులో పొటాషియం సమృద్ధిగా లభిస్తుంది, ఇది ఆరోగ్యకరమైన రక్తపోటును నిర్వహించడానికి సహాయపడుతుంది","[-4.214824199676514, -3.8180694580078125, -3.7835195064544678, -4.1050286293029785, -4.586645126342773]"
tel_79e270b7ebe9ef254388e665f53eaba9,ప్రజల సమస్యలను పట్టించుకోరు.,0,0,0,0,0,tel,[LANG=tel] ప్రజల సమస్యలను పట్టించుకోరు.,"[-3.051858901977539, -3.0773751735687256, -3.6577811241149902, -3.0143797397613525, -2.524116039276123]"
tel_9de299e38c9db5b586eec99d1534b2b9,"పేదరికం ఒక  వలయం లాంటిది, అది తరతరాలుగా ప్రజలను అణచివేస్తూనే ఉంటుంది, అవకాశాలను అందకుండా చేస్తుంది",0,0,0,0,1,tel,"[LANG=tel] పేదరికం ఒక  వలయం లాంటిది, అది తరతరాలుగా ప్రజలను అణచివేస్తూనే ఉంటుంది, అవకాశాలను అందకుండా చేస్తుంది","[-0.5266565680503845, -0.5802586674690247, -0.3840499222278595, -0.07659178972244263, 0.49124303460121155]"
tel_e29404b790875e337aeb4809cdd20ce3,"ప్రభుత్వాలు పెగాసస్ వంటి స్పైవేర్‌లను ఉపయోగించి జర్నలిస్టులు, కార్యకర్తలు, రాజకీయ ప్రత్యర్థులపై నిఘా పెట్టడం ప్రజాస్వామ్యానికి ప్రమాదకరం",1,0,0,0,1,tel,"[LANG=tel] ప్రభుత్వాలు పెగాసస్ వంటి స్పైవేర్‌లను ఉపయోగించి జర్నలిస్టులు, కార్యకర్తలు, రాజకీయ ప్రత్యర్థులపై నిఘా పెట్టడం ప్రజాస్వామ్యానికి ప్రమాదకరం","[1.4502285718917847, -0.5922930240631104, -1.211625576019287, -0.4439771771430969, 0.46592652797698975]"
tel_059f318d60b32fb51542528234d793f6,పర్యావరణాన్ని పక్కన వేస్తున్నారు ముఖ్య సమస్యలను మర్చిపోతున్నారు.,0,0,0,0,0,tel,[LANG=tel] పర్యావరణాన్ని పక్కన వేస్తున్నారు ముఖ్య సమస్యలను మర్చిపోతున్నారు.,"[-2.9650895595550537, -3.33866024017334, -2.8968238830566406, -2.401064395904541, -2.306978464126587]"
tel_3f1409a883da3152b52511f6d17688f0,"భారతదేశం, జపాన్, అమెరికా మరియు జర్మనీలో వేతన వ్యత్యాసం మరియు గ్లాస్ సీలింగ్ కారణంగా మహిళల ఆర్థిక స్వతంత్రత తగ్గుతోంది",0,0,1,1,0,tel,"[LANG=tel] భారతదేశం, జపాన్, అమెరికా మరియు జర్మనీలో వేతన వ్యత్యాసం మరియు గ్లాస్ సీలింగ్ కారణంగా మహిళల ఆర్థిక స్వతంత్రత తగ్గుతోంది","[0.4723341464996338, -0.11222443729639053, 0.1041427031159401, 0.5148874521255493, 0.4344109296798706]"
tel_86b7972a956704a1e1dda2ec6c8262e6,ఈరోజుల్లో పర్యావరణ పరిరక్షణ కేవలం ప్రచార నినాదంగా మారింది విద్యా హక్కు అందరికీ అందుబాటులో ఉండాలి #యువత.,0,0,0,0,0,tel,[LANG=tel] ఈరోజుల్లో పర్యావరణ పరిరక్షణ కేవలం ప్రచార నినాదంగా మారింది విద్యా హక్కు అందరికీ అందుబాటులో ఉండాలి #యువత.,"[0.7392851710319519, -1.989723563194275, -0.5470296144485474, -1.289873719215393, 1.2871334552764893]"
tel_ff1ec8804222c36a119cdf595b5f8f89,స్థానిక ప్రజలు విద్యా నాణ్యత తగ్గిపోతోందని స్వచ్ఛంద సేవలు తగ్గాయి.,0,0,0,0,0,tel,[LANG=tel] స్థానిక ప్రజలు విద్యా నాణ్యత తగ్గిపోతోందని స్వచ్ఛంద సేవలు తగ్గాయి.,"[-0.4623701870441437, -0.808138370513916, -0.8847563862800598, -0.36381280422210693, -0.21076954901218414]"
tel_07d1b7e32373357f1dd5a103c103b5cd,"మెక్సికన్ వంటకాలలో మిరపకాయలు, బీన్స్ మరియు మొక్కజొన్న వాడకం చాలా సాధారణం",0,0,0,0,0,tel,"[LANG=tel] మెక్సికన్ వంటకాలలో మిరపకాయలు, బీన్స్ మరియు మొక్కజొన్న వాడకం చాలా సాధారణం","[-4.270727634429932, -3.716313600540161, -3.809448003768921, -4.169490337371826, -4.89447021484375]"
tel_6e2409f46259a2ee215fa4a72cec337e,"పర్యావరణ పరిరక్షణ ప్రతి పౌరుని బాధ్యత, చెట్లు నాటడం ద్వారా భవిష్యత్ తరాలకు శుభప్రభావం కలుగుతుంది",0,0,0,0,0,tel,"[LANG=tel] పర్యావరణ పరిరక్షణ ప్రతి పౌరుని బాధ్యత, చెట్లు నాటడం ద్వారా భవిష్యత్ తరాలకు శుభప్రభావం కలుగుతుంది","[-2.9666459560394287, -3.875446081161499, -3.5337977409362793, -4.918844699859619, -2.2052431106567383]"
tel_f08841455c850e29a80affade08d5445,ఈ నటుడు తన అభిమానులకు మంచి సందేశాన్ని ఇచ్చే సినిమాలలో నటించడానికి ప్రయత్నిస్తున్నాడు,0,1,0,0,1,tel,[LANG=tel] ఈ నటుడు తన అభిమానులకు మంచి సందేశాన్ని ఇచ్చే సినిమాలలో నటించడానికి ప్రయత్నిస్తున్నాడు,"[0.34649723768234253, 0.5064784288406372, -0.07137548923492432, 0.3595016598701477, 0.4449075758457184]"
tel_daa3fbace1cd5b2ee30da8b1148094a5,ఈ క్యాలెండర్ లో ప్రతి రోజు ఒక చిన్న స్ఫూర్తిదాయక కొటేషన్ ఉంటుంది,1,0,0,0,0,tel,[LANG=tel] ఈ క్యాలెండర్ లో ప్రతి రోజు ఒక చిన్న స్ఫూర్తిదాయక కొటేషన్ ఉంటుంది,"[0.17084349691867828, -0.8318914771080017, -0.8050804734230042, -0.7970498204231262, -0.099727101624012]"
tel_cbe8f4c6f24bff8128de2c6781d862c2,ఇపుడు కోట్లు కదా వాటికైతే కులం అక్కర్లేదు,0,0,0,0,0,tel,[LANG=tel] ఇపుడు కోట్లు కదా వాటికైతే కులం అక్కర్లేదు,"[-2.837557077407837, -2.223167657852173, -1.7008346319198608, -2.6858019828796387, -0.5712902545928955]"
tel_00911937cd0b7568b3068e5c715722f9,"తులిప్ పువ్వులు వసంతకాలంలో వికసిస్తాయి, నెదర్లాండ్స్ దేశం తులిప్ తోటలకు చాలా ప్రసిద్ధి",0,0,0,0,0,tel,"[LANG=tel] తులిప్ పువ్వులు వసంతకాలంలో వికసిస్తాయి, నెదర్లాండ్స్ దేశం తులిప్ తోటలకు చాలా ప్రసిద్ధి","[-4.660335540771484, -3.7997207641601562, -4.116046905517578, -4.321767330169678, -4.07490873336792]"
tel_94a2e07460b832154fee02c4b15c56b7,"విదేశాల నుండి వచ్చిన శరణార్థులను ఆదరించడానికి బదులుగా, వారిని తిరిగి ప్రమాదకరమైన పరిస్థితులలోకి పంపించడం అమానవీయం",0,1,0,0,0,tel,"[LANG=tel] విదేశాల నుండి వచ్చిన శరణార్థులను ఆదరించడానికి బదులుగా, వారిని తిరిగి ప్రమాదకరమైన పరిస్థితులలోకి పంపించడం అమానవీయం","[-0.5163263082504272, 0.5795955657958984, -0.8615197539329529, -0.5250373482704163, 0.889037013053894]"
tel_5cdc275e94f9ad741c6befbcd603c725,"బ్యాడ్మింటన్ ఆడటానికి వేగం, చురుకుదనం మరియు మంచి సమన్వయం అవసరం, ఇది ఒక ప్రసిద్ధ రాకెట్ క్రీడ",0,0,0,0,0,tel,"[LANG=tel] బ్యాడ్మింటన్ ఆడటానికి వేగం, చురుకుదనం మరియు మంచి సమన్వయం అవసరం, ఇది ఒక ప్రసిద్ధ రాకెట్ క్రీడ","[-4.502277851104736, -3.9144058227539062, -3.9337046146392822, -4.051807403564453, -4.650157451629639]"
tel_84ccc66293c55057ec3d8c8feb54d4e3,ఆ బజార్ లోని వస్తువులు వాటి పురాతనతత్వం మరియు నాణ్యత కోసం ప్రసిద్ధి చెందాయి,1,0,1,0,0,tel,[LANG=tel] ఆ బజార్ లోని వస్తువులు వాటి పురాతనతత్వం మరియు నాణ్యత కోసం ప్రసిద్ధి చెందాయి,"[0.6735096573829651, 0.30484578013420105, -0.01310634519904852, 0.21778158843517303, 0.10659483820199966]"
tel_24ee77c3e9eedf233580e4edb5c77f9e,"యువతలో పెరుగుతున్న నిరుద్యోగాన్ని పరిష్కరించడంలో విఫలమైన ప్రభుత్వాలు, వారి దృష్టిని మతపరమైన, జాతీయవాద అంశాల వైపు మళ్లిస్తున్నాయి",1,0,1,0,0,tel,"[LANG=tel] యువతలో పెరుగుతున్న నిరుద్యోగాన్ని పరిష్కరించడంలో విఫలమైన ప్రభుత్వాలు, వారి దృష్టిని మతపరమైన, జాతీయవాద అంశాల వైపు మళ్లిస్తున్నాయి","[0.5174288749694824, 0.7523340582847595, -0.017453894019126892, -0.5946075320243835, 0.5048390626907349]"
tel_be03d9c70cce7ebdc14e9338d3ee2dae,"కొన్ని దేశాలలో, మైనారిటీ జాతుల వారిని ఓటు హక్కుకు దూరం చేయడానికి ఉద్దేశపూర్వకంగా కఠినమైన నిబంధనలను విధిస్తున్నారు",1,1,0,0,0,tel,"[LANG=tel] కొన్ని దేశాలలో, మైనారిటీ జాతుల వారిని ఓటు హక్కుకు దూరం చేయడానికి ఉద్దేశపూర్వకంగా కఠినమైన నిబంధనలను విధిస్తున్నారు","[0.5114185214042664, 0.5871074199676514, -0.3146001696586609, -0.1847771555185318, 0.6856310367584229]"
tel_99ec73aed5c311c071c3446a2114ff22,"సముద్ర తీరంలో సాయంత్రపు సూర్యాస్తమయాన్ని చూడడం మనసుకు ప్రశాంతతను ఇచ్చి, ఆత్మకు శాంతిని కలిగిస్తుంది",0,0,0,0,0,tel,"[LANG=tel] సముద్ర తీరంలో సాయంత్రపు సూర్యాస్తమయాన్ని చూడడం మనసుకు ప్రశాంతతను ఇచ్చి, ఆత్మకు శాంతిని కలిగిస్తుంది","[-4.115281105041504, -4.489511966705322, -3.407407522201538, -3.861823320388794, -2.919118881225586]"
tel_19235ecb759d57435a6173d877009928,"మెజారిటీ జాతి సంస్కృతినే జాతీయ సంస్కృతిగా ప్రచారం చేస్తూ, మైనారిటీల సంస్కృతులను తక్కువ చేసి చూపిస్తున్నారు",1,0,0,0,1,tel,"[LANG=tel] మెజారిటీ జాతి సంస్కృతినే జాతీయ సంస్కృతిగా ప్రచారం చేస్తూ, మైనారిటీల సంస్కృతులను తక్కువ చేసి చూపిస్తున్నారు","[-0.6135708093643188, 0.4282573163509369, -0.6095073819160461, -0.5927658677101135, 0.4213319718837738]"
tel_301d9ef3315d23e10eaed2d797cf98b4,"కెన్యాలో, ఎన్నికల సమయంలో జాతిపరమైన హింస చెలరేగడం, రాజకీయ నాయకులు తమ ప్రయోజనాల కోసం ప్రజలను విభజించడానికే అని విమర్శకులు అంటారు",0,1,0,1,0,tel,"[LANG=tel] కెన్యాలో, ఎన్నికల సమయంలో జాతిపరమైన హింస చెలరేగడం, రాజకీయ నాయకులు తమ ప్రయోజనాల కోసం ప్రజలను విభజించడానికే అని విమర్శకులు అంటారు","[0.5192986726760864, 0.9087143540382385, -0.11300631612539291, -0.31654393672943115, 0.05561640113592148]"
tel_0a31ddebcbf505b9d01973ae36c53a79,"శాంతియుతంగా నిరసన తెలిపే హక్కును కాలరాస్తూ, ప్రభుత్వాలు నిరసనకారులపై కఠినమైన చర్యలు తీసుకుంటున్నాయి",1,0,0,0,0,tel,"[LANG=tel] శాంతియుతంగా నిరసన తెలిపే హక్కును కాలరాస్తూ, ప్రభుత్వాలు నిరసనకారులపై కఠినమైన చర్యలు తీసుకుంటున్నాయి","[1.1288671493530273, 0.12705840170383453, -0.27298790216445923, -0.41177839040756226, 0.1306760162115097]"
tel_ad10fdbad6ea67ddc283f32fa7923e16,గ్లోబల్ వార్మింగ్ వల్ల పర్యావరణ వ్యవస్థలు తీవ్ర ప్రమాదంలో పడుతున్నాయని శాస్త్రవేత్తలు హెచ్చరించారు,1,1,1,0,0,tel,[LANG=tel] గ్లోబల్ వార్మింగ్ వల్ల పర్యావరణ వ్యవస్థలు తీవ్ర ప్రమాదంలో పడుతున్నాయని శాస్త్రవేత్తలు హెచ్చరించారు,"[0.34103888273239136, 0.25126034021377563, -0.262729674577713, 0.2166668027639389, 0.35838061571121216]"
tel_c78afa4e3e1d286db59bb6330ba1310b,"మహిళలు రాజకీయాల్లోకి వస్తే వారి విధానాల కన్నా, వారి వస్త్రధారణ, వ్యక్తిగత జీవితంపైనే ఎక్కువగా విమర్శలు చేయడం జరుగుతోంది",1,0,0,1,0,tel,"[LANG=tel] మహిళలు రాజకీయాల్లోకి వస్తే వారి విధానాల కన్నా, వారి వస్త్రధారణ, వ్యక్తిగత జీవితంపైనే ఎక్కువగా విమర్శలు చేయడం జరుగుతోంది","[0.5959068536758423, 0.45832714438438416, -0.22643618285655975, -0.1552087664604187, -0.2948863208293915]"
tel_545c48a4f885b0134c309fd25d1036c8,"మతపరమైన నమ్మకాల పేరుతో, శాస్త్రీయ వాస్తవాలను, ఆధునిక విద్యను తిరస్కరించడం సమాజాన్ని వెనక్కి నడిపించడమే అవుతుంది",0,0,0,0,1,tel,"[LANG=tel] మతపరమైన నమ్మకాల పేరుతో, శాస్త్రీయ వాస్తవాలను, ఆధునిక విద్యను తిరస్కరించడం సమాజాన్ని వెనక్కి నడిపించడమే అవుతుంది","[0.05767558887600899, 0.06128963828086853, -0.02505803108215332, -0.3176966905593872, 0.46330538392066956]"
tel_d400afdc80bb368dff175b0c2fe53cf6,"పేదరికం ఒక వ్యక్తి వైఫల్యం కాదు, అది వ్యవస్థలో ఉన్న అసమానతల ఫలితం అని చాలామంది గ్రహించరు",1,0,1,0,0,tel,"[LANG=tel] పేదరికం ఒక వ్యక్తి వైఫల్యం కాదు, అది వ్యవస్థలో ఉన్న అసమానతల ఫలితం అని చాలామంది గ్రహించరు","[-1.6247104406356812, -1.40641450881958, -1.4511637687683105, -0.6414764523506165, -0.8433984518051147]"
tel_c91b94901a51d575fe254bccc66f164a,ఆర్థిక వ్యవస్థ సృష్టించే అసమానతలు బదులుగా నిరసన చేపట్టిన వారి పట్ల చర్యలు తీస్తున్నారు.,0,0,0,0,0,tel,[LANG=tel] ఆర్థిక వ్యవస్థ సృష్టించే అసమానతలు బదులుగా నిరసన చేపట్టిన వారి పట్ల చర్యలు తీస్తున్నారు.,"[-0.5201115608215332, -0.8798649907112122, -1.0152651071548462, -0.413424015045166, -0.7212701439857483]"
tel_a1f445f8f34911bb88e151c3c8e38129,"ట్రాన్స్‌జెండర్ వ్యక్తులు వైద్య సేవలు పొందడంలో కూడా వివక్షను ఎదుర్కొంటున్నారు, చాలామంది వైద్యులు వారిని చికిత్స చేయడానికి నిరాకరిస్తున్నారు",0,0,0,1,1,tel,"[LANG=tel] ట్రాన్స్‌జెండర్ వ్యక్తులు వైద్య సేవలు పొందడంలో కూడా వివక్షను ఎదుర్కొంటున్నారు, చాలామంది వైద్యులు వారిని చికిత్స చేయడానికి నిరాకరిస్తున్నారు","[0.5867431163787842, -0.6462927460670471, -0.15152105689048767, 0.629271388053894, 0.12642334401607513]"
tel_ff62c14a6b0eb734ba08864116709c95,"ఈ సంవత్సరం ప్రభుత్వ ఆదాయం గణనీయంగా పెరిగిందని, ఆర్థిక నివేదికలో స్పష్టంగా పేర్కొన్నారు",1,0,0,0,0,tel,"[LANG=tel] ఈ సంవత్సరం ప్రభుత్వ ఆదాయం గణనీయంగా పెరిగిందని, ఆర్థిక నివేదికలో స్పష్టంగా పేర్కొన్నారు","[0.6398172974586487, 0.5498429536819458, 0.026933884248137474, 0.2525426745414734, 0.45645713806152344]"
tel_915815f719c40ccb515a82919e8c2219,"ఒక వ్యక్తి యొక్క సామర్థ్యాన్ని కాకుండా, అతని చర్మం రంగు లేదా జాతి మూలాలను బట్టి ఉద్యోగ అవకాశాలు ఇవ్వడం ఒక అనాగరిక చర్య",0,1,0,0,0,tel,"[LANG=tel] ఒక వ్యక్తి యొక్క సామర్థ్యాన్ని కాకుండా, అతని చర్మం రంగు లేదా జాతి మూలాలను బట్టి ఉద్యోగ అవకాశాలు ఇవ్వడం ఒక అనాగరిక చర్య","[-0.5174692869186401, 1.1696070432662964, -0.5959128141403198, -1.1702566146850586, 0.9834020733833313]"
tel_b1e4c0cf990f075f5ecdd96b56a33ce6,భారతదేశంలో గ్రామీణ ప్రాంతాల్లో విద్యా సదుపాయాలు లేమీ కారణంగా పిల్లలు సమాన విద్యా అవకాశాలను పొందలేకపోతున్నారు,0,0,0,1,1,tel,[LANG=tel] భారతదేశంలో గ్రామీణ ప్రాంతాల్లో విద్యా సదుపాయాలు లేమీ కారణంగా పిల్లలు సమాన విద్యా అవకాశాలను పొందలేకపోతున్నారు,"[0.4303019046783447, 0.3121614158153534, 0.051999811083078384, 0.23633110523223877, 0.25394946336746216]"
tel_d1031e17da33abb1c75e5d84f65887f9,"సోషల్ మీడియా ద్వారా వేగంగా వ్యాపిస్తున్న మతపరమైన తీవ్రవాదం, యువతను తప్పుదోవ పట్టిస్తూ ప్రపంచ శాంతికి సవాలుగా మారింది",0,1,0,0,0,tel,"[LANG=tel] సోషల్ మీడియా ద్వారా వేగంగా వ్యాపిస్తున్న మతపరమైన తీవ్రవాదం, యువతను తప్పుదోవ పట్టిస్తూ ప్రపంచ శాంతికి సవాలుగా మారింది","[-0.6536831259727478, -0.28268465399742126, -0.20857498049736023, -0.5629836320877075, 0.5729683637619019]"
tel_a01a3104d3a838f19812c49bacf2073b,నౌకాదళం దేశ భద్రతను కాపాడటంలో కీలక పాత్ర పోషిస్తుంది,0,0,0,0,1,tel,[LANG=tel] నౌకాదళం దేశ భద్రతను కాపాడటంలో కీలక పాత్ర పోషిస్తుంది,"[-4.0547919273376465, -4.088353633880615, -3.5213496685028076, -4.90679931640625, -3.5670135021209717]"
tel_f0ac2e82d3578f5eb2fb586b1777228a,"విశ్వవిద్యాలయాలు నిర్వహించే క్యాంపస్ ప్లేస్‌మెంట్‌లలో, సెమీకండక్టర్ చిప్ డిజైనింగ్ నైపుణ్యాలున్న విద్యార్థులకు మంచి ఆదరణ ఉంది",0,0,0,0,0,tel,"[LANG=tel] విశ్వవిద్యాలయాలు నిర్వహించే క్యాంపస్ ప్లేస్‌మెంట్‌లలో, సెమీకండక్టర్ చిప్ డిజైనింగ్ నైపుణ్యాలున్న విద్యార్థులకు మంచి ఆదరణ ఉంది","[-3.9002771377563477, -3.828169822692871, -3.874042272567749, -4.4684014320373535, -4.968690872192383]"
tel_e26bf0a8181a68af08b54b6c36f67e43,"ఒక మహిళ రాత్రిపూట ఒంటరిగా ప్రయాణిస్తే, ఆమె ప్రవర్తనను శంకించే సమాజం, పురుషులకు మాత్రం ఎటువంటి నియమాలను విధించదు",0,0,0,1,0,tel,"[LANG=tel] ఒక మహిళ రాత్రిపూట ఒంటరిగా ప్రయాణిస్తే, ఆమె ప్రవర్తనను శంకించే సమాజం, పురుషులకు మాత్రం ఎటువంటి నియమాలను విధించదు","[-0.6290903091430664, -1.7886815071105957, -0.6421282291412354, 1.134639859199524, -0.53612220287323]"
tel_0a8bc20a34f49dd0cff37320521a5cb7,ముఖ్య సమస్యలను మర్చిపోతున్నారు వాగ్దానాలు నిజం కావు.,0,0,0,0,0,tel,[LANG=tel] ముఖ్య సమస్యలను మర్చిపోతున్నారు వాగ్దానాలు నిజం కావు.,"[-3.990856409072876, -4.046839714050293, -3.9339849948883057, -4.305497646331787, -4.221640110015869]"
tel_0cafa00c1c061ea4f6442c512ffef9ce,"ప్రపంచంలోని సముద్ర గర్భాలలో ఇంకా కనుగొనబడని జీవ జాతులు మరియు సహజ వనరులు ఉన్నాయని, వాటిపై పరిశోధనలు జరుగుతున్నాయని శాస్త్రవేత్తలు చెబుతున్నారు",0,0,0,0,0,tel,"[LANG=tel] ప్రపంచంలోని సముద్ర గర్భాలలో ఇంకా కనుగొనబడని జీవ జాతులు మరియు సహజ వనరులు ఉన్నాయని, వాటిపై పరిశోధనలు జరుగుతున్నాయని శాస్త్రవేత్తలు చెబుతున్నారు","[-4.374868392944336, -3.613027572631836, -3.4840543270111084, -3.9975199699401855, -3.79004168510437]"
tel_30f3b5d711c3a9c3436db2eb5d1d07c6,ఫ్యాషన్ ప్రపంచంలో ఒక వ్యక్తి యొక్క స్కిన్ టోన్ మరియు అండర్ టోన్‌కు సరిపోయే దుస్తులను ఎంచుకోవడానికి కలర్ అనాలిసిస్ సహాయపడుతుంది,0,0,0,0,0,tel,[LANG=tel] ఫ్యాషన్ ప్రపంచంలో ఒక వ్యక్తి యొక్క స్కిన్ టోన్ మరియు అండర్ టోన్‌కు సరిపోయే దుస్తులను ఎంచుకోవడానికి కలర్ అనాలిసిస్ సహాయపడుతుంది,"[-3.954577684402466, -4.243006706237793, -3.6397945880889893, -4.319475173950195, -4.932823657989502]"
tel_ed1721e7e6b9cd3cd8c9b8f7cdfd6576,నౌకాదళం దేశ సరిహద్దులను రక్షించడానికి ఆధునిక యుద్ధ నౌకలను ఉపయోగిస్తుంది,0,0,0,0,0,tel,[LANG=tel] నౌకాదళం దేశ సరిహద్దులను రక్షించడానికి ఆధునిక యుద్ధ నౌకలను ఉపయోగిస్తుంది,"[-2.4421515464782715, -3.703911066055298, -2.354255437850952, -4.135310173034668, -0.6836079359054565]"
tel_0df735294eea1e19e91bca949f0ccbf4,"పేద కుటుంబాల నుండి వచ్చిన విద్యార్థులను ఉపాధ్యాయులు తరగతిలో చులకనగా చూడటం, వారి ఆత్మవిశ్వాసాన్ని దెబ్బతీస్తుంది",1,0,1,0,0,tel,"[LANG=tel] పేద కుటుంబాల నుండి వచ్చిన విద్యార్థులను ఉపాధ్యాయులు తరగతిలో చులకనగా చూడటం, వారి ఆత్మవిశ్వాసాన్ని దెబ్బతీస్తుంది","[-1.0530143976211548, 0.21251994371414185, -0.7786426544189453, -0.7432454824447632, 1.2522697448730469]"
tel_864806c7355d57793e01d90c7f0bec34,వ్యవసాయ రంగంలో ఆధునిక సాంకేతిక పరిజ్ఞానం ఉపయోగించడం వలన పంట దిగుబడులు గణనీయంగా పెరిగాయి,1,0,0,0,1,tel,[LANG=tel] వ్యవసాయ రంగంలో ఆధునిక సాంకేతిక పరిజ్ఞానం ఉపయోగించడం వలన పంట దిగుబడులు గణనీయంగా పెరిగాయి,"[0.2768276333808899, 0.5227817893028259, 0.046566516160964966, 0.01270246971398592, 0.4420836865901947]"
tel_d8d9d9a69cd0309057b14ba2e0979aaf,"దక్షిణ కొరియా యొక్క పాప్ సంగీతం మరియు ఫ్యాషన్, ప్రపంచవ్యాప్తంగా యువతపై బలమైన సాంస్కృతిక ప్రభావాన్ని చూపుతున్నాయి",0,0,0,0,0,tel,"[LANG=tel] దక్షిణ కొరియా యొక్క పాప్ సంగీతం మరియు ఫ్యాషన్, ప్రపంచవ్యాప్తంగా యువతపై బలమైన సాంస్కృతిక ప్రభావాన్ని చూపుతున్నాయి","[-3.9686827659606934, -3.598966598510742, -3.6449944972991943, -4.763399600982666, -3.87801194190979]"
tel_993335196625d201a4c3d7c5ecf7e3f9,రాష్ట్రపతి దేశాధినేతగా వ్యవహరిస్తారు మరియు భారత సాయుధ దళాలకు సుప్రీం కమాండర్‌గా ఉంటారు,0,0,0,0,0,tel,[LANG=tel] రాష్ట్రపతి దేశాధినేతగా వ్యవహరిస్తారు మరియు భారత సాయుధ దళాలకు సుప్రీం కమాండర్‌గా ఉంటారు,"[-3.8206381797790527, -4.366179466247559, -3.552734375, -4.330168724060059, -4.573086738586426]"
tel_fb82a2febbbb4722bb0e2b94dee0e78d,"కొన్ని సంస్కృతులలో, మానసిక ఆరోగ్య సమస్యలను వ్యక్తిగత బలహీనతగా చూడటం, అవసరమైన సహాయం తీసుకోకుండా నిరుత్సాహపరుస్తుంది",1,0,0,0,0,tel,"[LANG=tel] కొన్ని సంస్కృతులలో, మానసిక ఆరోగ్య సమస్యలను వ్యక్తిగత బలహీనతగా చూడటం, అవసరమైన సహాయం తీసుకోకుండా నిరుత్సాహపరుస్తుంది","[-0.27044838666915894, 0.4455963969230652, -0.34166261553764343, -0.26521360874176025, 0.7198519706726074]"
tel_5c14a88de602506c6797a3c3804d014c,"చాలా స్కిన్‌కేర్ బ్రాండ్లు ఇప్పుడు తమ ఉత్పత్తులను జంతువులపై పరీక్షించకుండా , నైతిక పద్ధతులను అవలంబిస్తున్నాయి",0,0,0,0,0,tel,"[LANG=tel] చాలా స్కిన్‌కేర్ బ్రాండ్లు ఇప్పుడు తమ ఉత్పత్తులను జంతువులపై పరీక్షించకుండా , నైతిక పద్ధతులను అవలంబిస్తున్నాయి","[-3.7830348014831543, -3.5013842582702637, -3.489426374435425, -4.413203716278076, -4.344866752624512]"
tel_c6e5db0079c87c39ff888eb9f1fb9f5f,"ఈ నివేదికను ప్రజలకు అందుబాటులో ఉంచి, వారి అభిప్రాయాలను కూడా పరిగణనలోకి తీసుకోవాలని సూచించారు",0,1,0,0,0,tel,"[LANG=tel] ఈ నివేదికను ప్రజలకు అందుబాటులో ఉంచి, వారి అభిప్రాయాలను కూడా పరిగణనలోకి తీసుకోవాలని సూచించారు","[0.7445045113563538, 0.8823658227920532, 0.25926923751831055, 0.1586960405111313, 0.3977046608924866]"
tel_db528ceed89950fe779467b1bbed8be4,విద్యా నాణ్యత తగ్గిపోతోందని.,0,0,0,0,0,tel,[LANG=tel] విద్యా నాణ్యత తగ్గిపోతోందని.,"[-1.476973533630371, -1.9043933153152466, -1.85568368434906, -1.1956456899642944, -1.492634892463684]"
tel_72c841dd14b9571876667c66ec43f382,"భారతదేశం, పాకిస్తాన్ మరియు ఫిలిప్పీన్స్‌లో విపత్తు సహాయంలో మతం ఆధారిత వివక్ష ఇంకా ఉంది",1,0,0,0,0,tel,"[LANG=tel] భారతదేశం, పాకిస్తాన్ మరియు ఫిలిప్పీన్స్‌లో విపత్తు సహాయంలో మతం ఆధారిత వివక్ష ఇంకా ఉంది","[0.25053083896636963, 1.3727229833602905, -0.2369593381881714, -0.5640020370483398, 0.6330356597900391]"
tel_f91d2da41d1c75678ce6e41adb3c7145,"వికలాంగుల కోసం కేటాయించిన పార్కింగ్ స్థలాలలో ఇతరులు పార్క్ చేయడం, వారి పట్ల అగౌరవాన్ని సూచిస్తుంది",0,0,0,1,1,tel,"[LANG=tel] వికలాంగుల కోసం కేటాయించిన పార్కింగ్ స్థలాలలో ఇతరులు పార్క్ చేయడం, వారి పట్ల అగౌరవాన్ని సూచిస్తుంది","[-1.1969178915023804, -0.7465922832489014, -1.1204336881637573, -0.25547945499420166, 1.3977560997009277]"
tel_00dba1777d64d5200ec8a53946f57b83,"మతపరమైన దుస్తులు (హిజాబ్, టర్బన్) ధరించినందుకు, కొందరికి ఉద్యోగ అవకాశాలు నిరాకరించడం వారి మత స్వేచ్ఛను ఉల్లంఘించడమే",0,0,1,0,0,tel,"[LANG=tel] మతపరమైన దుస్తులు (హిజాబ్, టర్బన్) ధరించినందుకు, కొందరికి ఉద్యోగ అవకాశాలు నిరాకరించడం వారి మత స్వేచ్ఛను ఉల్లంఘించడమే","[-0.9340565204620361, -0.010562091134488583, 0.9836920499801636, -0.6172628402709961, 0.2990174889564514]"
tel_1c07dd7e77bf110af9ad181ed147545d,"రాజకీయ నాయకులు తమకు నచ్చని వార్తలను ప్రచురించిన మీడియా సంస్థలపై కక్ష సాధింపు చర్యలు తీసుకుంటూ, పత్రికా స్వేచ్ఛను హరిస్తున్నారు",0,1,0,0,0,tel,"[LANG=tel] రాజకీయ నాయకులు తమకు నచ్చని వార్తలను ప్రచురించిన మీడియా సంస్థలపై కక్ష సాధింపు చర్యలు తీసుకుంటూ, పత్రికా స్వేచ్ఛను హరిస్తున్నారు","[0.6104963421821594, 0.3247605860233307, -0.2287866473197937, -0.07572798430919647, 0.4857412576675415]"
tel_044bc928afcf755ca3d40f4218fe60d8,బదులుగా నిరసన చేపట్టిన వారి పట్ల చర్యలు తీస్తున్నారు మహిళల భద్రతకు పట్టించుకోవడం లేదు #న్యాయం.,0,0,0,0,0,tel,[LANG=tel] బదులుగా నిరసన చేపట్టిన వారి పట్ల చర్యలు తీస్తున్నారు మహిళల భద్రతకు పట్టించుకోవడం లేదు #న్యాయం.,"[-3.123638868331909, -4.151861667633057, -3.1252589225769043, -3.2012581825256348, -4.173108100891113]"
tel_8e1a8c5be8cfaebf87b9db4149fba28c,"జాతి ఆధారంగా జరిగే ద్వేషపూరిత నేరాల సంఖ్య పెరుగుతున్నా, ప్రభుత్వాలు వాటిని అరికట్టడానికి విఫలమవుతున్నాయి",0,0,1,0,0,tel,"[LANG=tel] జాతి ఆధారంగా జరిగే ద్వేషపూరిత నేరాల సంఖ్య పెరుగుతున్నా, ప్రభుత్వాలు వాటిని అరికట్టడానికి విఫలమవుతున్నాయి","[0.3720453679561615, 0.2436162531375885, -0.3181340992450714, -0.4085807204246521, 0.6557655930519104]"
tel_067f8476c908babfb6a5cdf87b1638bc,ఉప ఎన్నికలు వస్తే కొత్త పథకాలోస్తాయ్. మునుగోడు ఉప ఎన్నికల కోసం ఇవ్వాల్టి నుండి పథకాల జాతర షురూ,0,0,0,0,0,tel,[LANG=tel] ఉప ఎన్నికలు వస్తే కొత్త పథకాలోస్తాయ్. మునుగోడు ఉప ఎన్నికల కోసం ఇవ్వాల్టి నుండి పథకాల జాతర షురూ,"[-1.5808409452438354, -4.94137716293335, -2.860049247741699, -3.55806040763855, -3.887454032897949]"
tel_31e61297e81caf619f5d1d8b0f3508c5,టెన్నిస్ క్రీడాకారులు తమ అద్భుతమైన ప్రదర్శనతో ప్రేక్షకులను ఆకట్టుకున్నారు,0,0,0,0,0,tel,[LANG=tel] టెన్నిస్ క్రీడాకారులు తమ అద్భుతమైన ప్రదర్శనతో ప్రేక్షకులను ఆకట్టుకున్నారు,"[-3.2867469787597656, -3.893099308013916, -3.109689474105835, -3.378206491470337, -3.9427549839019775]"
tel_75e09d11d836859c325a2e2ea6a21bdf,"వలస కార్మికులు భారతదేశం, యూరప్ రెండింటిలోనూ తమ జాతీయత, ఆర్థిక స్థితి కారణంగా తీవ్రమైన దోపిడీకి, వివక్షకు గురవుతున్నారు",0,0,0,0,1,tel,"[LANG=tel] వలస కార్మికులు భారతదేశం, యూరప్ రెండింటిలోనూ తమ జాతీయత, ఆర్థిక స్థితి కారణంగా తీవ్రమైన దోపిడీకి, వివక్షకు గురవుతున్నారు","[0.1806877702474594, 0.2890072464942932, -0.18106329441070557, 0.23124496638774872, 0.3616148829460144]"
tel_e0044375126911664eca598c34bc33c1,"ఆరోగ్యకరమైన జీవనశైలిలో తగిన ఆహారం, వ్యాయామం మరియు విశ్రాంతి కీలకం",0,0,0,0,0,tel,"[LANG=tel] ఆరోగ్యకరమైన జీవనశైలిలో తగిన ఆహారం, వ్యాయామం మరియు విశ్రాంతి కీలకం","[-4.0019307136535645, -4.766849517822266, -3.485487699508667, -4.134860038757324, -4.417338848114014]"
tel_1aa7873093f9489c771000fcd1cdf4eb,ఈ స్టేడియంలో జరిగిన ఫుట్‌బాల్ మ్యాచ్ చాలా ఉత్సాహంగా సాగింది,1,1,0,0,1,tel,[LANG=tel] ఈ స్టేడియంలో జరిగిన ఫుట్‌బాల్ మ్యాచ్ చాలా ఉత్సాహంగా సాగింది,"[0.4141468405723572, -0.849324107170105, -0.02378694899380207, -0.13549841940402985, -0.19688911736011505]"
tel_27904452d9e67d10eb156df8990286d7,"లాటిన్ అమెరికా, కరేబియన్ దీవులలోని ఆఫ్రో-సంతతి కమ్యూనిటీలు, తమ చర్మం రంగు కారణంగా సామాజికంగా, ఆర్థికంగా తీవ్రమైన వివక్షను ఎదుర్కొంటున్నారు",1,0,0,0,0,tel,"[LANG=tel] లాటిన్ అమెరికా, కరేబియన్ దీవులలోని ఆఫ్రో-సంతతి కమ్యూనిటీలు, తమ చర్మం రంగు కారణంగా సామాజికంగా, ఆర్థికంగా తీవ్రమైన వివక్షను ఎదుర్కొంటున్నారు","[0.3636368215084076, 0.4306437075138092, -0.2380216121673584, 0.023188164457678795, 0.1567888706922531]"
tel_7cadf5650dfbbed1448de4cfcdee4434,"తీరికలేని జీవితంలో కూడా, ప్రజలు తమ అభిమాన క్రికెట్ లేదా ఫుట్‌బాల్ మ్యాచ్‌లను చూడటానికి సమయం కేటాయించుకుంటారు",0,0,0,0,0,tel,"[LANG=tel] తీరికలేని జీవితంలో కూడా, ప్రజలు తమ అభిమాన క్రికెట్ లేదా ఫుట్‌బాల్ మ్యాచ్‌లను చూడటానికి సమయం కేటాయించుకుంటారు","[-4.036565780639648, -4.246883869171143, -4.08982515335083, -4.415180683135986, -4.246720314025879]"
tel_df8a9c17d9af2b4ed3ce18d86c32fb30,ప్రజలు న్యాయం కోరుతున్నారు సమాజం విభజించబడుతోంది #ఆస్పద.,0,0,0,0,0,tel,[LANG=tel] ప్రజలు న్యాయం కోరుతున్నారు సమాజం విభజించబడుతోంది #ఆస్పద.,"[-2.1904115676879883, -2.2058544158935547, -1.975812315940857, -1.649931788444519, -2.977853775024414]"
tel_30a5cfb96e6868acb1703c5b59804ecf,"సోషల్ మీడియాలో రాజకీయ ప్రత్యర్థులపై తప్పుడు సమాచారంతో కూడిన ప్రచారాలు చేయడం, ప్రజాస్వామ్య చర్చను కలుషితం చేస్తోంది",1,0,0,0,0,tel,"[LANG=tel] సోషల్ మీడియాలో రాజకీయ ప్రత్యర్థులపై తప్పుడు సమాచారంతో కూడిన ప్రచారాలు చేయడం, ప్రజాస్వామ్య చర్చను కలుషితం చేస్తోంది","[0.34331214427948, 0.7583256363868713, -0.1722550392150879, 0.028313705697655678, 0.4706151485443115]"
tel_7d019dbb631189872c98b552ad08cff1,ఈరోజుల్లో సాంకేతికత పురోగమించినా మానవత్వం వెనుకబడుతోంది.,0,0,0,0,0,tel,[LANG=tel] ఈరోజుల్లో సాంకేతికత పురోగమించినా మానవత్వం వెనుకబడుతోంది.,"[-0.5005589723587036, 0.04766058549284935, -0.6077744364738464, -0.403730571269989, -0.36072447896003723]"
tel_9a25ca8ed061c1c70c81844f23da5cf7,"డిజిటల్ అక్షరాస్యత లేని వృద్ధులు, ప్రభుత్వ పథకాలు, బ్యాంకింగ్ సేవలు పొందడంలో తీవ్రమైన ఇబ్బందులను ఎదుర్కొంటున్నారు",0,0,0,1,0,tel,"[LANG=tel] డిజిటల్ అక్షరాస్యత లేని వృద్ధులు, ప్రభుత్వ పథకాలు, బ్యాంకింగ్ సేవలు పొందడంలో తీవ్రమైన ఇబ్బందులను ఎదుర్కొంటున్నారు","[0.41713207960128784, 0.11850135773420334, 0.05770348012447357, 0.24303674697875977, 0.4153246581554413]"
tel_00bbbd88494bad856ae0320bce6b6129,"బహిరంగ ప్రదేశాల్లో మహిళలను అసభ్యంగా తాకడం, వారిపై కామెంట్లు చేయడం వంటివి వారి స్వేచ్ఛను హరిస్తున్నాయి",0,0,0,1,0,tel,"[LANG=tel] బహిరంగ ప్రదేశాల్లో మహిళలను అసభ్యంగా తాకడం, వారిపై కామెంట్లు చేయడం వంటివి వారి స్వేచ్ఛను హరిస్తున్నాయి","[-0.03924007713794708, 0.10353357344865799, -0.16073818504810333, 0.08722278475761414, 0.374821275472641]"
tel_339a10437756c94881278e8fcb64240e,నేతలు మౌలిక సదుపాయాలు లేకపోతున్నాయి.,0,0,0,0,0,tel,[LANG=tel] నేతలు మౌలిక సదుపాయాలు లేకపోతున్నాయి.,"[0.2954641580581665, 0.06660556048154831, -0.09348277747631073, 0.2873678505420685, -0.038430631160736084]"
tel_915d576597ec684768640aafd26a9f83,"పేదరికం, నిరక్షరాస్యత ఉన్న ప్రాంతాలలో, ప్రజలు తమ ఓటు హక్కును డబ్బు కోసం అమ్ముకోవాల్సి రావడం ప్రజాస్వామ్య వైఫల్యం",0,1,0,1,0,tel,"[LANG=tel] పేదరికం, నిరక్షరాస్యత ఉన్న ప్రాంతాలలో, ప్రజలు తమ ఓటు హక్కును డబ్బు కోసం అమ్ముకోవాల్సి రావడం ప్రజాస్వామ్య వైఫల్యం","[1.202170968055725, -0.23945856094360352, -0.560626208782196, -0.6159230470657349, 0.027064712718129158]"
tel_6c6a67520975a42c55877b3858fb1a55,"మోడెల్స్ ఫ్యాషన్ షోలో తమ ప్రతిభను, ప్రత్యేక దుస్తులు, సరైన వేషధారణ ద్వారా ప్రేక్షకులకు చూపిస్తారు",0,0,0,0,0,tel,"[LANG=tel] మోడెల్స్ ఫ్యాషన్ షోలో తమ ప్రతిభను, ప్రత్యేక దుస్తులు, సరైన వేషధారణ ద్వారా ప్రేక్షకులకు చూపిస్తారు","[-4.182713031768799, -4.173828125, -3.8792481422424316, -3.898350715637207, -4.733731746673584]"
tel_86abb7622eb790100dce7c06e0668bc1,నాసా చేపడుతున్న అంతరిక్ష పరిశోధనలు మానవ జాతికి విశ్వం గురించి కొత్త జ్ఞానం మరియు సాంకేతికతను అందిస్తున్నాయి,0,0,0,0,0,tel,[LANG=tel] నాసా చేపడుతున్న అంతరిక్ష పరిశోధనలు మానవ జాతికి విశ్వం గురించి కొత్త జ్ఞానం మరియు సాంకేతికతను అందిస్తున్నాయి,"[0.657611608505249, 0.03894118219614029, 0.09894167631864548, -0.41298907995224, 0.9867833256721497]"
tel_959d40492266041fa80a107fde93b337,"ప్రభుత్వ విధానాలను విమర్శించే వారి గొంతును నొక్కడానికి, పాలకులు సెన్సార్‌షిప్‌ను, కఠిన చట్టాలను ఆయుధాలుగా వాడుతున్నారు",1,0,0,0,0,tel,"[LANG=tel] ప్రభుత్వ విధానాలను విమర్శించే వారి గొంతును నొక్కడానికి, పాలకులు సెన్సార్‌షిప్‌ను, కఠిన చట్టాలను ఆయుధాలుగా వాడుతున్నారు","[-0.0004260227724444121, -0.44860005378723145, -0.7425589561462402, -0.5929814577102661, 0.4489208161830902]"
tel_1d22740ee6427ca47919841440cd33ed,నాయకులు దర్యాప్తు చేయాల్సిన అంశాలు పక్కన వేస్తున్నారు వాగ్దానాలు నిజం కావు.,0,0,0,0,0,tel,[LANG=tel] నాయకులు దర్యాప్తు చేయాల్సిన అంశాలు పక్కన వేస్తున్నారు వాగ్దానాలు నిజం కావు.,"[-3.3443048000335693, -4.164758205413818, -3.861995220184326, -3.9186272621154785, -4.8627028465271]"
tel_fbc890027dd5333eaa2155841d45fdd7,"డీప్‌ఫేక్ టెక్నాలజీని ఉపయోగించి మహిళల, రాజకీయ నాయకుల ప్రతిష్టను దెబ్బతీయడానికి, తప్పుడు సమాచారాన్ని వ్యాప్తి చేయడానికి ఉపయోగిస్తున్నారు",1,1,0,0,1,tel,"[LANG=tel] డీప్‌ఫేక్ టెక్నాలజీని ఉపయోగించి మహిళల, రాజకీయ నాయకుల ప్రతిష్టను దెబ్బతీయడానికి, తప్పుడు సమాచారాన్ని వ్యాప్తి చేయడానికి ఉపయోగిస్తున్నారు","[0.2618313431739807, 0.7540218234062195, -0.26692304015159607, -0.24248264729976654, 0.6297799348831177]"
tel_07c79cd17e663e1ec06e619eb16fac28,"వికలాంగులైన శరణార్థులు, సరిహద్దులు దాటేటప్పుడు, శిబిరాలలో తీవ్రమైన కష్టాలను, వివక్షను ఎదుర్కొంటారు",0,1,0,0,1,tel,"[LANG=tel] వికలాంగులైన శరణార్థులు, సరిహద్దులు దాటేటప్పుడు, శిబిరాలలో తీవ్రమైన కష్టాలను, వివక్షను ఎదుర్కొంటారు","[0.2696768343448639, 0.05808129161596298, 0.05205462872982025, 0.1794242113828659, 0.39006343483924866]"
tel_863d47046a2bced730579a70e2562c09,"గూగుల్, ఆపిల్ వంటి కంపెనీలు కేవలం వైవిధ్యం చూపించడం కోసం  మైనారిటీలను నియమించుకుంటున్నాయే తప్ప, నిజమైన చేరికకు ప్రాధాన్యత ఇవ్వడం లేదు",1,0,0,0,0,tel,"[LANG=tel] గూగుల్, ఆపిల్ వంటి కంపెనీలు కేవలం వైవిధ్యం చూపించడం కోసం  మైనారిటీలను నియమించుకుంటున్నాయే తప్ప, నిజమైన చేరికకు ప్రాధాన్యత ఇవ్వడం లేదు","[-0.4224637746810913, 0.37293121218681335, -0.8922464847564697, 0.34065937995910645, 1.1469887495040894]"
tel_4c9a832e5c7f62cdb5990ec07f6fb8c6,"ప్రభుత్వ పాఠశాలల్లో నాణ్యమైన విద్య లేకపోవడం, ధనిక, పేద విద్యార్థుల మధ్య అంతరాన్ని మరింత పెంచుతోంది",0,0,0,1,1,tel,"[LANG=tel] ప్రభుత్వ పాఠశాలల్లో నాణ్యమైన విద్య లేకపోవడం, ధనిక, పేద విద్యార్థుల మధ్య అంతరాన్ని మరింత పెంచుతోంది","[0.41541051864624023, 0.25507670640945435, 0.09869786351919174, 0.034432992339134216, 0.7579824924468994]"
tel_1f088c547e31335ef11fe61c0035dc76,"తన రాజకీయ అధికారాన్ని ఉపయోగించి, ఒక నాయకుడు తన కుటుంబ సభ్యుల వ్యాపారాలకు అక్రమంగా లాభం చేకూర్చుతున్నాడు",0,1,0,0,1,tel,"[LANG=tel] తన రాజకీయ అధికారాన్ని ఉపయోగించి, ఒక నాయకుడు తన కుటుంబ సభ్యుల వ్యాపారాలకు అక్రమంగా లాభం చేకూర్చుతున్నాడు","[0.9972204566001892, 0.3823155462741852, -0.11732977628707886, 0.1539396345615387, 0.41960668563842773]"
tel_b85daf98354b4d559f2c0d2bb1a54461,నిల్వ అణచివేసారు ప్రజల సమస్యలను పట్టించుకోరు.,0,0,0,0,0,tel,[LANG=tel] నిల్వ అణచివేసారు ప్రజల సమస్యలను పట్టించుకోరు.,"[-2.962394952774048, -2.4932215213775635, -2.7992730140686035, -2.5151288509368896, -2.614561080932617]"
tel_66c19b73e47060270a62c43dade0d622,ప్రజాస్వామ్య విలువలు దెబ్బతినేస్తున్నాయి #బాధ.,0,0,0,0,0,tel,[LANG=tel] ప్రజాస్వామ్య విలువలు దెబ్బతినేస్తున్నాయి #బాధ.,"[-4.016519069671631, -3.1927738189697266, -3.1429998874664307, -3.105818510055542, -3.38740873336792]"
tel_fc39f9884fc02038dc5c9a0ba51f4f7c,ఇంజినీరింగ్ లో సాఫ్ట్‌వేర్ డెవలప్‌మెంట్ ప్రాజెక్టులు విద్యార్థుల కోసం సృజనాత్మక సాధనలుగా ఉంటాయి,0,0,0,0,0,tel,[LANG=tel] ఇంజినీరింగ్ లో సాఫ్ట్‌వేర్ డెవలప్‌మెంట్ ప్రాజెక్టులు విద్యార్థుల కోసం సృజనాత్మక సాధనలుగా ఉంటాయి,"[-4.009628772735596, -4.20781135559082, -3.6039934158325195, -4.395462512969971, -4.6565656661987305]"
tel_f70814fe59d96cf109195b4ca436801b,"ట్రాన్స్‌జెండర్ వ్యక్తులపై జరిగే హింసను, దాడులను పోలీసులు తరచుగా తీవ్రంగా పరిగణించడం లేదు",1,0,0,0,0,tel,"[LANG=tel] ట్రాన్స్‌జెండర్ వ్యక్తులపై జరిగే హింసను, దాడులను పోలీసులు తరచుగా తీవ్రంగా పరిగణించడం లేదు","[0.3923916816711426, 0.1133447140455246, 0.1539575606584549, 0.13662852346897125, 0.07774701714515686]"
tel_8b8409b9ccf762830012b7f0fd883171,"ప్రపంచీకరణ వల్ల సంపద కొద్దిమంది చేతుల్లో కేంద్రీకృతమై, ధనిక, పేద దేశాల మధ్య ఆర్థిక అసమానతలు మరింత తీవ్రమవుతున్నాయి",0,0,0,0,1,tel,"[LANG=tel] ప్రపంచీకరణ వల్ల సంపద కొద్దిమంది చేతుల్లో కేంద్రీకృతమై, ధనిక, పేద దేశాల మధ్య ఆర్థిక అసమానతలు మరింత తీవ్రమవుతున్నాయి","[0.03847799450159073, -0.04801598936319351, -0.26743239164352417, 0.18960615992546082, 0.34031790494918823]"
tel_99a16bdfd040402bb0a20de2140c4904,"కేవలం మతం లేదా జాతి కారణంగా, కొందరికి ఇళ్లను అద్దెకు ఇవ్వడానికి నిరాకరించడం నగరాలలో కూడా కొనసాగుతోంది",0,1,1,0,0,tel,"[LANG=tel] కేవలం మతం లేదా జాతి కారణంగా, కొందరికి ఇళ్లను అద్దెకు ఇవ్వడానికి నిరాకరించడం నగరాలలో కూడా కొనసాగుతోంది","[-0.2336762249469757, 1.0105946063995361, -0.23625585436820984, -0.5549615025520325, 0.11990559846162796]"
tel_6845bb28e2f115a5876573aa785a72df,"నాణ్యమైన విద్య, వైద్యం వంటివి ఇప్పుడు సేవలు కాకుండా, కేవలం డబ్బున్న వారికి మాత్రమే అందుబాటులో ఉండే వ్యాపారాలుగా మారాయి",1,0,0,0,1,tel,"[LANG=tel] నాణ్యమైన విద్య, వైద్యం వంటివి ఇప్పుడు సేవలు కాకుండా, కేవలం డబ్బున్న వారికి మాత్రమే అందుబాటులో ఉండే వ్యాపారాలుగా మారాయి","[-1.6448315382003784, -3.60174298286438, -2.467960834503174, -3.310617685317993, -0.28918492794036865]"
tel_78ac65b02c1688e451366a08e7c88cb4,ఆన్‌లైన్ షాపింగ్‌లో సమీక్షలు వినియోగదారుల నిర్ణయాలను ప్రభావితం చేస్తాయి,0,0,0,0,0,tel,[LANG=tel] ఆన్‌లైన్ షాపింగ్‌లో సమీక్షలు వినియోగదారుల నిర్ణయాలను ప్రభావితం చేస్తాయి,"[-2.6926307678222656, -3.7114415168762207, -2.765854597091675, -4.634469032287598, -3.4759767055511475]"
tel_9d3a7dbe1e7bce78772fb6afdb21dd72,దర్యాప్తు చేయాల్సిన అంశాలు పక్కన వేస్తున్నారు #పర్యావరణం.,0,0,0,0,0,tel,[LANG=tel] దర్యాప్తు చేయాల్సిన అంశాలు పక్కన వేస్తున్నారు #పర్యావరణం.,"[-4.657195568084717, -3.4675142765045166, -3.8225555419921875, -3.784996271133423, -4.751106262207031]"
tel_05457767d470d881e948e38fdb7e1830,"మైనారిటీ వర్గాల మహిళలు నాయకత్వ పదవులకు పోటీ పడినప్పుడు, వారు తమ లింగం, జాతి రెండింటి కారణంగా అదనపు అవరోధాలను ఎదుర్కొంటారు",0,1,0,1,0,tel,"[LANG=tel] మైనారిటీ వర్గాల మహిళలు నాయకత్వ పదవులకు పోటీ పడినప్పుడు, వారు తమ లింగం, జాతి రెండింటి కారణంగా అదనపు అవరోధాలను ఎదుర్కొంటారు","[0.38888874650001526, 0.1894422173500061, -0.3034406006336212, -0.09240739792585373, 0.2752244770526886]"
tel_c395b1f5b394ce85733918ea75e05bf9,"రాజకీయ నాయకులు తమ అధికారాన్ని కాపాడుకోవడానికి, ప్రజల మధ్య కుల, మత విభేదాలను రెచ్చగొడుతూ, సమాజాన్ని విడదీస్తున్నారు",0,1,0,0,1,tel,"[LANG=tel] రాజకీయ నాయకులు తమ అధికారాన్ని కాపాడుకోవడానికి, ప్రజల మధ్య కుల, మత విభేదాలను రెచ్చగొడుతూ, సమాజాన్ని విడదీస్తున్నారు","[0.25058674812316895, 0.7591466307640076, -0.2147100567817688, 0.13171130418777466, 0.2504073679447174]"
tel_308a4aee89b83004c9e971811acf4050,ఇంజినీరింగ్ ప్రాజెక్ట్‌లు సాంకేతిక పరిజ్ఞానాన్ని అభివృద్ధి చేస్తాయి,0,0,0,0,0,tel,[LANG=tel] ఇంజినీరింగ్ ప్రాజెక్ట్‌లు సాంకేతిక పరిజ్ఞానాన్ని అభివృద్ధి చేస్తాయి,"[-3.6765859127044678, -4.310320854187012, -3.1402695178985596, -4.5089945793151855, -3.909101724624634]"
tel_1b33764377a816054b484964873fbb0b,ఎన్నికల సమయంలో ప్రజాస్వామ్య విలువలు దెబ్బతినేస్తున్నాయి.,0,0,0,0,0,tel,[LANG=tel] ఎన్నికల సమయంలో ప్రజాస్వామ్య విలువలు దెబ్బతినేస్తున్నాయి.,"[-1.2572704553604126, -1.6168460845947266, -1.7054888010025024, -1.1106922626495361, -1.3422869443893433]"
tel_ab9da12e9611fe4b8bc3cc73116e462a,"వయసు పైబడిన వారికి వైద్య బీమా ప్రీమియంలు అధికంగా ఉండటం, వారి పట్ల ఆరోగ్య రంగంలో ఉన్న వివక్షను చూపుతుంది",0,0,0,0,1,tel,"[LANG=tel] వయసు పైబడిన వారికి వైద్య బీమా ప్రీమియంలు అధికంగా ఉండటం, వారి పట్ల ఆరోగ్య రంగంలో ఉన్న వివక్షను చూపుతుంది","[0.6659690737724304, 0.1847100555896759, -0.2669067084789276, 0.00533338775858283, 0.4821901023387909]"
tel_2ea8396380b39c7195762d3aa1ac6483,గ్లోబల్ మార్కెట్లలో మరియు భారతదేశంలో మహిళలు మరియు మైనారిటీలను ఉద్యోగాల్లో సమానంగా ప్రాధాన్యం ఇవ్వడం లేదు,0,0,0,1,0,tel,[LANG=tel] గ్లోబల్ మార్కెట్లలో మరియు భారతదేశంలో మహిళలు మరియు మైనారిటీలను ఉద్యోగాల్లో సమానంగా ప్రాధాన్యం ఇవ్వడం లేదు,"[0.431389182806015, -0.01704140566289425, 0.10520303249359131, -0.08556707948446274, 0.5828644037246704]"
tel_e856b00c3dcbdf5d3f30cc1974e74e05,"అభివృద్ధి చెందుతున్న దేశాలలో పేదరికం కారణంగా చాలా మంది పిల్లలు చదువును మధ్యలోనే ఆపివేసి, ఉద్యోగాలలో చేరాల్సి వస్తుంది",0,0,0,0,0,tel,"[LANG=tel] అభివృద్ధి చెందుతున్న దేశాలలో పేదరికం కారణంగా చాలా మంది పిల్లలు చదువును మధ్యలోనే ఆపివేసి, ఉద్యోగాలలో చేరాల్సి వస్తుంది","[-1.16197669506073, -1.926487922668457, -1.2621774673461914, 0.33071771264076233, 0.34784552454948425]"
tel_dd5c24770f67abaf78c273bb164c8271,ఆర్థిక వ్యవస్థ సృష్టించే అసమానతలు పర్యావరణాన్ని పక్కన వేస్తున్నారు #ఆస్పద.,0,0,0,0,0,tel,[LANG=tel] ఆర్థిక వ్యవస్థ సృష్టించే అసమానతలు పర్యావరణాన్ని పక్కన వేస్తున్నారు #ఆస్పద.,"[-3.197446346282959, -3.2351176738739014, -2.931281805038452, -2.602057933807373, -3.054373025894165]"
tel_ccfa507cb8a0bbf50dd2815350ba5407,"పెంపుడు కుక్కలు మరియు పిల్లులు తమ యజమానుల భావోద్వేగాలను అర్థం చేసుకోగలవని, ఇది వాటి మధ్య బంధాన్ని బలపరుస్తుందని పరిశోధనలు చెబుతున్నాయి",0,0,0,0,0,tel,"[LANG=tel] పెంపుడు కుక్కలు మరియు పిల్లులు తమ యజమానుల భావోద్వేగాలను అర్థం చేసుకోగలవని, ఇది వాటి మధ్య బంధాన్ని బలపరుస్తుందని పరిశోధనలు చెబుతున్నాయి","[-4.42421817779541, -4.014576435089111, -4.141107559204102, -4.364801406860352, -4.233311176300049]"
tel_d48eb355a3c860254c8e3f55f0223232,"పత్రికా స్వేచ్ఛను హరిస్తూ, ప్రభుత్వానికి వ్యతిరేకంగా వార్తలు రాసే జర్నలిస్టులను జైళ్లలో పెడుతున్నారు",0,1,0,0,0,tel,"[LANG=tel] పత్రికా స్వేచ్ఛను హరిస్తూ, ప్రభుత్వానికి వ్యతిరేకంగా వార్తలు రాసే జర్నలిస్టులను జైళ్లలో పెడుతున్నారు","[0.6038524508476257, 0.013883369974792004, -0.3715217113494873, -0.6187366843223572, 0.574398398399353]"
tel_b6680a70130345db3b056bc08dff356f,నిన్న ఆర్థిక వ్యవస్థ సృష్టించే అసమానతలు బదులుగా నిరసన చేపట్టిన వారి పట్ల చర్యలు తీస్తున్నారు #సమాజం.,0,0,0,0,0,tel,[LANG=tel] నిన్న ఆర్థిక వ్యవస్థ సృష్టించే అసమానతలు బదులుగా నిరసన చేపట్టిన వారి పట్ల చర్యలు తీస్తున్నారు #సమాజం.,"[-3.6955454349517822, -3.5726816654205322, -3.8474693298339844, -3.366002082824707, -4.367758750915527]"
tel_3ec146c6ff89366ea8f9b49b8433bb44,యోగ సాధన చేయడం వలన శారీరక మరియు మానసిక ఆరోగ్యం మెరుగుపడి ఒత్తిడి తగ్గుతుంది,0,0,0,0,0,tel,[LANG=tel] యోగ సాధన చేయడం వలన శారీరక మరియు మానసిక ఆరోగ్యం మెరుగుపడి ఒత్తిడి తగ్గుతుంది,"[-0.4390808939933777, -0.9345023036003113, -0.5740756988525391, -0.8362654447555542, -0.05304320156574249]"
tel_05d6dc947d0e572fb4c89e745b6a55b8,"రాజకీయ నాయకులు ఎన్నికల ముందు మాత్రమే ప్రజల వద్దకు వచ్చి, గెలిచిన తర్వాత వారి సమస్యలను పూర్తిగా మర్చిపోతారు",0,1,0,0,0,tel,"[LANG=tel] రాజకీయ నాయకులు ఎన్నికల ముందు మాత్రమే ప్రజల వద్దకు వచ్చి, గెలిచిన తర్వాత వారి సమస్యలను పూర్తిగా మర్చిపోతారు","[1.9443178176879883, -0.9103625416755676, -0.8194632530212402, -1.0790362358093262, 0.06147167831659317]"
tel_0aaf0bc39becc925c38f14eba097ea99,నిల్వ అణచివేసారు బదులుగా నిరసన చేపట్టిన వారి పట్ల చర్యలు తీస్తున్నారు.,0,0,0,0,0,tel,[LANG=tel] నిల్వ అణచివేసారు బదులుగా నిరసన చేపట్టిన వారి పట్ల చర్యలు తీస్తున్నారు.,"[-0.44885310530662537, -1.4378314018249512, -1.008413314819336, -1.2305395603179932, -1.7771624326705933]"
tel_5532c02b54a0b3700fa9438a9f40871e,"వెనిజులాలో, రాజకీయ అసమర్థత, అవినీతి కారణంగా ఏర్పడిన హైపర్‌ఇన్‌ఫ్లేషన్, దేశ ఆర్థిక వ్యవస్థను నాశనం చేసి, ప్రజలను నిరుపేదలుగా మార్చింది",1,0,0,0,1,tel,"[LANG=tel] వెనిజులాలో, రాజకీయ అసమర్థత, అవినీతి కారణంగా ఏర్పడిన హైపర్‌ఇన్‌ఫ్లేషన్, దేశ ఆర్థిక వ్యవస్థను నాశనం చేసి, ప్రజలను నిరుపేదలుగా మార్చింది","[0.6150222420692444, 0.5564828515052795, 0.11075452715158463, 0.3133537769317627, 0.5193681120872498]"
tel_af92e51bd0c05154800b5bcc559ac9e6,ప్రజల మధ్య సామాజిక న్యాయం కేవలం కాగితాలపైనే ఉంది.,0,0,0,0,0,tel,[LANG=tel] ప్రజల మధ్య సామాజిక న్యాయం కేవలం కాగితాలపైనే ఉంది.,"[-3.617046356201172, -4.375499725341797, -3.3939454555511475, -2.8834116458892822, -2.692037582397461]"
tel_23b5a02b30cceafd44915644029273d1,"ప్రపంచ దేశాల మధ్య వాణిజ్యం ఆర్థికాభివృద్ధికి మార్గం అయినప్పటికీ, సమానత లోపం సమస్యల్ని తెస్తుంది",0,0,0,0,0,tel,"[LANG=tel] ప్రపంచ దేశాల మధ్య వాణిజ్యం ఆర్థికాభివృద్ధికి మార్గం అయినప్పటికీ, సమానత లోపం సమస్యల్ని తెస్తుంది","[-4.045040607452393, -3.781043291091919, -2.767397403717041, -2.492913007736206, -2.3906798362731934]"
tel_87f8aad96a2e5281d75ae48bcc7b85de,"టెలివిజన్‌లో ప్రసారమయ్యే 'ప్రాస్పెరిటీ గాస్పెల్' బోధనలు, పేద, అనారోగ్యంతో ఉన్న ప్రజల విశ్వాసాన్ని దోపిడీ చేసి, వారి నుండి ఆర్థికంగా లాభం పొందుతున్నాయి",0,0,0,1,1,tel,"[LANG=tel] టెలివిజన్‌లో ప్రసారమయ్యే 'ప్రాస్పెరిటీ గాస్పెల్' బోధనలు, పేద, అనారోగ్యంతో ఉన్న ప్రజల విశ్వాసాన్ని దోపిడీ చేసి, వారి నుండి ఆర్థికంగా లాభం పొందుతున్నాయి","[-0.7316960692405701, -1.7817423343658447, -1.1069279909133911, -0.6103341579437256, 2.7813353538513184]"
tel_a35b5e1a99fb26392caf0c802e364c0e,ప్రపంచ కప్ క్రికెట్ టోర్నమెంట్ లో పాల్గొనడానికి అన్ని జట్లు సిద్ధమయ్యాయి,1,0,0,0,0,tel,[LANG=tel] ప్రపంచ కప్ క్రికెట్ టోర్నమెంట్ లో పాల్గొనడానికి అన్ని జట్లు సిద్ధమయ్యాయి,"[-3.5795490741729736, -4.791722774505615, -3.119903802871704, -3.715529680252075, -3.8371715545654297]"
tel_4a5e2fd493a7d83e9abf187c11c67ab1,ఆరోగ్యకరమైన జీవనశైలికి మానసిక ప్రశాంతత కూడా సమానంగా అవసరమని నిపుణులు సూచిస్తున్నారు,0,0,0,0,0,tel,[LANG=tel] ఆరోగ్యకరమైన జీవనశైలికి మానసిక ప్రశాంతత కూడా సమానంగా అవసరమని నిపుణులు సూచిస్తున్నారు,"[-2.2447054386138916, -4.284841537475586, -2.5144600868225098, -3.6632707118988037, -2.404665231704712]"
tel_224a0f9266196b771927388ae6608a1e,ఒక రాజకీయ నాయకుడు ప్రభుత్వ కాంట్రాక్టుల కోసం భారీ మొత్తంలో లంచాలు తీసుకుంటూ అడ్డంగా దొరికిపోయాడు,0,0,1,0,0,tel,[LANG=tel] ఒక రాజకీయ నాయకుడు ప్రభుత్వ కాంట్రాక్టుల కోసం భారీ మొత్తంలో లంచాలు తీసుకుంటూ అడ్డంగా దొరికిపోయాడు,"[0.8637758493423462, -0.16193130612373352, -0.49767833948135376, -0.08449478447437286, -0.8488560914993286]"
tel_bd2f442df821aa93eed7c3ec5b4121ea,"ప్రభుత్వ టెండర్లలో జరిగే అవినీతి వల్ల, అర్హత లేని కంపెనీలకు పనులు అప్పగించి ప్రజాధనాన్ని దుర్వినియోగం చేస్తున్నారు",1,0,0,0,0,tel,"[LANG=tel] ప్రభుత్వ టెండర్లలో జరిగే అవినీతి వల్ల, అర్హత లేని కంపెనీలకు పనులు అప్పగించి ప్రజాధనాన్ని దుర్వినియోగం చేస్తున్నారు","[0.39415377378463745, 0.24037346243858337, -0.11963028460741043, -0.06970905512571335, 0.07460514456033707]"
tel_8f457f8192e80c03024b5a7fc103e75b,"బలవంతపు మత మార్పిడులు వ్యక్తిగత స్వేచ్ఛను హరించడమే కాకుండా, సామాజిక ఉద్రిక్తతలకు కూడా కారణమవుతున్నాయి",0,0,1,0,0,tel,"[LANG=tel] బలవంతపు మత మార్పిడులు వ్యక్తిగత స్వేచ్ఛను హరించడమే కాకుండా, సామాజిక ఉద్రిక్తతలకు కూడా కారణమవుతున్నాయి","[0.361438125371933, -0.3200375735759735, 0.2775735557079315, -0.0021657333709299564, 0.39813166856765747]"
tel_1e6c550fc36ab535798bcc2b8d97375e,జర్మనీ తన పునరుత్పాదక ఇంధన వనరులను పెంచుకోవడం ద్వారా శిలాజ ఇంధనాలపై ఆధారపడటాన్ని తగ్గించుకోవాలని లక్ష్యంగా పెట్టుకుంది,0,0,0,0,0,tel,[LANG=tel] జర్మనీ తన పునరుత్పాదక ఇంధన వనరులను పెంచుకోవడం ద్వారా శిలాజ ఇంధనాలపై ఆధారపడటాన్ని తగ్గించుకోవాలని లక్ష్యంగా పెట్టుకుంది,"[-3.5221006870269775, -4.014612674713135, -3.448718309402466, -4.294984817504883, -4.664525032043457]"
tel_037fbe8ebe20135e32b859820673f017,ఎన్నికల సమయంలో ప్రజా సేవ కంటే వ్యక్తిగత ప్రయోజనాలకు ప్రాధాన్యత ఇస్తున్నారు పారదర్శకత లోపించడం బాధాకరం.,0,0,0,0,0,tel,[LANG=tel] ఎన్నికల సమయంలో ప్రజా సేవ కంటే వ్యక్తిగత ప్రయోజనాలకు ప్రాధాన్యత ఇస్తున్నారు పారదర్శకత లోపించడం బాధాకరం.,"[-4.039024829864502, -3.776212692260742, -3.553718090057373, -3.46657395362854, -3.7374114990234375]"
tel_8d7301bb832024fa4d8fe62676bc63cd,బదులుగా నిరసన చేపట్టిన వారి పట్ల చర్యలు తీస్తున్నారు ప్రజా సంక్షేమం మరపైపోయింది.,0,0,0,0,0,tel,[LANG=tel] బదులుగా నిరసన చేపట్టిన వారి పట్ల చర్యలు తీస్తున్నారు ప్రజా సంక్షేమం మరపైపోయింది.,"[-1.6907470226287842, -2.8473734855651855, -2.525728464126587, -1.881919264793396, -3.133556842803955]"
tel_84633a5010844a278ba8c17f212d9329,రాజకీయ రంగంలో మత ఆధారిత రాజకీయాలు విభేదాలు సృష్టిస్తున్నాయి సమాజంలో అసమానతలు ప్రమాదకర స్థాయికి చేరుకున్నాయి.,0,0,0,0,0,tel,[LANG=tel] రాజకీయ రంగంలో మత ఆధారిత రాజకీయాలు విభేదాలు సృష్టిస్తున్నాయి సమాజంలో అసమానతలు ప్రమాదకర స్థాయికి చేరుకున్నాయి.,"[-1.4205050468444824, -1.1062229871749878, -1.0440741777420044, -0.6749996542930603, -1.0487993955612183]"
tel_6e73d705301bf12bfa4e3964c165ab17,"శ్రీలంకలో, అంతర్యుద్ధం ముగిసినప్పటికీ, తమిళ మైనారిటీలు ఇప్పటికీ సైనిక నిఘా, భూమి ఆక్రమణలు, రాజకీయ వివక్షను ఎదుర్కొంటున్నారు",1,0,0,0,0,tel,"[LANG=tel] శ్రీలంకలో, అంతర్యుద్ధం ముగిసినప్పటికీ, తమిళ మైనారిటీలు ఇప్పటికీ సైనిక నిఘా, భూమి ఆక్రమణలు, రాజకీయ వివక్షను ఎదుర్కొంటున్నారు","[0.18842637538909912, 0.7325537800788879, -0.32183223962783813, -0.48849108815193176, 0.8451640605926514]"
tel_77263d2aa50e8698a635ce29b586cea9,అంతరిక్ష పరిశోధనలు మానవ జాతికి విశ్వం గురించి కొత్త విషయాలను తెలియజేస్తాయి,1,0,0,0,0,tel,[LANG=tel] అంతరిక్ష పరిశోధనలు మానవ జాతికి విశ్వం గురించి కొత్త విషయాలను తెలియజేస్తాయి,"[0.5928491353988647, 0.10426594316959381, -0.022451061755418777, -0.1442335993051529, 0.9161099195480347]"
tel_e7e4f7ec4e9c0a9b0712b55eaa5d6f00,"రాజకీయ నాయకులు తమ బంధువులకు, స్నేహితులకు అర్హత లేకపోయినా ప్రభుత్వ పదవులను కట్టబెట్టడం, ప్రతిభావంతులకు అన్యాయం చేస్తుంది",0,0,0,0,1,tel,"[LANG=tel] రాజకీయ నాయకులు తమ బంధువులకు, స్నేహితులకు అర్హత లేకపోయినా ప్రభుత్వ పదవులను కట్టబెట్టడం, ప్రతిభావంతులకు అన్యాయం చేస్తుంది","[1.3564680814743042, -0.34263673424720764, -0.5639547109603882, -0.5711871385574341, -0.28244301676750183]"
tel_9235c5a21b1cc517a9aac7783559851d,ప్రభుత్వ విధానాల వల్ల అవినీతి పెరుగుతూ ప్రజల విశ్వాసం కోల్పోతోంది.,0,0,0,0,0,tel,[LANG=tel] ప్రభుత్వ విధానాల వల్ల అవినీతి పెరుగుతూ ప్రజల విశ్వాసం కోల్పోతోంది.,"[-0.0796835720539093, 0.3503323495388031, -0.47078949213027954, 0.10176455974578857, 0.03882146254181862]"
tel_bee2f103b20ff33c73e5d0b827abb5b7,ప్రజల సమస్యలను పట్టించుకోరు ప్రభుత్వ కార్యక్రమాలు అపారదర్శకంగా ఉన్నాయి.,0,0,0,0,0,tel,[LANG=tel] ప్రజల సమస్యలను పట్టించుకోరు ప్రభుత్వ కార్యక్రమాలు అపారదర్శకంగా ఉన్నాయి.,"[-3.514375925064087, -3.636068820953369, -3.9078142642974854, -3.5739939212799072, -4.134469509124756]"
tel_b1814e49b74be813fcf49668fad3f5fb,నైపుణ్యం కలిగిన నిపుణులు చేతితో నూలును తిప్పడం ద్వారా నాణ్యమైన వస్త్రాలను తయారు చేస్తారు,0,0,0,0,0,tel,[LANG=tel] నైపుణ్యం కలిగిన నిపుణులు చేతితో నూలును తిప్పడం ద్వారా నాణ్యమైన వస్త్రాలను తయారు చేస్తారు,"[-3.7478604316711426, -3.89082407951355, -3.4352009296417236, -3.870608329772949, -4.827633857727051]"
tel_c9b6daa91b18a32807af51bff846eab6,"మహిళల స్వేచ్ఛ గురించి మాట్లాడే వారే, తమ ఇంట్లో భార్య, కూతురు, సోదరిపై కఠినమైన ఆంక్షలు విధిస్తుంటారు",0,0,0,1,0,tel,"[LANG=tel] మహిళల స్వేచ్ఛ గురించి మాట్లాడే వారే, తమ ఇంట్లో భార్య, కూతురు, సోదరిపై కఠినమైన ఆంక్షలు విధిస్తుంటారు","[0.5844793319702148, -1.2247871160507202, -0.8793238401412964, -0.02326907031238079, 0.9436436891555786]"
tel_8e6d6334205e228ac4efe69f07549ac7,"'కలరిజం' అనేది, ఒకే జాతిలో కూడా, ముదురు చర్మపు రంగు ఉన్నవారి పట్ల వివక్ష చూపడం, ఇది ముఖ్యంగా దక్షిణాసియా, ఆఫ్రికన్ సమాజాలలో ప్రబలంగా ఉంది",0,0,0,1,1,tel,"[LANG=tel] 'కలరిజం' అనేది, ఒకే జాతిలో కూడా, ముదురు చర్మపు రంగు ఉన్నవారి పట్ల వివక్ష చూపడం, ఇది ముఖ్యంగా దక్షిణాసియా, ఆఫ్రికన్ సమాజాలలో ప్రబలంగా ఉంది","[-1.823991060256958, 0.5070688724517822, -0.9522777199745178, -1.4731602668762207, -1.5779573917388916]"
tel_17165302e2bbef7cad38ee2ee16533d0,ప్రభుత్వ పథకాల అమలులో పారదర్శకతను పెంచడం ద్వారా ప్రజల విశ్వాసాన్ని మరింతగా పెంపొందించాలని సూచించారు,1,1,0,0,0,tel,[LANG=tel] ప్రభుత్వ పథకాల అమలులో పారదర్శకతను పెంచడం ద్వారా ప్రజల విశ్వాసాన్ని మరింతగా పెంపొందించాలని సూచించారు,"[0.5026512145996094, 0.8690624833106995, -0.11804688721895218, -0.16660739481449127, 0.4167119264602661]"
tel_1babb70935d196a45427c9544e215829,"తక్కువ వేతనానికి పనిచేసే కార్మికులు తమ హక్కుల కోసం పోరాడితే, యజమానులు వారిని ఉద్యోగం నుండి తీసివేస్తామని బెదిరిస్తున్నారు",1,0,1,0,0,tel,"[LANG=tel] తక్కువ వేతనానికి పనిచేసే కార్మికులు తమ హక్కుల కోసం పోరాడితే, యజమానులు వారిని ఉద్యోగం నుండి తీసివేస్తామని బెదిరిస్తున్నారు","[0.03404397889971733, -1.6560181379318237, -0.31930238008499146, -0.39317435026168823, -0.46089181303977966]"
tel_d4f4f70ec89fb7a24fdd68d425c5a5f5,"గ్రీస్‌లో, ఆర్థిక సంక్షోభం తర్వాత అమలు చేసిన కఠినమైన పొదుపు చర్యలు, ప్రజల జీవన ప్రమాణాలను, సామాజిక సేవలను తీవ్రంగా దెబ్బతీశాయి",0,0,0,0,1,tel,"[LANG=tel] గ్రీస్‌లో, ఆర్థిక సంక్షోభం తర్వాత అమలు చేసిన కఠినమైన పొదుపు చర్యలు, ప్రజల జీవన ప్రమాణాలను, సామాజిక సేవలను తీవ్రంగా దెబ్బతీశాయి","[0.5413263440132141, 0.6752994656562805, 0.09134193509817123, 0.14447416365146637, 0.9253487586975098]"
tel_f55648613248f41013315a3b583713df,"పేద విద్యార్థులు ఉన్నత విద్యకు అవసరమైన ఆర్థిక వనరులు లేక, తమ చదువును మధ్యలోనే ఆపేయాల్సి వస్తుంది",0,1,0,1,0,tel,"[LANG=tel] పేద విద్యార్థులు ఉన్నత విద్యకు అవసరమైన ఆర్థిక వనరులు లేక, తమ చదువును మధ్యలోనే ఆపేయాల్సి వస్తుంది","[0.02992715872824192, -0.13563521206378937, -0.19212540984153748, 0.16195499897003174, 0.5679916143417358]"
tel_8844c3454583dcc14d2ee2967fdfdf37,"ఆల్ప్స్ పర్వత శ్రేణులలోని స్కీ రిసార్ట్‌లు, ఐరోపా శీతాకాల పర్యాటకంలో ఒక ముఖ్యమైన పాత్ర పోషిస్తాయి మరియు వేలాది మందికి ఉద్యోగాలను అందిస్తాయి",0,0,0,0,0,tel,"[LANG=tel] ఆల్ప్స్ పర్వత శ్రేణులలోని స్కీ రిసార్ట్‌లు, ఐరోపా శీతాకాల పర్యాటకంలో ఒక ముఖ్యమైన పాత్ర పోషిస్తాయి మరియు వేలాది మందికి ఉద్యోగాలను అందిస్తాయి","[-4.456586837768555, -3.8688976764678955, -3.8992831707000732, -4.096017837524414, -4.497589588165283]"
tel_fac5f18c164a395be0e5cf38e07c1957,ఈ దుస్తుల తయారీలో సహజమైన పదార్థాలను మాత్రమే ఉపయోగించారు,1,0,0,0,0,tel,[LANG=tel] ఈ దుస్తుల తయారీలో సహజమైన పదార్థాలను మాత్రమే ఉపయోగించారు,"[0.4329013228416443, 0.5917745232582092, -0.04523373767733574, 0.3451204299926758, 0.41324952244758606]"
tel_849ff8058e621c252bcf6d4b9d50989e,ఈ అంతరించిపోతున్న జంతువులను రక్షించడం ఒక సవాలుగా మారింది,0,1,0,0,1,tel,[LANG=tel] ఈ అంతరించిపోతున్న జంతువులను రక్షించడం ఒక సవాలుగా మారింది,"[0.5337360501289368, 0.3293026387691498, -0.0010621409164741635, 0.21424347162246704, 0.2997179329395294]"
tel_e963db328c429203f9255b2a1421d8d4,ప్రజల దృష్టిలో ప్రజా సేవ కంటే వ్యక్తిగత ప్రయోజనాలకు ప్రాధాన్యత ఇస్తున్నారు పర్యావరణ పరిరక్షణ కేవలం ప్రచార నినాదంగా మారింది #యువత.,0,0,0,0,0,tel,[LANG=tel] ప్రజల దృష్టిలో ప్రజా సేవ కంటే వ్యక్తిగత ప్రయోజనాలకు ప్రాధాన్యత ఇస్తున్నారు పర్యావరణ పరిరక్షణ కేవలం ప్రచార నినాదంగా మారింది #యువత.,"[-3.231076240539551, -4.516034126281738, -3.803009510040283, -3.9328713417053223, -3.4878573417663574]"
tel_9b07353b7a8d14972ff6a37f53def7bf,వాగ్దానాలు నిజం కావు ప్రజాస్వామ్య విలువలు దెబ్బతినేస్తున్నాయి.,0,0,0,0,0,tel,[LANG=tel] వాగ్దానాలు నిజం కావు ప్రజాస్వామ్య విలువలు దెబ్బతినేస్తున్నాయి.,"[-4.998470306396484, -3.2682602405548096, -3.5485458374023438, -3.6001994609832764, -3.596662998199463]"
tel_afbdd98c972815dc1d62ab83ce05d4c3,రాజకీయ నాయకులు తమ నిర్ణయాలను ప్రజలకు వివరించడానికి మీడియా సమావేశాలు నిర్వహిస్తున్నారు,0,0,0,1,0,tel,[LANG=tel] రాజకీయ నాయకులు తమ నిర్ణయాలను ప్రజలకు వివరించడానికి మీడియా సమావేశాలు నిర్వహిస్తున్నారు,"[0.20060808956623077, 0.09196608513593674, -0.30505892634391785, 0.04585126042366028, 0.6793674230575562]"
tel_0ba034186b007881661e4a8c83300893,ప్రస్తుత కాలంలో ప్రజా ప్రతినిధులు బాధ్యతలు మరిచారు.,0,0,0,0,0,tel,[LANG=tel] ప్రస్తుత కాలంలో ప్రజా ప్రతినిధులు బాధ్యతలు మరిచారు.,"[0.33171263337135315, 0.0691957101225853, -0.46521180868148804, 0.18875333666801453, -0.21434558928012848]"
tel_68573e204c8ed73925b9e242fd38c50d,"ఫ్రీలాన్సర్లు, కళాకారులు వంటి సంప్రదాయేతర కెరీర్ మార్గాలను ఎంచుకున్న వారిని, సమాజం స్థిరత్వం లేనివారిగా, బాధ్యత లేనివారిగా చూస్తుంది",0,1,0,0,1,tel,"[LANG=tel] ఫ్రీలాన్సర్లు, కళాకారులు వంటి సంప్రదాయేతర కెరీర్ మార్గాలను ఎంచుకున్న వారిని, సమాజం స్థిరత్వం లేనివారిగా, బాధ్యత లేనివారిగా చూస్తుంది","[-0.021665526553988457, -0.18991892039775848, -0.6633682250976562, 0.08248806744813919, 0.5040977597236633]"
tel_7e55a78baea81e0876e2cb8f01616679,"సంప్రదాయ లింగ పాత్రలకు కట్టుబడని నాన్-బైనరీ వ్యక్తులను, సమాజం నిరంతరం ఎగతాళి చేస్తూ, వారిని ఒంటరిని చేస్తుంది",1,0,0,0,0,tel,"[LANG=tel] సంప్రదాయ లింగ పాత్రలకు కట్టుబడని నాన్-బైనరీ వ్యక్తులను, సమాజం నిరంతరం ఎగతాళి చేస్తూ, వారిని ఒంటరిని చేస్తుంది","[0.14027039706707, -0.3354812562465668, -0.4373452961444855, 0.7187107801437378, 0.12660999596118927]"
tel_ffe6e3ed3244a6b67144d4551f9ece2a,కొత్త సినిమాల సమీక్షలు వార్తాపత్రికలలో ప్రచురించబడ్డాయి,1,0,0,0,1,tel,[LANG=tel] కొత్త సినిమాల సమీక్షలు వార్తాపత్రికలలో ప్రచురించబడ్డాయి,"[0.22900058329105377, -0.1456831395626068, -0.49204644560813904, -0.02124594710767269, 0.2646286189556122]"
tel_01366d7b100dde929682245856cfe8ef,"పర్యావరణ పరిరక్షణ గురించి ప్రభుత్వాలు, ప్రజలు తీవ్రమైన నిర్లక్ష్యం వహించడం వల్ల, భవిష్యత్ తరాలకు మనం వినాశనాన్ని అందిస్తున్నాము",1,0,0,0,1,tel,"[LANG=tel] పర్యావరణ పరిరక్షణ గురించి ప్రభుత్వాలు, ప్రజలు తీవ్రమైన నిర్లక్ష్యం వహించడం వల్ల, భవిష్యత్ తరాలకు మనం వినాశనాన్ని అందిస్తున్నాము","[0.42624855041503906, 0.2757827043533325, -0.38186854124069214, -0.1421266347169876, 0.9876960515975952]"
tel_20f2f7c7ab4e508be608fc68c0be615d,ఈ పాఠశాల విద్యార్థులకు క్రీడలు మరియు ఇతర కార్యకలాపాలలో పాల్గొనడానికి ప్రోత్సహిస్తుంది,0,0,0,0,1,tel,[LANG=tel] ఈ పాఠశాల విద్యార్థులకు క్రీడలు మరియు ఇతర కార్యకలాపాలలో పాల్గొనడానికి ప్రోత్సహిస్తుంది,"[0.8103596568107605, 0.05510255694389343, 0.2085336297750473, -0.13430456817150116, 0.4857296645641327]"
tel_9267c594f3b9b815644a22f394d60491,దర్యాప్తు చేయాల్సిన అంశాలు పక్కన వేస్తున్నారు ప్రభుత్వ కార్యక్రమాలు అపారదర్శకంగా ఉన్నాయి.,0,0,0,0,0,tel,[LANG=tel] దర్యాప్తు చేయాల్సిన అంశాలు పక్కన వేస్తున్నారు ప్రభుత్వ కార్యక్రమాలు అపారదర్శకంగా ఉన్నాయి.,"[-4.1455512046813965, -3.78024959564209, -3.5054616928100586, -3.6091578006744385, -4.369388580322266]"
tel_295eed3256dd0a7a3f0fed46e57aba1f,నేటి సమాజంలో పర్యావరణ పరిరక్షణ కేవలం ప్రచార నినాదంగా మారింది #యువత.,0,1,0,1,0,tel,[LANG=tel] నేటి సమాజంలో పర్యావరణ పరిరక్షణ కేవలం ప్రచార నినాదంగా మారింది #యువత.,"[-1.0480414628982544, -3.2158474922180176, -2.517291307449341, -1.8711879253387451, -0.28773969411849976]"
tel_21e17de03ef5677a9beee2fefaef6994,ఆర్థిక వ్యవస్థ సృష్టించే అసమానతలు ప్రజాస్వామ్య విలువలు దెబ్బతినేస్తున్నాయి.,0,0,0,0,0,tel,[LANG=tel] ఆర్థిక వ్యవస్థ సృష్టించే అసమానతలు ప్రజాస్వామ్య విలువలు దెబ్బతినేస్తున్నాయి.,"[-1.062255859375, -0.9071148037910461, -0.9700989127159119, -0.44642555713653564, -0.46867573261260986]"
tel_cdb03986ff49cf672442c038e26ab5f0,"ప్రపంచ శాంతి కోసం ఉద్దేశించిన ఐక్యరాజ్యసమితి, కొన్ని పెద్ద దేశాల రాజకీయ చదరంగంలో ఒక పావుగా మారి తన ప్రాముఖ్యతను కోల్పోతోంది",1,0,0,0,1,tel,"[LANG=tel] ప్రపంచ శాంతి కోసం ఉద్దేశించిన ఐక్యరాజ్యసమితి, కొన్ని పెద్ద దేశాల రాజకీయ చదరంగంలో ఒక పావుగా మారి తన ప్రాముఖ్యతను కోల్పోతోంది","[1.4574370384216309, -1.8648451566696167, -0.9913972616195679, -1.4680572748184204, -0.5155979990959167]"
tel_88afb64963574240b3e7b39717bc88a4,"ముఖ గుర్తింపు  టెక్నాలజీతో కూడిన సీసీటీవీ  వ్యవస్థలు, భద్రతను పెంచినప్పటికీ, ప్రభుత్వాలు ప్రజలను నిరంతరం నిఘాలో ఉంచడానికి దారితీస్తాయని ఆందోళనలున్నాయి",0,0,0,0,0,tel,"[LANG=tel] ముఖ గుర్తింపు  టెక్నాలజీతో కూడిన సీసీటీవీ  వ్యవస్థలు, భద్రతను పెంచినప్పటికీ, ప్రభుత్వాలు ప్రజలను నిరంతరం నిఘాలో ఉంచడానికి దారితీస్తాయని ఆందోళనలున్నాయి","[-1.462243676185608, -2.7851126194000244, -1.8926533460617065, -2.962787389755249, -0.39131516218185425]"
tel_71b9185d115befe9e1e58c65772b4cd2,"మానసిక ఆరోగ్య సమస్యలను ఒక వ్యక్తి యొక్క వ్యక్తిగత వైఫల్యంగా చూడటం, సరైన చికిత్స తీసుకోకుండా నిరుత్సాహపరుస్తుంది",0,0,0,1,1,tel,"[LANG=tel] మానసిక ఆరోగ్య సమస్యలను ఒక వ్యక్తి యొక్క వ్యక్తిగత వైఫల్యంగా చూడటం, సరైన చికిత్స తీసుకోకుండా నిరుత్సాహపరుస్తుంది","[-0.4408067464828491, -0.3556406497955322, -0.5103782415390015, -0.9833945035934448, 1.0894711017608643]"
tel_296bb1dbd510b299ed7b49f46e894214,ఆహార వృధా వల్ల పర్యావరణంపై పడే భారాన్ని తగ్గించడం మనందరి సామాజిక బాధ్యత,0,0,0,0,0,tel,[LANG=tel] ఆహార వృధా వల్ల పర్యావరణంపై పడే భారాన్ని తగ్గించడం మనందరి సామాజిక బాధ్యత,"[-1.6485050916671753, -1.8418433666229248, -1.6882506608963013, -1.4792786836624146, -1.561846375465393]"
tel_2aab3e59d6dfab36c423c34bb1515419,"ఈ ప్రాజెక్టును పూర్తి చేయడానికి, ప్రభుత్వం అదనపు నిధులు కేటాయించాలని కోరారు",1,1,0,0,1,tel,"[LANG=tel] ఈ ప్రాజెక్టును పూర్తి చేయడానికి, ప్రభుత్వం అదనపు నిధులు కేటాయించాలని కోరారు","[0.5106439590454102, 0.7925145626068115, -0.021045783534646034, 0.072211854159832, 0.6645829677581787]"
tel_60e705379491db03dec42388caff4b0e,"కొన్ని దేశాలలో, మైనారిటీ మతస్తులు తమ ప్రార్థనా మందిరాలను నిర్మించుకోవడానికి లేదా మరమ్మతులు చేసుకోవడానికి ప్రభుత్వ అనుమతులు పొందడం చాలా కష్టం",0,0,0,0,1,tel,"[LANG=tel] కొన్ని దేశాలలో, మైనారిటీ మతస్తులు తమ ప్రార్థనా మందిరాలను నిర్మించుకోవడానికి లేదా మరమ్మతులు చేసుకోవడానికి ప్రభుత్వ అనుమతులు పొందడం చాలా కష్టం","[-0.24063308537006378, 0.06759961694478989, -0.04603832587599754, -0.264522522687912, 1.2345329523086548]"
tel_25b1ff350a223878a4f1db5c44dc35f8,"కుటుంబాన్ని పోషించాల్సిన పూర్తి బాధ్యత పురుషుడిదే అనే అంచనాల వల్ల, వారు తమ ఇష్టాలకు విరుద్ధంగా అధిక ఒత్తిడితో కూడిన పనులు చేయాల్సి వస్తుంది",0,0,0,1,0,tel,"[LANG=tel] కుటుంబాన్ని పోషించాల్సిన పూర్తి బాధ్యత పురుషుడిదే అనే అంచనాల వల్ల, వారు తమ ఇష్టాలకు విరుద్ధంగా అధిక ఒత్తిడితో కూడిన పనులు చేయాల్సి వస్తుంది","[-2.0477938652038574, -3.896192789077759, -2.1474270820617676, 3.3080759048461914, -2.379345178604126]"
tel_e0635de499fe364240d2b5658eef70d8,ఆరోగ్య రంగంలో వాగ్దానాలు మాటలకే పరిమితమవుతున్నాయి.,0,0,0,0,0,tel,[LANG=tel] ఆరోగ్య రంగంలో వాగ్దానాలు మాటలకే పరిమితమవుతున్నాయి.,"[-3.9313323497772217, -4.7454986572265625, -2.993472099304199, -3.490708351135254, -4.12644624710083]"
tel_ea6a0a14dee67cafc7b27076ff5f1aec,"ట్రాఫిక్ పోలీసుల అవిశ్రాంత సేవలు, నగరాలలో వాహనాల రద్దీని నియంత్రించి, ప్రయాణాన్ని సురక్షితం చేయడానికి దోహదం చేస్తాయి",0,0,0,0,0,tel,"[LANG=tel] ట్రాఫిక్ పోలీసుల అవిశ్రాంత సేవలు, నగరాలలో వాహనాల రద్దీని నియంత్రించి, ప్రయాణాన్ని సురక్షితం చేయడానికి దోహదం చేస్తాయి","[-4.062224388122559, -4.462095737457275, -3.862191915512085, -4.606588840484619, -3.827810287475586]"
tel_9dc8b27f76f056feea6cdd74840ed2b9,ప్రపంచంలోని అన్ని దేశాలలోనూ ఎన్నికల ప్రక్రియ విభిన్నంగా ఉంటుంది,0,0,1,0,1,tel,[LANG=tel] ప్రపంచంలోని అన్ని దేశాలలోనూ ఎన్నికల ప్రక్రియ విభిన్నంగా ఉంటుంది,"[0.3316906690597534, -0.41709229350090027, -0.11690247058868408, 0.08962547034025192, 0.6768312454223633]"
tel_155bc89d684f77bcf6a084102c6584d0,"వివాహ వయసు దాటిన  పురుషుల పట్ల, సమాజం తరచుగా అనుమానంతో, చిన్నచూపుతో వ్యవహరిస్తూ, వారిని మానసికంగా వేధిస్తుంది",1,1,0,0,0,tel,"[LANG=tel] వివాహ వయసు దాటిన  పురుషుల పట్ల, సమాజం తరచుగా అనుమానంతో, చిన్నచూపుతో వ్యవహరిస్తూ, వారిని మానసికంగా వేధిస్తుంది","[-0.003796799574047327, 0.2735649645328522, -0.5153795480728149, 0.15919893980026245, 0.7055374383926392]"
tel_e5a24de422dca6eacaa825a73d546037,"వైద్యులు రోగి యొక్క ప్రాణాలను కాపాడటానికి కొన్నిసార్లు కఠినమైన నిర్ణయాలు తీసుకోవలసి ఉంటుంది, ఇది వారి వృత్తిలో ఒక భాగం",0,0,0,0,0,tel,"[LANG=tel] వైద్యులు రోగి యొక్క ప్రాణాలను కాపాడటానికి కొన్నిసార్లు కఠినమైన నిర్ణయాలు తీసుకోవలసి ఉంటుంది, ఇది వారి వృత్తిలో ఒక భాగం","[-4.343948841094971, -4.460668087005615, -3.360673666000366, -4.3845534324646, -4.224280834197998]"
tel_7d49d75c203d4ed0c06bec0914272c6f,"మయన్మార్‌లో రోహింగ్యాలపై జరిగిన హింస, ఒక జాతిని, మతాన్ని లక్ష్యంగా చేసుకుని సాగించిన క్రూరమైన ప్రక్షాళనకు ఒక ఉదాహరణ",0,0,0,1,1,tel,"[LANG=tel] మయన్మార్‌లో రోహింగ్యాలపై జరిగిన హింస, ఒక జాతిని, మతాన్ని లక్ష్యంగా చేసుకుని సాగించిన క్రూరమైన ప్రక్షాళనకు ఒక ఉదాహరణ","[0.1537986844778061, 1.1685402393341064, 0.08689077943563461, -0.8751643300056458, 0.4293134808540344]"
tel_f996eb9482acd5171bbeb76974043c50,ఒక ప్రఖ్యాత నటుడు తన నటనకు గాను అనేక అంతర్జాతీయ అవార్డులను గెలుచుకున్నాడు,0,0,0,0,0,tel,[LANG=tel] ఒక ప్రఖ్యాత నటుడు తన నటనకు గాను అనేక అంతర్జాతీయ అవార్డులను గెలుచుకున్నాడు,"[-0.17244234681129456, 0.07641349732875824, -0.48779961466789246, 0.4093450605869293, 0.43493735790252686]"
tel_33091647ab88073290196dbe99fb4d2f,"మహిళలు ఆర్థికంగా స్వతంత్రంగా ఉండటాన్ని సహించలేని కొందరు పురుషులు, వారిని మానసికంగా హింసించడం ద్వారా ఆధిపత్యం చెలాయిస్తారు",0,0,0,1,0,tel,"[LANG=tel] మహిళలు ఆర్థికంగా స్వతంత్రంగా ఉండటాన్ని సహించలేని కొందరు పురుషులు, వారిని మానసికంగా హింసించడం ద్వారా ఆధిపత్యం చెలాయిస్తారు","[-1.275262713432312, -2.375248908996582, -1.6257593631744385, 2.1540639400482178, -0.498610258102417]"
tel_0820870ea33d3cebac64890fc5558aee,రాజకీయ రంగంలో రైతుల కష్టాలకు సరైన పరిష్కారం కనిపించడం లేదు మత పేరుతో ప్రజలను మోసం చేస్తున్నారు.,0,0,0,0,0,tel,[LANG=tel] రాజకీయ రంగంలో రైతుల కష్టాలకు సరైన పరిష్కారం కనిపించడం లేదు మత పేరుతో ప్రజలను మోసం చేస్తున్నారు.,"[-3.580103874206543, -3.512403964996338, -2.112247943878174, -3.1826376914978027, -3.534682035446167]"
tel_7f3b74661768d1130a35f75bb88b04f0,సముద్రాలలో కాలుష్యం పెరగడం వలన గ్లోబల్ వార్మింగ్ సమస్య తీవ్రమవుతోందని నిపుణులు హెచ్చరిస్తున్నారు,0,1,0,0,0,tel,[LANG=tel] సముద్రాలలో కాలుష్యం పెరగడం వలన గ్లోబల్ వార్మింగ్ సమస్య తీవ్రమవుతోందని నిపుణులు హెచ్చరిస్తున్నారు,"[-0.156149223446846, -0.24584364891052246, -0.4549058675765991, -0.04309292882680893, -0.10807975381612778]"
tel_ea7299ce50067d418ec4b1b2198d927d,"రాజకీయాలు ఇప్పుడు సిద్ధాంతాల మీద కాకుండా, కేవలం వ్యక్తిగత కక్షలు, ఆర్థిక లావాదేవీల చుట్టూనే తిరుగుతున్నాయి, ఇది ప్రజాస్వామ్యానికి ప్రమాదకరం",1,0,0,0,0,tel,"[LANG=tel] రాజకీయాలు ఇప్పుడు సిద్ధాంతాల మీద కాకుండా, కేవలం వ్యక్తిగత కక్షలు, ఆర్థిక లావాదేవీల చుట్టూనే తిరుగుతున్నాయి, ఇది ప్రజాస్వామ్యానికి ప్రమాదకరం","[0.29528650641441345, -0.3156852424144745, -0.5114911794662476, -1.2547607421875, 0.16752642393112183]"
tel_c51de72999e8d09fdc64924df41cc3c1,శబ్ద కాలుష్యం కారణంగా మానసిక ఒత్తిడి పెరగడానికి కారణం అవుతుంది,1,0,0,0,0,tel,[LANG=tel] శబ్ద కాలుష్యం కారణంగా మానసిక ఒత్తిడి పెరగడానికి కారణం అవుతుంది,"[-0.7424246668815613, -0.25106778740882874, -0.8006680011749268, -0.21920891106128693, 0.5273605585098267]"
tel_aab0964162357bd0c11ddb4a9e64f1ce,"లాటిన్ అమెరికా, కెనడా, ఆస్ట్రేలియా వంటి దేశాలలో ఆదివాసీ ప్రజలు తమ భూమి హక్కుల కోసం, సాంస్కృతిక గుర్తింపు కోసం నిరంతరం పోరాడాల్సి వస్తోంది",0,0,0,0,1,tel,"[LANG=tel] లాటిన్ అమెరికా, కెనడా, ఆస్ట్రేలియా వంటి దేశాలలో ఆదివాసీ ప్రజలు తమ భూమి హక్కుల కోసం, సాంస్కృతిక గుర్తింపు కోసం నిరంతరం పోరాడాల్సి వస్తోంది","[0.3503737449645996, 0.22791080176830292, -0.3397592604160309, -0.009117192588746548, 0.4753531217575073]"
tel_89e055e4de4fb5a6d24c089725a1b1f1,మతాలు ప్రజల వ్యక్తిగత జీవితాలలో శాంతి మరియు మార్గదర్శకత్వాన్ని అందిస్తాయని నమ్ముతారు,0,1,0,0,1,tel,[LANG=tel] మతాలు ప్రజల వ్యక్తిగత జీవితాలలో శాంతి మరియు మార్గదర్శకత్వాన్ని అందిస్తాయని నమ్ముతారు,"[-0.9543532729148865, -1.4394237995147705, -0.3884221315383911, -1.1065306663513184, 0.31616806983947754]"
tel_688372a39ae500b3989312c4d15957d7,ఈ ఆహారం దాని ప్రత్యేకమైన రుచి మరియు సువాసన కోసం ప్రసిద్ధి చెందింది,1,0,0,0,0,tel,[LANG=tel] ఈ ఆహారం దాని ప్రత్యేకమైన రుచి మరియు సువాసన కోసం ప్రసిద్ధి చెందింది,"[0.9330347180366516, 0.22457624971866608, 0.004054327495396137, 0.18958497047424316, 0.39307478070259094]"
tel_d8c70cfe55d0bb7219a426e88267119b,"ఎల్‌జీబీటీక్యూ+ వర్గానికి చెందిన వారిని ఉద్యోగాలలో, పదోన్నతులలో కావాలనే పక్కన పెడుతున్నారని ఆరోపణలు ఉన్నాయి",1,1,0,0,0,tel,"[LANG=tel] ఎల్‌జీబీటీక్యూ+ వర్గానికి చెందిన వారిని ఉద్యోగాలలో, పదోన్నతులలో కావాలనే పక్కన పెడుతున్నారని ఆరోపణలు ఉన్నాయి","[0.41626355051994324, 0.3524339199066162, -0.3043937087059021, 0.2879045605659485, -0.042307980358600616]"
tel_473eb3aa6f8afbb2c46abb00d5624d82,"మైనారిటీ మహిళలు ఎదుర్కొనే వేధింపుల గురించి మాట్లాడినప్పుడు, వారి మాటలను తేలికగా కొట్టిపారేయడం జరుగుతుంది",1,1,0,0,0,tel,"[LANG=tel] మైనారిటీ మహిళలు ఎదుర్కొనే వేధింపుల గురించి మాట్లాడినప్పుడు, వారి మాటలను తేలికగా కొట్టిపారేయడం జరుగుతుంది","[0.20717130601406097, 0.24939823150634766, -0.23400753736495972, 0.1590406596660614, 0.45605194568634033]"
tel_a741b1ed495c155e8b99fda99ea11eb2,సమాజం విభజించబడుతోంది స్వచ్ఛంద సేవలు తగ్గాయి #ఆస్పద.,0,0,0,0,1,tel,[LANG=tel] సమాజం విభజించబడుతోంది స్వచ్ఛంద సేవలు తగ్గాయి #ఆస్పద.,"[-3.7514917850494385, -3.080251455307007, -3.03511118888855, -3.231329917907715, -3.596848964691162]"
tel_ed34e0ae8149fcab8c7558a14c328920,"భవిష్యత్ లో ఏర్పడే సమస్యలను నివారించడానికి, ముందస్తు జాగ్రత్త చర్యలు తీసుకోవడం అవసరం అని సూచించారు",1,0,0,0,0,tel,"[LANG=tel] భవిష్యత్ లో ఏర్పడే సమస్యలను నివారించడానికి, ముందస్తు జాగ్రత్త చర్యలు తీసుకోవడం అవసరం అని సూచించారు","[0.6552449464797974, 0.6347480416297913, -0.16805019974708557, 0.024627378210425377, 0.7515817284584045]"
tel_7a89dca382391d1eecc9ee109608d5d2,"పురుషులు తమ కెరీర్‌కు ప్రాధాన్యత ఇస్తే నాయకుడని, అదే మహిళ ఇస్తే స్వార్థపరురాలని సమాజం విమర్శిస్తుంది",0,0,0,1,0,tel,"[LANG=tel] పురుషులు తమ కెరీర్‌కు ప్రాధాన్యత ఇస్తే నాయకుడని, అదే మహిళ ఇస్తే స్వార్థపరురాలని సమాజం విమర్శిస్తుంది","[-1.1124876737594604, -2.805360794067383, -1.6299623250961304, 2.1313211917877197, -1.5652310848236084]"
tel_5e9eb43d6126ef0c5237cec586c9220f,పేదల సమస్యలను వాగ్దానాలు మాటలకే పరిమితమవుతున్నాయి మత ఆధారిత రాజకీయాలు విభేదాలు సృష్టిస్తున్నాయి.,0,0,0,0,0,tel,[LANG=tel] పేదల సమస్యలను వాగ్దానాలు మాటలకే పరిమితమవుతున్నాయి మత ఆధారిత రాజకీయాలు విభేదాలు సృష్టిస్తున్నాయి.,"[-3.6138484477996826, -3.109672784805298, -2.0197196006774902, -2.631115674972534, -2.728911876678467]"
tel_2dca15f0342140852d3233c409c23567,సమాజం విభజించబడుతోంది విద్యా నాణ్యత తగ్గిపోతోందని.,0,0,0,0,0,tel,[LANG=tel] సమాజం విభజించబడుతోంది విద్యా నాణ్యత తగ్గిపోతోందని.,"[-0.1695154458284378, -0.831630289554596, -0.6125876903533936, -0.43565624952316284, -0.7470371723175049]"
tel_b2d308ba504df2bfd754f0490f1dfa72,"భారతదేశంలో చిన్నవయసు వివాహాలు, ఆఫ్రికా మరియు మధ్యప్రాచ్యంలో టీన్ వివాహాలు, మహిళల విద్య మరియు హక్కులను నిరోధిస్తున్నాయి",1,0,1,0,0,tel,"[LANG=tel] భారతదేశంలో చిన్నవయసు వివాహాలు, ఆఫ్రికా మరియు మధ్యప్రాచ్యంలో టీన్ వివాహాలు, మహిళల విద్య మరియు హక్కులను నిరోధిస్తున్నాయి","[0.7597797513008118, 0.6527636051177979, 0.38933438062667847, 0.606437623500824, 0.798528790473938]"
tel_b6928ae2f40b688f239b7b6293844046,ఉద్యోగ ఇంటర్వ్యూలో అభ్యర్థి యొక్క కమ్యూనికేషన్ స్కిల్స్ మరియు సాంకేతిక పరిజ్ఞానం రెండింటినీ పరీక్షిస్తారు,0,0,0,0,0,tel,[LANG=tel] ఉద్యోగ ఇంటర్వ్యూలో అభ్యర్థి యొక్క కమ్యూనికేషన్ స్కిల్స్ మరియు సాంకేతిక పరిజ్ఞానం రెండింటినీ పరీక్షిస్తారు,"[-3.6724109649658203, -4.063604354858398, -3.7499632835388184, -4.520429611206055, -4.9898858070373535]"
tel_838256ff6c8d52351973078cea0c66ff,"మత పెద్దలు తమ ప్రసంగాలలో ఇతర మతాల పట్ల ద్వేషాన్ని నూరిపోస్తూ, యువతను తప్పుదోవ పట్టిస్తున్నారు",0,1,0,0,0,tel,"[LANG=tel] మత పెద్దలు తమ ప్రసంగాలలో ఇతర మతాల పట్ల ద్వేషాన్ని నూరిపోస్తూ, యువతను తప్పుదోవ పట్టిస్తున్నారు","[0.3276345729827881, 0.4246726930141449, -0.21172980964183807, 0.027600878849625587, 0.14495517313480377]"
tel_9d14e60681e1f6471d3020359f1fefe5,ఈ వస్త్రాలను నేయడానికి ఒక ప్రత్యేకమైన సాంకేతికత ఉపయోగించబడుతుంది,0,0,0,0,0,tel,[LANG=tel] ఈ వస్త్రాలను నేయడానికి ఒక ప్రత్యేకమైన సాంకేతికత ఉపయోగించబడుతుంది,"[0.42068055272102356, 0.743770182132721, -0.08541873842477798, 0.4649178385734558, 0.6695147752761841]"
tel_c592b45c522fd790a77c3bd5fc76e56c,"పురుషులు తమ మానసిక ఆరోగ్య సమస్యల గురించి మాట్లాడితే బలహీనులుగా చూస్తారనే సామాజిక ఒత్తిడి, వారిలో ఆత్మహత్యల రేటు పెరగడానికి ఒక కారణం",0,1,0,0,1,tel,"[LANG=tel] పురుషులు తమ మానసిక ఆరోగ్య సమస్యల గురించి మాట్లాడితే బలహీనులుగా చూస్తారనే సామాజిక ఒత్తిడి, వారిలో ఆత్మహత్యల రేటు పెరగడానికి ఒక కారణం","[0.1480451077222824, -0.7722933292388916, -1.0751802921295166, 0.6472315788269043, 0.3237905204296112]"
tel_5cb4710209bc6064256e5a6b4a4dc142,"మానవ హక్కుల కార్యకర్తలను, జర్నలిస్టులను ప్రభుత్వాలు లక్ష్యంగా చేసుకుని, వారిని జైళ్లలో నిర్బంధిస్తున్నాయి",1,0,0,0,0,tel,"[LANG=tel] మానవ హక్కుల కార్యకర్తలను, జర్నలిస్టులను ప్రభుత్వాలు లక్ష్యంగా చేసుకుని, వారిని జైళ్లలో నిర్బంధిస్తున్నాయి","[0.7272784113883972, -0.10425371676683426, -0.20791910588741302, -0.5542081594467163, 0.5202234387397766]"
tel_78cf415108bebd7442c98901ef254408,"శరణార్థులు, ఆశ్రయం కోరిన వారిని దేశానికి భారంగా చూస్తూ, వారి పట్ల వివక్ష చూపించడం మానవతావాదానికి విరుద్ధం",0,1,0,0,0,tel,"[LANG=tel] శరణార్థులు, ఆశ్రయం కోరిన వారిని దేశానికి భారంగా చూస్తూ, వారి పట్ల వివక్ష చూపించడం మానవతావాదానికి విరుద్ధం","[0.11915100365877151, -0.19318045675754547, -0.8105174899101257, -0.17271652817726135, -0.46888741850852966]"
tel_b3e41db15ebd9c3a2663fc6f7ce414f4,"రాజకీయ నాయకులు తమ అధికారాన్ని కాపాడుకోవడానికి, న్యాయవ్యవస్థ, ఎన్నికల కమిషన్ వంటి స్వతంత్ర సంస్థలను నిర్వీర్యం చేస్తున్నారు",1,0,0,0,1,tel,"[LANG=tel] రాజకీయ నాయకులు తమ అధికారాన్ని కాపాడుకోవడానికి, న్యాయవ్యవస్థ, ఎన్నికల కమిషన్ వంటి స్వతంత్ర సంస్థలను నిర్వీర్యం చేస్తున్నారు","[1.4958038330078125, 0.02002398483455181, -0.02177533134818077, -0.4858606457710266, 0.023114295676350594]"
tel_d79dfa4760df2c82bd1b87ee496b1567,కళ్ళు సరిగ్గా కనిపించని వారు అద్దాలు ధరించడం వలన స్పష్టంగా చూడగలరు,1,0,0,0,1,tel,[LANG=tel] కళ్ళు సరిగ్గా కనిపించని వారు అద్దాలు ధరించడం వలన స్పష్టంగా చూడగలరు,"[-4.132939338684082, -3.701390266418457, -3.352058172225952, -2.6782476902008057, -2.930067777633667]"
tel_931d0bf816182e5556ddf6d581e7e373,"మైనారిటీ రాజకీయ నాయకుల గొంతును అణచివేస్తూ, వారి ప్రాతినిధ్యాన్ని లేకుండా చేయడానికి ప్రయత్నిస్తున్నారు",0,0,0,1,0,tel,"[LANG=tel] మైనారిటీ రాజకీయ నాయకుల గొంతును అణచివేస్తూ, వారి ప్రాతినిధ్యాన్ని లేకుండా చేయడానికి ప్రయత్నిస్తున్నారు","[0.4496993124485016, 0.4565444886684418, -0.14181531965732574, 0.025628531351685524, 0.3143627941608429]"
tel_c1e22927db8e1e3c2d8b2df0fb2fb242,పెట్టుబడిదారులు తమ పోర్ట్‌ఫోలియోను విభిన్న రంగాలలోని స్టాక్స్‌లో పెట్టుబడి పెట్టడం ద్వారా వైవిధ్యపరుస్తారు,0,0,0,0,0,tel,[LANG=tel] పెట్టుబడిదారులు తమ పోర్ట్‌ఫోలియోను విభిన్న రంగాలలోని స్టాక్స్‌లో పెట్టుబడి పెట్టడం ద్వారా వైవిధ్యపరుస్తారు,"[-4.044295787811279, -3.8470613956451416, -3.4384889602661133, -4.2129740715026855, -4.916859149932861]"
tel_5f0ce888eb482832d12d6b232752eb05,వృద్ధుల హక్కులను పట్టించుకోవడం లేదు #న్యాయం.,0,0,0,0,1,tel,[LANG=tel] వృద్ధుల హక్కులను పట్టించుకోవడం లేదు #న్యాయం.,"[-0.5941871404647827, -0.49286481738090515, -1.0159950256347656, -0.604597806930542, -0.31247207522392273]"
tel_ec95856aa046ff42ad12a4fa655b9e12,"మతపరమైన ప్రదేశాలలోకి కొన్ని వర్గాల ప్రజలను అనుమతించకపోవడం, సమాజంలో విభజనను, అసమానతలను పెంచుతుంది",0,1,0,0,0,tel,"[LANG=tel] మతపరమైన ప్రదేశాలలోకి కొన్ని వర్గాల ప్రజలను అనుమతించకపోవడం, సమాజంలో విభజనను, అసమానతలను పెంచుతుంది","[0.15418888628482819, 0.4026590883731842, -0.0887225791811943, -0.05865355581045151, 0.5537276864051819]"
tel_57b144f117c813f843d16ee6bf0150d5,"గుర్రపు స్వారీ క్రీడ మాత్రమే కాక, మానసిక దృఢత్వం మరియు శారీరక సమతుల్యతను పెంచే పద్ధతిగా భావించబడుతుంది",0,0,0,0,0,tel,"[LANG=tel] గుర్రపు స్వారీ క్రీడ మాత్రమే కాక, మానసిక దృఢత్వం మరియు శారీరక సమతుల్యతను పెంచే పద్ధతిగా భావించబడుతుంది","[-3.899286985397339, -4.1177263259887695, -3.849241256713867, -4.345991134643555, -4.66163444519043]"
tel_61e79349521a015fb960b9d87f6b60b7,ప్రభుత్వ విధానాల వల్ల ప్రభుత్వ నిధుల దుర్వినియోగం ఆందోళన కలిగిస్తోంది ప్రజా వనరులు కొద్దిమంది చేతుల్లోనే కేంద్రీకృతమవుతున్నాయి #ప్రజాస్వామ్యం.,0,0,0,0,0,tel,[LANG=tel] ప్రభుత్వ విధానాల వల్ల ప్రభుత్వ నిధుల దుర్వినియోగం ఆందోళన కలిగిస్తోంది ప్రజా వనరులు కొద్దిమంది చేతుల్లోనే కేంద్రీకృతమవుతున్నాయి #ప్రజాస్వామ్యం.,"[-4.573426723480225, -3.7785863876342773, -3.9206299781799316, -4.318820953369141, -4.024089336395264]"
tel_00abea7ea21e1c796e79566b1569600e,"ఐక్యరాజ్యసమితి యొక్క సుస్థిరాభివృద్ధి లక్ష్యాలు 2030 నాటికి పేదరికాన్ని నిర్మూలించి, భూమిని కాపాడాలని లక్ష్యంగా పెట్టుకున్నాయి",0,0,0,0,0,tel,"[LANG=tel] ఐక్యరాజ్యసమితి యొక్క సుస్థిరాభివృద్ధి లక్ష్యాలు 2030 నాటికి పేదరికాన్ని నిర్మూలించి, భూమిని కాపాడాలని లక్ష్యంగా పెట్టుకున్నాయి","[-3.7285356521606445, -4.374973297119141, -3.5533382892608643, -3.8702104091644287, -4.76969575881958]"
tel_eaad2bb55c97804c8ecc6ba79b1291be,పెళ్లి వేడుకల సందర్భంగా వివిధ రకాల సాంస్కృతిక కార్యక్రమాలను నిర్వహిస్తారు,0,0,0,0,0,tel,[LANG=tel] పెళ్లి వేడుకల సందర్భంగా వివిధ రకాల సాంస్కృతిక కార్యక్రమాలను నిర్వహిస్తారు,"[0.43815773725509644, -0.03139398992061615, -0.0717557817697525, 0.05237177014350891, 0.2620216906070709]"
tel_92c9665f3a672099c51185d973753732,ప్రజల దృష్టిలో నాయకులు ప్రజల సమస్యలను పట్టించుకోవడం లేదు #ప్రజాస్వామ్యం.,0,0,1,0,0,tel,[LANG=tel] ప్రజల దృష్టిలో నాయకులు ప్రజల సమస్యలను పట్టించుకోవడం లేదు #ప్రజాస్వామ్యం.,"[-2.5136289596557617, -3.8044893741607666, -3.7619338035583496, -3.5872385501861572, -4.01492166519165]"
tel_cba873a5bd6f2e973ec612c9bcc9266f,"ఈ పడవలు చేపలు పట్టడానికి ఉపయోగపడటంతో పాటు, సముద్రంలో నివసించే జీవులపై పరిశోధనలకు కూడా ఉపయోగపడతాయి",1,0,0,0,0,tel,"[LANG=tel] ఈ పడవలు చేపలు పట్టడానికి ఉపయోగపడటంతో పాటు, సముద్రంలో నివసించే జీవులపై పరిశోధనలకు కూడా ఉపయోగపడతాయి","[-1.5297666788101196, -2.8191702365875244, -1.8543007373809814, -4.567526340484619, -1.6254020929336548]"
tel_59ce6316ba311829cc598eb7372b7d82,ప్రజా సంక్షేమం మరపైపోయింది ఆర్థిక వ్యవస్థ సృష్టించే అసమానతలు.,0,0,0,0,0,tel,[LANG=tel] ప్రజా సంక్షేమం మరపైపోయింది ఆర్థిక వ్యవస్థ సృష్టించే అసమానతలు.,"[-2.931901454925537, -2.5623364448547363, -2.3884317874908447, -1.5411864519119263, -2.7172937393188477]"
tel_e45a4d50ade9020ddb1d233ede4c1514,ఆరోగ్య రంగంలో ప్రజా వనరులు కొద్దిమంది చేతుల్లోనే కేంద్రీకృతమవుతున్నాయి పేదల హక్కులు దెబ్బతింటున్నాయి.,0,0,0,0,0,tel,[LANG=tel] ఆరోగ్య రంగంలో ప్రజా వనరులు కొద్దిమంది చేతుల్లోనే కేంద్రీకృతమవుతున్నాయి పేదల హక్కులు దెబ్బతింటున్నాయి.,"[-2.7321829795837402, -2.6571011543273926, -2.408060073852539, -2.623696804046631, -1.6322928667068481]"
tel_6bc48f4081f0cb5cf167ba3b2ba6201d,"దేశ సరిహద్దులలో సైనికులు ఎదుర్కొనే కఠిన పరిస్థితులు, వారి శారీరక మరియు మానసిక దృఢత్వానికి నిజమైన పరీక్షగా నిలుస్తాయి",0,0,0,0,0,tel,"[LANG=tel] దేశ సరిహద్దులలో సైనికులు ఎదుర్కొనే కఠిన పరిస్థితులు, వారి శారీరక మరియు మానసిక దృఢత్వానికి నిజమైన పరీక్షగా నిలుస్తాయి","[-3.305335760116577, -4.677896976470947, -3.066230058670044, -4.393898010253906, -3.3475778102874756]"
tel_f120187359501a1a1db9721d2f58d938,సమస్యలకు పరిష్కారం లేదు మహిళల భద్రతకు పట్టించుకోవడం లేదు #సమాజం.,0,0,0,0,0,tel,[LANG=tel] సమస్యలకు పరిష్కారం లేదు మహిళల భద్రతకు పట్టించుకోవడం లేదు #సమాజం.,"[-4.349069595336914, -3.7717788219451904, -3.8966643810272217, -3.897529363632202, -4.374171257019043]"
tel_c0076f1101d74a1eef25d534f289a8bf,"ప్రపంచంలోని ఆకలిని నిర్మూలించడానికి అయ్యే ఖర్చు కన్నా, దేశాలు సైనిక ఆయుధాల కోసం చేసే ఖర్చు ఎన్నో రెట్లు ఎక్కువ",1,0,0,0,1,tel,"[LANG=tel] ప్రపంచంలోని ఆకలిని నిర్మూలించడానికి అయ్యే ఖర్చు కన్నా, దేశాలు సైనిక ఆయుధాల కోసం చేసే ఖర్చు ఎన్నో రెట్లు ఎక్కువ","[-0.042090438306331635, -1.4291090965270996, -1.6620876789093018, -1.5194804668426514, 2.5041747093200684]"
tel_baf89a8b508e173916cc64e97bc21e22,"కార్యాలయాలలో మహిళల అభిప్రాయాలను చిన్నచూపు చూడటం, వారి ఆలోచనలకు విలువ ఇవ్వకపోవడం వంటివి సూక్ష్మమైన లింగ వివక్షకు ఉదాహరణలు",0,0,0,1,0,tel,"[LANG=tel] కార్యాలయాలలో మహిళల అభిప్రాయాలను చిన్నచూపు చూడటం, వారి ఆలోచనలకు విలువ ఇవ్వకపోవడం వంటివి సూక్ష్మమైన లింగ వివక్షకు ఉదాహరణలు","[0.5204728245735168, -0.8011699914932251, -0.5322216153144836, 0.6046795845031738, 0.40116316080093384]"
tel_a9f26ab74426465ca121dc84d752fd4b,పర్యావరణాన్ని పక్కన వేస్తున్నారు #బాధ.,0,0,0,0,0,tel,[LANG=tel] పర్యావరణాన్ని పక్కన వేస్తున్నారు #బాధ.,"[-1.356770396232605, -2.00704026222229, -1.8855594396591187, -0.9312664270401001, -1.138771414756775]"
tel_f51a08304c4aef28974f4dcb59dcd0db,"ఒక నిర్దిష్ట జాతి ప్రజలు కొన్ని రకాల ఉద్యోగాలకే పరిమితం అనే మూస అభిప్రాయం వల్ల, ఎంతోమంది ప్రతిభావంతులు అవకాశాలను కోల్పోతున్నారు",0,1,0,0,0,tel,"[LANG=tel] ఒక నిర్దిష్ట జాతి ప్రజలు కొన్ని రకాల ఉద్యోగాలకే పరిమితం అనే మూస అభిప్రాయం వల్ల, ఎంతోమంది ప్రతిభావంతులు అవకాశాలను కోల్పోతున్నారు","[-2.655125856399536, 3.0479166507720947, -2.451063394546509, -2.116332769393921, -0.27480748295783997]"
tel_545d331c6d6fc2ba44f1e40df1b280c4,"రాజకీయ నాయకులు ఎన్నికల సమయంలో సామాజిక సమానత్వం గురించి మాట్లాడతారు, కానీ అధికారంలోకి వచ్చాక దానిని అమలు చేయడంలో విఫలమవుతారు",0,0,0,0,0,tel,"[LANG=tel] రాజకీయ నాయకులు ఎన్నికల సమయంలో సామాజిక సమానత్వం గురించి మాట్లాడతారు, కానీ అధికారంలోకి వచ్చాక దానిని అమలు చేయడంలో విఫలమవుతారు","[2.5408875942230225, -1.6625107526779175, -1.0964492559432983, -1.3844668865203857, -0.24812157452106476]"
tel_d39492dfa7bdf65fc3120f9f07355078,ఉద్యోగ అవకాశాలు తగ్గిపోతున్నాయి మౌలిక సదుపాయాలు లేకపోతున్నాయి.,0,0,0,0,0,tel,[LANG=tel] ఉద్యోగ అవకాశాలు తగ్గిపోతున్నాయి మౌలిక సదుపాయాలు లేకపోతున్నాయి.,"[0.24751585721969604, 0.34488001465797424, -0.16009511053562164, 0.30584123730659485, -0.14733844995498657]"
tel_bf402e40580a31a7bc55706ffd126156,ప్రజాస్వామ్య దేశంలో వాగ్దానాలు మాటలకే పరిమితమవుతున్నాయి #ప్రభుత్వం.,0,0,0,0,0,tel,[LANG=tel] ప్రజాస్వామ్య దేశంలో వాగ్దానాలు మాటలకే పరిమితమవుతున్నాయి #ప్రభుత్వం.,"[-4.072170257568359, -4.105020523071289, -3.730501174926758, -3.770799398422241, -4.9547295570373535]"
tel_77ee5a98f898f46683d3c7ab46c38be0,రైతుల పట్ల న్యాయవ్యవస్థపై ప్రజల నమ్మకం దెబ్బతింటోంది మత పేరుతో ప్రజలను మోసం చేస్తున్నారు.,0,0,0,0,0,tel,[LANG=tel] రైతుల పట్ల న్యాయవ్యవస్థపై ప్రజల నమ్మకం దెబ్బతింటోంది మత పేరుతో ప్రజలను మోసం చేస్తున్నారు.,"[-3.7709720134735107, -3.287916660308838, -3.4086132049560547, -3.9040935039520264, -3.706778049468994]"
tel_0af0da4dd186b40dcbdb7a0ec9e8bc06,"ఈ క్రికెట్ మ్యాచ్ లో ఆటగాళ్ళు మంచి ప్రదర్శన చేశారు, అది జట్టు విజయానికి కారణమైంది",0,0,0,0,0,tel,"[LANG=tel] ఈ క్రికెట్ మ్యాచ్ లో ఆటగాళ్ళు మంచి ప్రదర్శన చేశారు, అది జట్టు విజయానికి కారణమైంది","[0.5587723255157471, 0.20751076936721802, -0.31251636147499084, 0.2108280211687088, 0.2887432277202606]"
tel_c3a1399f8374afe89f63f3f3433b005b,"పురావస్తు శాస్త్రజ్ఞులు ప్రాచీన నాగరికతలను వెలికితీసి, వాటి గురించి కొత్త విషయాలను కనుగొంటున్నారు",0,0,1,1,0,tel,"[LANG=tel] పురావస్తు శాస్త్రజ్ఞులు ప్రాచీన నాగరికతలను వెలికితీసి, వాటి గురించి కొత్త విషయాలను కనుగొంటున్నారు","[0.547334611415863, 0.5800291895866394, -0.1889730542898178, -0.15283815562725067, 0.5967873334884644]"
tel_8efbebaa099f70ff85c8912c0fb6a4d7,ఇప్పుడు బదులుగా నిరసన చేపట్టిన వారి పట్ల చర్యలు తీస్తున్నారు #బాధ.,0,0,0,0,0,tel,[LANG=tel] ఇప్పుడు బదులుగా నిరసన చేపట్టిన వారి పట్ల చర్యలు తీస్తున్నారు #బాధ.,"[-1.472048282623291, -2.8124637603759766, -2.6442580223083496, -1.6086550951004028, -3.0202465057373047]"
tel_9484cc8e6effe10d90d65e896f26cb99,ఈ విషయంపై నివేదికను ప్రజల అభిప్రాయాలను సేకరించిన తర్వాత సమర్పించనున్నారు,1,0,0,0,0,tel,[LANG=tel] ఈ విషయంపై నివేదికను ప్రజల అభిప్రాయాలను సేకరించిన తర్వాత సమర్పించనున్నారు,"[0.5533422231674194, 0.69499671459198, 0.2764555513858795, 0.1362227201461792, 0.37660810351371765]"
tel_643d25f6ca1ed19ae3308783f1369658,"పాస్తా అనేది ఇటలీలో ఉద్భవించినప్పటికీ, ఇప్పుడు అది ప్రపంచవ్యాప్తంగా వివిధ రూపాల్లో లభిస్తోంది",0,0,0,0,0,tel,"[LANG=tel] పాస్తా అనేది ఇటలీలో ఉద్భవించినప్పటికీ, ఇప్పుడు అది ప్రపంచవ్యాప్తంగా వివిధ రూపాల్లో లభిస్తోంది","[-4.540498733520508, -3.2315833568573, -3.6635217666625977, -4.0348968505859375, -4.7160539627075195]"
tel_6f6b27d50150c780cab4fe428a1e818f,అవినీతి పెరిగింది నిర్లక్ష్యంతో వ్యవహరిస్తున్నారు #సమాజం.,0,0,0,0,0,tel,[LANG=tel] అవినీతి పెరిగింది నిర్లక్ష్యంతో వ్యవహరిస్తున్నారు #సమాజం.,"[-4.068116188049316, -3.3420209884643555, -3.7866711616516113, -3.4608404636383057, -4.803852081298828]"
tel_abd7ee02b5172e2df792529b9b679233,"ధనవంతులైన లాబీయిస్టులు మాత్రమే ప్రభుత్వ విధానాలను ప్రభావితం చేయగలగడం, ప్రజాస్వామ్య వ్యవస్థలో సామాన్యుడి గొంతును అణచివేస్తోంది",0,0,0,0,1,tel,"[LANG=tel] ధనవంతులైన లాబీయిస్టులు మాత్రమే ప్రభుత్వ విధానాలను ప్రభావితం చేయగలగడం, ప్రజాస్వామ్య వ్యవస్థలో సామాన్యుడి గొంతును అణచివేస్తోంది","[0.5344520807266235, -0.584440290927887, -1.1040277481079102, -0.8081664443016052, 0.4324997365474701]"
tel_634d0c788a558015e154afee4705e729,"విద్యాలయాలలో మతపరమైన బోధనలు చేయడం వల్ల, విద్యార్థులలో శాస్త్రీయ దృక్పథానికి బదులుగా మూఢనమ్మకాలు, అసహనం పెరుగుతున్నాయి",0,0,1,0,1,tel,"[LANG=tel] విద్యాలయాలలో మతపరమైన బోధనలు చేయడం వల్ల, విద్యార్థులలో శాస్త్రీయ దృక్పథానికి బదులుగా మూఢనమ్మకాలు, అసహనం పెరుగుతున్నాయి","[0.28935497999191284, 0.29233452677726746, 0.1567479521036148, -0.7595788836479187, 0.6036794185638428]"
tel_2f98f50dd9ea8bb3d4f80a72103ae4a9,ప్రభుత్వం ఆర్థిక వ్యవస్థ సృష్టించే అసమానతలు ప్రజాస్వామ్య విలువలు దెబ్బతినేస్తున్నాయి.,0,0,0,0,1,tel,[LANG=tel] ప్రభుత్వం ఆర్థిక వ్యవస్థ సృష్టించే అసమానతలు ప్రజాస్వామ్య విలువలు దెబ్బతినేస్తున్నాయి.,"[-0.9155042767524719, -0.8305952548980713, -0.7264799475669861, -0.44090574979782104, -0.2552253305912018]"
tel_89da6f2615f10386d532c55e19f06958,తాగునీటి సరఫరా వ్యవస్థను మెరుగుపరచడానికి కొత్త ప్రాజెక్టులు ప్రారంభించబడ్డాయి,0,1,0,0,1,tel,[LANG=tel] తాగునీటి సరఫరా వ్యవస్థను మెరుగుపరచడానికి కొత్త ప్రాజెక్టులు ప్రారంభించబడ్డాయి,"[0.3748224973678589, 0.5411242842674255, -0.175816610455513, 0.040462616831064224, 0.6166305541992188]"
tel_448f85aabcf5b7228aa9f739372e3ce5,వీడియో గేమ్స్ ఆడటం వలన ప్రజలలో వేగంగా నిర్ణయాలు తీసుకునే సామర్థ్యం పెరుగుతుంది,1,0,0,0,0,tel,[LANG=tel] వీడియో గేమ్స్ ఆడటం వలన ప్రజలలో వేగంగా నిర్ణయాలు తీసుకునే సామర్థ్యం పెరుగుతుంది,"[-1.4375863075256348, -3.3033366203308105, -2.498783588409424, -4.635274410247803, -2.6175549030303955]"
tel_1c8c768de291b05dcdd8ff76453e53d0,"కార్పొరేట్ బోర్డులలో, రాజకీయాలలో మహిళల ప్రాతినిధ్యం తక్కువగా ఉండటం, నిర్ణయాత్మక శక్తి ఇంకా పురుషుల చేతిలోనే ఉందని చూపుతుంది",1,0,0,1,0,tel,"[LANG=tel] కార్పొరేట్ బోర్డులలో, రాజకీయాలలో మహిళల ప్రాతినిధ్యం తక్కువగా ఉండటం, నిర్ణయాత్మక శక్తి ఇంకా పురుషుల చేతిలోనే ఉందని చూపుతుంది","[0.11906897276639938, 0.15167339146137238, -0.38448449969291687, -0.16968224942684174, 0.2032926082611084]"
tel_97469b9126aeeb8075282943ea8996ee,"పేదరికం కారణంగా, చాలామంది పిల్లలు చదువును మధ్యలోనే ఆపేసి, కుటుంబ పోషణ కోసం ప్రమాదకరమైన పనులకు వెళ్తున్నారు",0,1,0,0,1,tel,"[LANG=tel] పేదరికం కారణంగా, చాలామంది పిల్లలు చదువును మధ్యలోనే ఆపేసి, కుటుంబ పోషణ కోసం ప్రమాదకరమైన పనులకు వెళ్తున్నారు","[-1.0519180297851562, -0.8514300584793091, -1.1650248765945435, -0.06181688606739044, 0.6398647427558899]"
tel_1a99ac4f0573b0b1ddd768547739e0b3,రాజకీయ రంగంలో పర్యావరణ పరిరక్షణ కేవలం ప్రచార నినాదంగా మారింది విద్యావ్యవస్థలో అసమానతలు పెరుగుతున్నాయి #న్యాయం.,0,0,0,0,0,tel,[LANG=tel] రాజకీయ రంగంలో పర్యావరణ పరిరక్షణ కేవలం ప్రచార నినాదంగా మారింది విద్యావ్యవస్థలో అసమానతలు పెరుగుతున్నాయి #న్యాయం.,"[0.5374743938446045, -0.8171882033348083, -0.6217612624168396, -0.21866463124752045, 0.23882609605789185]"
tel_ae99473896043b53ec2618b0e34e8352,ఈ సినిమా విమర్శకుల నుండి మంచి రేటింగ్ పొందింది,1,0,0,0,1,tel,[LANG=tel] ఈ సినిమా విమర్శకుల నుండి మంచి రేటింగ్ పొందింది,"[1.0207525491714478, 0.4724181592464447, 0.12558938562870026, 0.11247382313013077, 0.32464274764060974]"
tel_01e868d26896c646e4c9edfaea2e0f3c,"ఆన్‌లైన్ రిటైలర్లు ఫెస్టివల్ సేల్స్ సమయంలో భారీ తగ్గింపులను ప్రకటించి, వినియోగదారులను ఆకర్షించి, తమ అమ్మకాలను పెంచుకుంటాయి",0,0,0,0,0,tel,"[LANG=tel] ఆన్‌లైన్ రిటైలర్లు ఫెస్టివల్ సేల్స్ సమయంలో భారీ తగ్గింపులను ప్రకటించి, వినియోగదారులను ఆకర్షించి, తమ అమ్మకాలను పెంచుకుంటాయి","[-4.198254585266113, -4.099525451660156, -3.764744281768799, -4.211487293243408, -3.778123140335083]"
tel_ed1e98e9efdcc3737b11587b17f2de39,"మహిళల భద్రత గురించి చట్టాలు ఎన్ని ఉన్నా వాటి అమలు తీరు సరిగా లేకపోవడంతో, వారిపై అఘాయిత్యాలు నిరంతరం జరుగుతూనే ఉన్నాయి",0,0,0,1,1,tel,"[LANG=tel] మహిళల భద్రత గురించి చట్టాలు ఎన్ని ఉన్నా వాటి అమలు తీరు సరిగా లేకపోవడంతో, వారిపై అఘాయిత్యాలు నిరంతరం జరుగుతూనే ఉన్నాయి","[-0.17133288085460663, 0.21048182249069214, -0.3882027566432953, 0.13876456022262573, 0.4113342761993408]"
tel_623c1f70b4fc4466d50bc3fe7d01e939,రాణికి వావ్ అనే మెట్ల బావిని యునెస్కో ప్రపంచ వారసత్వ ప్రదేశంగా గుర్తించింది,0,0,0,0,0,tel,[LANG=tel] రాణికి వావ్ అనే మెట్ల బావిని యునెస్కో ప్రపంచ వారసత్వ ప్రదేశంగా గుర్తించింది,"[-3.825993061065674, -3.835099220275879, -4.039404392242432, -3.9893429279327393, -5.200503349304199]"
tel_ee788975ba7b6f132929e97fb1dfe165,"ఈ విషయంపై నిపుణుల అభిప్రాయాలు తీసుకొని, ఒక తుది నివేదికను సమర్పించారు",1,1,0,0,0,tel,"[LANG=tel] ఈ విషయంపై నిపుణుల అభిప్రాయాలు తీసుకొని, ఒక తుది నివేదికను సమర్పించారు","[0.4616246223449707, 0.796362578868866, -0.0008773646550253034, 0.06013481691479683, 0.600243866443634]"
tel_08bbbb2ca108b1c2aca6534099d01c6a,"ఈ ప్రతిపాదనను ప్రభుత్వం పరిశీలించి, ఆమోదం తెలిపింది",0,0,0,0,0,tel,"[LANG=tel] ఈ ప్రతిపాదనను ప్రభుత్వం పరిశీలించి, ఆమోదం తెలిపింది","[0.8405787348747253, 0.5570811629295349, 0.09194965660572052, 0.12563760578632355, 0.2904835343360901]"
tel_15c39c334e2a09dcda4f4e8569847d3d,ప్రఖ్యాత విశ్వవిద్యాలయాల నుండి పట్టభద్రులైన వారు దేశ విధాన రూపకల్పనలో కీలక పాత్ర పోషిస్తారు,0,0,0,0,0,tel,[LANG=tel] ప్రఖ్యాత విశ్వవిద్యాలయాల నుండి పట్టభద్రులైన వారు దేశ విధాన రూపకల్పనలో కీలక పాత్ర పోషిస్తారు,"[-4.177523612976074, -4.112973690032959, -3.8620612621307373, -4.34771203994751, -4.671102523803711]"
tel_b22fd09ba8dffad72051719893dc2fd3,నాయకులు ప్రజలు న్యాయం కోరుతున్నారు.,0,0,0,0,0,tel,[LANG=tel] నాయకులు ప్రజలు న్యాయం కోరుతున్నారు.,"[-2.0641849040985107, -2.962588310241699, -2.8027687072753906, -1.8493062257766724, -3.0767858028411865]"
tel_fac78db67515aa65aee1db0e48b72484,"ఇజ్రాయెల్‌లో, పాలస్తీనియన్ పౌరులు రెండవ తరగతి పౌరులుగా చూడబడుతూ, భూమి, గృహ, ఉద్యోగ విషయాలలో వివక్షను ఎదుర్కొంటున్నారు",1,1,0,0,1,tel,"[LANG=tel] ఇజ్రాయెల్‌లో, పాలస్తీనియన్ పౌరులు రెండవ తరగతి పౌరులుగా చూడబడుతూ, భూమి, గృహ, ఉద్యోగ విషయాలలో వివక్షను ఎదుర్కొంటున్నారు","[0.6148076057434082, 0.6869775056838989, -0.0720185786485672, -0.3014342188835144, 0.5228466987609863]"
tel_ac5f039b1aeab7f5ebeac47815a27d9b,ఈ రోజు రైతుల సమస్యలు పరిష్కరించకపోవడం బాధాకరం మహిళల భద్రతకు పట్టించుకోవడం లేదు.,1,0,1,0,0,tel,[LANG=tel] ఈ రోజు రైతుల సమస్యలు పరిష్కరించకపోవడం బాధాకరం మహిళల భద్రతకు పట్టించుకోవడం లేదు.,"[-3.336754083633423, -4.049831390380859, -3.274782657623291, -3.508632183074951, -3.8732028007507324]"
tel_0c89dd9f8001206d364eed25dc3dc159,సమాజం విభజించబడుతోంది నిల్వ అణచివేసారు #పర్యావరణం.,0,0,0,0,0,tel,[LANG=tel] సమాజం విభజించబడుతోంది నిల్వ అణచివేసారు #పర్యావరణం.,"[-3.591312885284424, -3.643623113632202, -3.5034642219543457, -3.414060354232788, -4.5956196784973145]"
tel_897c02604468ef400be6d9f9b64f7dbb,"మన దేశంలో చర్మం రంగు ఆధారంగా ఒకరి అందాన్ని, హోదాను అంచనా వేసే జాతి వివక్షాపూరిత ఆలోచనా ధోరణి ఇంకా పోలేదు",0,1,0,0,0,tel,"[LANG=tel] మన దేశంలో చర్మం రంగు ఆధారంగా ఒకరి అందాన్ని, హోదాను అంచనా వేసే జాతి వివక్షాపూరిత ఆలోచనా ధోరణి ఇంకా పోలేదు","[-0.7397240400314331, 1.5941945314407349, -0.24079899489879608, -0.6082082986831665, -0.8071786761283875]"
tel_92af01e69806c87aab18e2ad5a1db627,దేశంలోని మారుమూల ప్రాంతాలను ప్రధాన నగరాలతో కలపడానికి గ్రామీణ రహదారుల నిర్మాణం చాలా అవసరం,0,0,0,0,0,tel,[LANG=tel] దేశంలోని మారుమూల ప్రాంతాలను ప్రధాన నగరాలతో కలపడానికి గ్రామీణ రహదారుల నిర్మాణం చాలా అవసరం,"[-3.4420087337493896, -4.30280876159668, -2.967819929122925, -4.310274124145508, -2.80739164352417]"
tel_a6425d21e4bca119ac63ee3309e9a816,ఈ నటుడు తన నటనకు గాను అనేక అవార్డులను గెలుచుకుని తన ప్రతిభను నిరూపించుకున్నాడు,0,0,0,0,0,tel,[LANG=tel] ఈ నటుడు తన నటనకు గాను అనేక అవార్డులను గెలుచుకుని తన ప్రతిభను నిరూపించుకున్నాడు,"[0.3051377832889557, 0.4285281002521515, -0.278132826089859, 0.297393262386322, 0.24696661531925201]"
tel_17cc55e5e6498ffd96fafcb4055b5409,"ఇంటర్నెట్ షట్డౌన్‌ల ద్వారా విద్య, ఉద్యోగం మరియు వ్యాపారం ప్రభావితమవుతోంది",1,0,1,0,0,tel,"[LANG=tel] ఇంటర్నెట్ షట్డౌన్‌ల ద్వారా విద్య, ఉద్యోగం మరియు వ్యాపారం ప్రభావితమవుతోంది","[-2.3925087451934814, -3.5763187408447266, -2.8584930896759033, -4.522944450378418, -4.52330207824707]"
tel_bd1630ebbd1e69ce07165754f0ea4cd2,రాజకీయ రంగంలో పాలకులు ప్రజల సమస్యలపై స్పందించడం లేదు న్యాయవ్యవస్థపై ప్రజల నమ్మకం దెబ్బతింటోంది.,0,0,0,0,0,tel,[LANG=tel] రాజకీయ రంగంలో పాలకులు ప్రజల సమస్యలపై స్పందించడం లేదు న్యాయవ్యవస్థపై ప్రజల నమ్మకం దెబ్బతింటోంది.,"[-3.7004587650299072, -2.816776752471924, -3.6348514556884766, -3.8645150661468506, -3.5205321311950684]"
tel_acfbf1cd496671484f885feb404ab00c,"సముద్రపు నాచు నుండి బయో ఇంధనాలను తయారుచేసే పరిశోధనలు, భవిష్యత్తులో శిలాజ ఇంధనాలకు ఒక మంచి ప్రత్యామ్నాయాన్ని అందించగలవు",0,0,0,0,0,tel,"[LANG=tel] సముద్రపు నాచు నుండి బయో ఇంధనాలను తయారుచేసే పరిశోధనలు, భవిష్యత్తులో శిలాజ ఇంధనాలకు ఒక మంచి ప్రత్యామ్నాయాన్ని అందించగలవు","[-4.19506311416626, -3.885537624359131, -3.859560489654541, -4.351501941680908, -4.684593200683594]"
tel_76092c705323ef960390d07dea3569e6,ఆ నదిలో పడవ ప్రయాణం పర్యాటకులకు ఒక ఆహ్లాదకరమైన మరియు మరపురాని అనుభవాన్ని అందిస్తుంది,0,0,0,1,1,tel,[LANG=tel] ఆ నదిలో పడవ ప్రయాణం పర్యాటకులకు ఒక ఆహ్లాదకరమైన మరియు మరపురాని అనుభవాన్ని అందిస్తుంది,"[0.6795060634613037, 0.14598706364631653, 0.05887121707201004, -0.011102448217570782, 0.2212388813495636]"
tel_0400d7da86e4f6c9c81071ccd0db57aa,ప్రభుత్వ పాఠశాలలలో విద్యార్థులకు మెరుగైన విద్యను అందించడానికి ఉపాధ్యాయులు కృషి చేస్తున్నారు,1,0,1,0,0,tel,[LANG=tel] ప్రభుత్వ పాఠశాలలలో విద్యార్థులకు మెరుగైన విద్యను అందించడానికి ఉపాధ్యాయులు కృషి చేస్తున్నారు,"[0.2632032334804535, 0.12605786323547363, 0.136362224817276, -0.0466182716190815, 0.5292876958847046]"
tel_4d3f118366e5386493db045442b710fd,బదులుగా నిరసన చేపట్టిన వారి పట్ల చర్యలు తీస్తున్నారు సంపద ఒక చెల్లాయ మాత్రమే #పర్యావరణం.,0,0,0,0,1,tel,[LANG=tel] బదులుగా నిరసన చేపట్టిన వారి పట్ల చర్యలు తీస్తున్నారు సంపద ఒక చెల్లాయ మాత్రమే #పర్యావరణం.,"[-4.504323959350586, -3.486152410507202, -4.11234188079834, -4.076977252960205, -4.441861629486084]"
tel_0bc85e320846f53bd7ac36afef6f7915,"పూజా పద్ధతులు సమాజంలో ఐక్యతను పెంచుతూ, మనసుకు ధైర్యం మరియు నమ్మకం కలిగిస్తాయని భావిస్తారు",0,0,0,0,0,tel,"[LANG=tel] పూజా పద్ధతులు సమాజంలో ఐక్యతను పెంచుతూ, మనసుకు ధైర్యం మరియు నమ్మకం కలిగిస్తాయని భావిస్తారు","[-4.41178560256958, -3.9514102935791016, -3.589085578918457, -4.255321979522705, -4.377927303314209]"
tel_d85e8f736b0fb833a1015e8823687c97,క్రీడా ప్రపంచంలో కొత్త రికార్డులు సృష్టించబడ్డాయి,1,0,0,0,1,tel,[LANG=tel] క్రీడా ప్రపంచంలో కొత్త రికార్డులు సృష్టించబడ్డాయి,"[0.3220798969268799, 0.12341023236513138, -0.3579234182834625, 0.22753135859966278, 0.45307067036628723]"
tel_f204dedc00ecd15a345470794294a2a4,"ప్రపంచంలోని పురాతన నగరాలలోని భూగర్భ డ్రైనేజీ వ్యవస్థలు, ఆ కాలంలోనే పరిశుభ్రతకు ఎంత ప్రాధాన్యత ఇచ్చారో తెలియజేస్తాయి",0,0,0,0,0,tel,"[LANG=tel] ప్రపంచంలోని పురాతన నగరాలలోని భూగర్భ డ్రైనేజీ వ్యవస్థలు, ఆ కాలంలోనే పరిశుభ్రతకు ఎంత ప్రాధాన్యత ఇచ్చారో తెలియజేస్తాయి","[-0.8620860576629639, -2.1122374534606934, -1.2859464883804321, -2.1536614894866943, -0.17274782061576843]"
tel_3622f5b17881a6322722dd9770789c7b,రాజకీయ రంగంలో పేదల హక్కులు దెబ్బతింటున్నాయి.,0,0,0,0,0,tel,[LANG=tel] రాజకీయ రంగంలో పేదల హక్కులు దెబ్బతింటున్నాయి.,"[-0.12378989905118942, -0.21653109788894653, -0.5439114570617676, 0.02311353199183941, -0.08576002717018127]"
tel_e8c1c8868a31953d0b84360358d225d8,"విమానాశ్రయాలలో జాతి ఆధారంగా ప్రొఫైలింగ్ చేసి, కొందరిని పదేపదే తనిఖీల పేరుతో వేధించడం వారిని అవమానించడమే",0,0,1,0,1,tel,"[LANG=tel] విమానాశ్రయాలలో జాతి ఆధారంగా ప్రొఫైలింగ్ చేసి, కొందరిని పదేపదే తనిఖీల పేరుతో వేధించడం వారిని అవమానించడమే","[-0.9680147171020508, 0.33903932571411133, -1.3917951583862305, -1.4469597339630127, 0.4020030200481415]"
tel_414ca2df39b7b623bb632dd971858f78,"ప్రపంచవ్యాప్తంగా వివిధ రకాల వృక్షాలు మరియు జంతువులు ఉన్నాయి, వాటిని పరిరక్షించడం చాలా అవసరం",1,0,0,0,0,tel,"[LANG=tel] ప్రపంచవ్యాప్తంగా వివిధ రకాల వృక్షాలు మరియు జంతువులు ఉన్నాయి, వాటిని పరిరక్షించడం చాలా అవసరం","[-3.490460157394409, -3.754195213317871, -3.466221332550049, -4.941599369049072, -4.137277126312256]"
tel_f45c40f61edfce867fbb7f068ae0246f,"ఈ పుస్తకం ఒక ముఖ్యమైన చారిత్రక సంఘటన గురించి సమాచారాన్ని అందిస్తుంది, అది ఒక పరిశోధన గ్రంథం",0,0,0,0,1,tel,"[LANG=tel] ఈ పుస్తకం ఒక ముఖ్యమైన చారిత్రక సంఘటన గురించి సమాచారాన్ని అందిస్తుంది, అది ఒక పరిశోధన గ్రంథం","[0.466491162776947, -0.4488275945186615, -0.21627433598041534, -0.7662155628204346, 0.8079774379730225]"
tel_bffe5ae366e9e70efff97c2defb017f4,అవినీతి పెరిగింది ముఖ్య సమస్యలను మర్చిపోతున్నారు.,0,0,0,0,0,tel,[LANG=tel] అవినీతి పెరిగింది ముఖ్య సమస్యలను మర్చిపోతున్నారు.,"[-3.276751756668091, -3.5799155235290527, -3.442155361175537, -2.9920761585235596, -3.7041542530059814]"
tel_6ce67cca9bff6d6a10316e4d7ac737a9,"తమ లింగ గుర్తింపును ధైర్యంగా ప్రకటించుకున్న ట్రాన్స్‌జెండర్ విద్యార్థులు, పాఠశాలల్లో తోటి విద్యార్థుల నుండి వేధింపులను ఎదుర్కొంటున్నారు",0,0,0,1,0,tel,"[LANG=tel] తమ లింగ గుర్తింపును ధైర్యంగా ప్రకటించుకున్న ట్రాన్స్‌జెండర్ విద్యార్థులు, పాఠశాలల్లో తోటి విద్యార్థుల నుండి వేధింపులను ఎదుర్కొంటున్నారు","[0.40400415658950806, -0.7084593772888184, -0.23211415112018585, 0.609868049621582, 0.13938887417316437]"
tel_b832f69a916f3a63ed88f6484b5cc199,"మైనారిటీ మహిళలపై జరిగే హింసను, వారి జాతి, లింగం రెండింటినీ లక్ష్యంగా చేసుకున్న నేరంగా చూడాలి",0,0,0,0,1,tel,"[LANG=tel] మైనారిటీ మహిళలపై జరిగే హింసను, వారి జాతి, లింగం రెండింటినీ లక్ష్యంగా చేసుకున్న నేరంగా చూడాలి","[-0.2094850391149521, -0.1206481084227562, -0.28514689207077026, -0.24794037640094757, -0.16336406767368317]"
tel_b4910f7f623aeb0261c4133b80adcfc3,"పండుగలలో ప్రజలు తమ సంప్రదాయ దుస్తులు ధరించి, వేడుకలలో ఆనందంగా పాల్గొంటారు",0,0,0,0,0,tel,"[LANG=tel] పండుగలలో ప్రజలు తమ సంప్రదాయ దుస్తులు ధరించి, వేడుకలలో ఆనందంగా పాల్గొంటారు","[0.19307944178581238, 0.5772014260292053, -0.44645026326179504, 0.5265320539474487, -0.7000208497047424]"
tel_4ce978060e1031560d38e0af2071e83b,"ప్రపంచవ్యాప్తంగా లింగ సమానత్వం సాధించడానికి, విద్య మరియు ఉద్యోగాలలో మహిళలకు సమాన అవకాశాలు కల్పించడంపై ప్రభుత్వాలు దృష్టి సారించాయి",0,0,0,0,0,tel,"[LANG=tel] ప్రపంచవ్యాప్తంగా లింగ సమానత్వం సాధించడానికి, విద్య మరియు ఉద్యోగాలలో మహిళలకు సమాన అవకాశాలు కల్పించడంపై ప్రభుత్వాలు దృష్టి సారించాయి","[-3.037442445755005, -4.070493698120117, -2.91903018951416, -4.424036979675293, -3.047819137573242]"
tel_e3fa13e529ec939fa6a3edb8891dc930,"రిటైల్ దుకాణాలలో సెల్ఫ్-చెక్అవుట్ కౌంటర్లు, కస్టమర్ల సమయాన్ని ఆదా చేస్తాయి కానీ క్యాషియర్ల ఉద్యోగ అవకాశాలను తగ్గిస్తాయి",0,0,0,0,0,tel,"[LANG=tel] రిటైల్ దుకాణాలలో సెల్ఫ్-చెక్అవుట్ కౌంటర్లు, కస్టమర్ల సమయాన్ని ఆదా చేస్తాయి కానీ క్యాషియర్ల ఉద్యోగ అవకాశాలను తగ్గిస్తాయి","[-3.7391304969787598, -4.434042930603027, -3.828920364379883, -4.022304534912109, -4.60193395614624]"
tel_1f56a622f056abdb0ce3a2f7ea1f1016,నీటి కాలుష్యంతో పాటు గాలి కాలుష్యం కూడా పెరిగింది,1,1,0,0,0,tel,[LANG=tel] నీటి కాలుష్యంతో పాటు గాలి కాలుష్యం కూడా పెరిగింది,"[-0.3605804145336151, 0.08046040683984756, -0.5296368598937988, -0.3051674962043762, -0.2514863610267639]"
tel_13af1ac9cc779cf337dd7d01871762ef,"లింగమార్పిడి చేసుకున్న అథ్లెట్లు క్రీడలలో పాల్గొనడంపై జరుగుతున్న చర్చలు, జీవసంబంధమైన, సామాజిక లింగంపై సంక్లిష్టమైన ప్రశ్నలను లేవనెత్తుతున్నాయి",0,1,0,0,1,tel,"[LANG=tel] లింగమార్పిడి చేసుకున్న అథ్లెట్లు క్రీడలలో పాల్గొనడంపై జరుగుతున్న చర్చలు, జీవసంబంధమైన, సామాజిక లింగంపై సంక్లిష్టమైన ప్రశ్నలను లేవనెత్తుతున్నాయి","[0.4144440293312073, 0.15163761377334595, 0.03294872120022774, 0.051342181861400604, 0.4436284601688385]"
tel_4877094ae956a8a1d222941d363b2352,"మధ్యప్రాచ్యం, దక్షిణాసియాలోని కొన్ని ప్రాంతాలలో, కుటుంబ గౌరవం పేరుతో మహిళలను హత్య చేయడం అనే క్రూరమైన ఆచారం కొనసాగుతోంది",1,0,0,0,0,tel,"[LANG=tel] మధ్యప్రాచ్యం, దక్షిణాసియాలోని కొన్ని ప్రాంతాలలో, కుటుంబ గౌరవం పేరుతో మహిళలను హత్య చేయడం అనే క్రూరమైన ఆచారం కొనసాగుతోంది","[-0.07737138867378235, 0.5323458909988403, -0.1533142328262329, 0.10623792558908463, 0.3006589114665985]"
tel_055e1b9fbd0cc0f04493ff9199578c7c,శబ్ద కాలుష్యం పెరగడం వలన ప్రజల ఆరోగ్యానికి తీవ్రమైన హాని కలుగుతుందని నిపుణులు హెచ్చరిస్తున్నారు,1,0,0,0,1,tel,[LANG=tel] శబ్ద కాలుష్యం పెరగడం వలన ప్రజల ఆరోగ్యానికి తీవ్రమైన హాని కలుగుతుందని నిపుణులు హెచ్చరిస్తున్నారు,"[0.05877785384654999, 0.41662275791168213, -0.22262921929359436, 0.33126431703567505, 0.3530764579772949]"
tel_8071d82db0f18295bfd0e65de2cdfe24,"ఫ్యాషన్ ప్రపంచంలో కలర్ అనాలిసిస్ ఇప్పుడు వర్చువల్ రియాలిటీ టెక్నాలజీ ద్వారా కూడా అందుబాటులోకి వస్తోంది, ఇది ఆన్‌లైన్ షాపింగ్‌ను సులభతరం చేస్తుంది",0,0,0,0,0,tel,"[LANG=tel] ఫ్యాషన్ ప్రపంచంలో కలర్ అనాలిసిస్ ఇప్పుడు వర్చువల్ రియాలిటీ టెక్నాలజీ ద్వారా కూడా అందుబాటులోకి వస్తోంది, ఇది ఆన్‌లైన్ షాపింగ్‌ను సులభతరం చేస్తుంది","[-4.134341239929199, -3.924318552017212, -3.708930492401123, -4.199159145355225, -4.702916145324707]"
tel_cfd16908eaa6ab317b6612ca1e7d0b44,"చైనా, రష్యా మరియు మధ్యప్రాచ్యంలో రాజకీయ సెన్సార్‌షిప్ మరియు పర్యవేక్షణ కారణంగా వ్యక్తిగత స్వేచ్ఛా హక్కులు తగ్గిపోతున్నాయి",1,0,0,0,0,tel,"[LANG=tel] చైనా, రష్యా మరియు మధ్యప్రాచ్యంలో రాజకీయ సెన్సార్‌షిప్ మరియు పర్యవేక్షణ కారణంగా వ్యక్తిగత స్వేచ్ఛా హక్కులు తగ్గిపోతున్నాయి","[0.6285993456840515, 0.20867273211479187, -0.03687792271375656, -0.0024210535921156406, 0.7195954322814941]"
tel_34c2900c05809d1978634738cfb4d1d6,"నాస్తికత్వాన్ని ఒక నేరంగా పరిగణించి, దైవ దూషణ చట్టాల కింద నాస్తికులను శిక్షించే దేశాలు ఇంకా ఉన్నాయి",0,0,1,0,0,tel,"[LANG=tel] నాస్తికత్వాన్ని ఒక నేరంగా పరిగణించి, దైవ దూషణ చట్టాల కింద నాస్తికులను శిక్షించే దేశాలు ఇంకా ఉన్నాయి","[0.08621841669082642, 0.2197791188955307, -0.12786827981472015, 0.07004841417074203, 0.38090428709983826]"
tel_0db601187fcae1166e54699454a0d340,"ఐర్లాండ్‌లో 19వ శతాబ్దంలో సంభవించిన బంగాళాదుంప కరువు, లక్షలాది మంది మరణానికి మరియు వలసలకు దారితీసింది",0,0,0,0,0,tel,"[LANG=tel] ఐర్లాండ్‌లో 19వ శతాబ్దంలో సంభవించిన బంగాళాదుంప కరువు, లక్షలాది మంది మరణానికి మరియు వలసలకు దారితీసింది","[-3.1740825176239014, -4.029956817626953, -3.2522764205932617, -2.7151973247528076, -1.479846715927124]"
tel_8c9206634908842a40aa63421594c50f,నిరుద్యోగ యువతకు నైపుణ్య శిక్షణ కార్యక్రమాలు నిర్వహించాలని ప్రభుత్వం నిర్ణయించింది,1,0,0,0,1,tel,[LANG=tel] నిరుద్యోగ యువతకు నైపుణ్య శిక్షణ కార్యక్రమాలు నిర్వహించాలని ప్రభుత్వం నిర్ణయించింది,"[-0.17560319602489471, -0.5918790102005005, -0.4438711404800415, -0.9778726100921631, -0.22037865221500397]"
tel_51109d621c4b79c4a42c38e0c386d54b,"ద్రాక్ష పండ్ల నుండి వైన్ తయారు చేస్తారు, ఇది ప్రపంచవ్యాప్తంగా ఒక ముఖ్యమైన వాణిజ్య ఉత్పత్తి",0,0,0,0,0,tel,"[LANG=tel] ద్రాక్ష పండ్ల నుండి వైన్ తయారు చేస్తారు, ఇది ప్రపంచవ్యాప్తంగా ఒక ముఖ్యమైన వాణిజ్య ఉత్పత్తి","[-4.622505187988281, -3.543868064880371, -3.977530002593994, -3.772641181945801, -4.586298942565918]"
tel_702f276a15031aa77476264ed128aa3f,"జాతి, లింగం రెండింటి ఆధారంగా, మైనారిటీ మహిళలు ఉద్యోగ ఇంటర్వ్యూలలో కఠినమైన ప్రశ్నలను, పక్షపాతాన్ని ఎదుర్కొంటారు",0,1,0,1,1,tel,"[LANG=tel] జాతి, లింగం రెండింటి ఆధారంగా, మైనారిటీ మహిళలు ఉద్యోగ ఇంటర్వ్యూలలో కఠినమైన ప్రశ్నలను, పక్షపాతాన్ని ఎదుర్కొంటారు","[0.059108078479766846, 0.11648249626159668, -0.3952780067920685, 0.17751076817512512, 0.38746321201324463]"
tel_4ced50af11b408ef14acdd223d217837,"టెన్నిస్‌లో, ఆటగాళ్ళు రాకెట్‌తో బంతిని నెట్ మీదుగా ప్రత్యర్థి కోర్టులోకి కొట్టడానికి ప్రయత్నిస్తారు",0,0,0,0,0,tel,"[LANG=tel] టెన్నిస్‌లో, ఆటగాళ్ళు రాకెట్‌తో బంతిని నెట్ మీదుగా ప్రత్యర్థి కోర్టులోకి కొట్టడానికి ప్రయత్నిస్తారు","[-4.181069850921631, -4.4113850593566895, -3.712225914001465, -3.819779396057129, -4.592747688293457]"
tel_3f25de965ab44727de6eb92ad86658c4,"రోమన్ సామ్రాజ్యం దాని చట్టాలు, వాస్తుశిల్పం మరియు సైనిక శక్తితో పాశ్చాత్య నాగరికతను ప్రభావితం చేసింది",0,0,0,0,0,tel,"[LANG=tel] రోమన్ సామ్రాజ్యం దాని చట్టాలు, వాస్తుశిల్పం మరియు సైనిక శక్తితో పాశ్చాత్య నాగరికతను ప్రభావితం చేసింది","[-3.3536784648895264, -3.8665382862091064, -2.8746249675750732, -4.1704936027526855, -4.515075206756592]"
tel_93db96f0650e4da446369a482a8a18df,"వయసు తక్కువగా ఉన్న కారణంగా, యువత అభిప్రాయాలను పెద్దలు తేలికగా కొట్టిపారేయడం కూడా ఒకరకమైన వయోవివక్షే",0,0,0,0,1,tel,"[LANG=tel] వయసు తక్కువగా ఉన్న కారణంగా, యువత అభిప్రాయాలను పెద్దలు తేలికగా కొట్టిపారేయడం కూడా ఒకరకమైన వయోవివక్షే","[0.37555044889450073, 0.744500458240509, -0.903224527835846, -0.7871931195259094, 0.5160937905311584]"
tel_5379bf15f7e57630c47628a883ec16e9,ప్రభుత్వం సమాజం విభజించబడుతోంది.,0,0,0,0,0,tel,[LANG=tel] ప్రభుత్వం సమాజం విభజించబడుతోంది.,"[-3.296410322189331, -3.440728187561035, -3.681731700897217, -3.713862180709839, -4.8470778465271]"
tel_617b6edee45f45906f7deb161c0b06c8,"ఒక ఆభరణం తయారీ వెనుక డిజైనర్ల సృజనాత్మకత, స్వర్ణకారుల నైపుణ్యం మరియు అనేక గంటల శ్రమ దాగి ఉంటుంది",0,0,0,0,0,tel,"[LANG=tel] ఒక ఆభరణం తయారీ వెనుక డిజైనర్ల సృజనాత్మకత, స్వర్ణకారుల నైపుణ్యం మరియు అనేక గంటల శ్రమ దాగి ఉంటుంది","[-4.303017616271973, -3.88671875, -3.8306519985198975, -4.323452949523926, -4.484652996063232]"
tel_7baf9160a8db19d5da1761d3e4a3cbad,"ఎన్నికల సమయంలో ఓటర్ల జాబితా నుండి ఉద్దేశపూర్వకంగా కొన్ని వర్గాల పేర్లను తొలగించడం, వారి ప్రజాస్వామ్య హక్కును కాలరాయడమే",1,0,0,1,0,tel,"[LANG=tel] ఎన్నికల సమయంలో ఓటర్ల జాబితా నుండి ఉద్దేశపూర్వకంగా కొన్ని వర్గాల పేర్లను తొలగించడం, వారి ప్రజాస్వామ్య హక్కును కాలరాయడమే","[0.8827309012413025, 0.49314865469932556, -0.3927508592605591, -0.34792008996009827, 0.3789641261100769]"
tel_2d27b258ca9f5c199e9e91a4d7ef2e34,"కొన్ని దేశాల్లో, మైనారిటీ మతస్తులు తమ ప్రార్థనా మందిరాలను నిర్మించుకోవడానికి కూడా ప్రభుత్వ అనుమతి పొందలేకపోతున్నారు",0,0,0,1,1,tel,"[LANG=tel] కొన్ని దేశాల్లో, మైనారిటీ మతస్తులు తమ ప్రార్థనా మందిరాలను నిర్మించుకోవడానికి కూడా ప్రభుత్వ అనుమతి పొందలేకపోతున్నారు","[0.08423491567373276, 0.07352493703365326, -0.03571522235870361, -0.06385114043951035, 0.8738177418708801]"
tel_1260f1d330b1a6923276ca652d17f669,"స్వలింగ సంపర్కుల  పట్ల ద్వేషంతో, వారిపై భౌతిక దాడులకు పాల్పడటం క్రూరమైన నేరం",0,0,0,0,1,tel,"[LANG=tel] స్వలింగ సంపర్కుల  పట్ల ద్వేషంతో, వారిపై భౌతిక దాడులకు పాల్పడటం క్రూరమైన నేరం","[-0.45155495405197144, -0.195950448513031, -0.3203565776348114, 0.1563207507133484, 0.7915399670600891]"
tel_787b6e8414d86af0939e71b371e689dc,వృద్ధుల హక్కులను పట్టించుకోవడం లేదు దర్యాప్తు చేయాల్సిన అంశాలు పక్కన వేస్తున్నారు.,0,0,0,0,0,tel,[LANG=tel] వృద్ధుల హక్కులను పట్టించుకోవడం లేదు దర్యాప్తు చేయాల్సిన అంశాలు పక్కన వేస్తున్నారు.,"[-2.5480782985687256, -2.0761141777038574, -2.5292880535125732, -2.1871564388275146, -2.5586647987365723]"
tel_ec8297b2bf601219467bbe7334ebd773,"పర్యావరణ చట్టాలను నిర్లక్ష్యం చేయడం వల్ల, గిరిజన, ఆదివాసీ భూములు పారిశ్రామిక కార్యకలాపాల వల్ల తీవ్రంగా నాశనమవుతున్నాయి",0,1,0,0,1,tel,"[LANG=tel] పర్యావరణ చట్టాలను నిర్లక్ష్యం చేయడం వల్ల, గిరిజన, ఆదివాసీ భూములు పారిశ్రామిక కార్యకలాపాల వల్ల తీవ్రంగా నాశనమవుతున్నాయి","[0.31580495834350586, 0.5095477104187012, -0.293347030878067, -0.1557868868112564, 0.8971475958824158]"
tel_e8b9b1d2bbc39359e7467d2c1f436dbc,ప్రజల సమస్యలను పట్టించుకోరు ప్రజా సంక్షేమం మరపైపోయింది.,0,0,0,0,0,tel,[LANG=tel] ప్రజల సమస్యలను పట్టించుకోరు ప్రజా సంక్షేమం మరపైపోయింది.,"[-1.2911816835403442, -2.0476629734039307, -1.974947452545166, -1.4086382389068604, -1.9460362195968628]"
tel_73117ffc15dad93b4269f6c929209cbb,"ఉత్తర ఐర్లాండ్‌లో, కాథలిక్, ప్రొటెస్టంట్ వర్గాల మధ్య చారిత్రక విభేదాలు, ""బ్రెగ్జిట్"" తర్వాత మళ్లీ ఉద్రిక్తతలకు దారితీశాయి",1,1,0,0,0,tel,"[LANG=tel] ఉత్తర ఐర్లాండ్‌లో, కాథలిక్, ప్రొటెస్టంట్ వర్గాల మధ్య చారిత్రక విభేదాలు, ""బ్రెగ్జిట్"" తర్వాత మళ్లీ ఉద్రిక్తతలకు దారితీశాయి","[0.4203096628189087, 0.3002326786518097, -0.17295187711715698, 0.06911385804414749, 0.1065172553062439]"
tel_cf8d024cf48a7e70333a3a5f5c8a141a,"కొన్ని దేశాలలో బాలికలకు విద్యను నిరాకరిస్తూ, వారిని చిన్న వయసులోనే వివాహాలు చేసుకునేలా ఒత్తిడి చేస్తున్నారు",1,0,0,0,0,tel,"[LANG=tel] కొన్ని దేశాలలో బాలికలకు విద్యను నిరాకరిస్తూ, వారిని చిన్న వయసులోనే వివాహాలు చేసుకునేలా ఒత్తిడి చేస్తున్నారు","[-0.0076003060676157475, 0.3060954809188843, -0.2556385397911072, 0.3810812830924988, 0.30461567640304565]"
tel_5dfdd3b30a88388f69b848cdf10c2a44,సమస్యలకు పరిష్కారం లేదు ఉద్యోగ అవకాశాలు తగ్గిపోతున్నాయి #బాధ.,0,0,0,0,0,tel,[LANG=tel] సమస్యలకు పరిష్కారం లేదు ఉద్యోగ అవకాశాలు తగ్గిపోతున్నాయి #బాధ.,"[-2.0082144737243652, -1.981447458267212, -2.1825942993164062, -1.9702560901641846, -1.9438340663909912]"
tel_a2806025a1ee12249f04111bc58690b9,"ప్రభుత్వాలు తమ వైఫల్యాలను కప్పిపుచ్చుకోవడానికి, ప్రజల భావప్రకటనా స్వేచ్ఛను అణచివేసే ప్రయత్నం చేస్తున్నాయి",1,0,0,0,0,tel,"[LANG=tel] ప్రభుత్వాలు తమ వైఫల్యాలను కప్పిపుచ్చుకోవడానికి, ప్రజల భావప్రకటనా స్వేచ్ఛను అణచివేసే ప్రయత్నం చేస్తున్నాయి","[0.8907731771469116, 0.34144464135169983, -0.10600179433822632, -0.6203132271766663, 0.8027788996696472]"
tel_8239b0a75a6379df67b8055331dc10b8,"విదేశీయుల పట్ల శత్రుభావం వల్ల, వలస వచ్చిన వారు తరచుగా దాడులకు, సామాజిక బహిష్కరణకు గురవుతున్నారు",0,1,0,0,0,tel,"[LANG=tel] విదేశీయుల పట్ల శత్రుభావం వల్ల, వలస వచ్చిన వారు తరచుగా దాడులకు, సామాజిక బహిష్కరణకు గురవుతున్నారు","[0.15399038791656494, 0.725166380405426, -0.4044283330440521, 0.26486295461654663, 0.3026171922683716]"
tel_0126116b2dc5ec851fda33da25c73979,"ప్రభుత్వ విధానాలను వ్యతిరేకిస్తూ శాంతియుతంగా నిరసన తెలిపే వారిపై, పోలీసులు బలప్రయోగం చేసి వారి గొంతు నొక్కుతున్నారు",1,0,0,0,0,tel,"[LANG=tel] ప్రభుత్వ విధానాలను వ్యతిరేకిస్తూ శాంతియుతంగా నిరసన తెలిపే వారిపై, పోలీసులు బలప్రయోగం చేసి వారి గొంతు నొక్కుతున్నారు","[0.8341018557548523, 0.40349578857421875, -0.23454691469669342, 0.18620449304580688, -0.000558486906811595]"
tel_77ab6366185b737da12704af20e17e23,"పేదరికం ఒక వ్యక్తి సోమరితనం వల్ల రాదు, అది వ్యవస్థలో ఉన్న అసమానతల, అవకాశాల కొరత ఫలితం అని చాలామంది గ్రహించరు",0,1,0,0,0,tel,"[LANG=tel] పేదరికం ఒక వ్యక్తి సోమరితనం వల్ల రాదు, అది వ్యవస్థలో ఉన్న అసమానతల, అవకాశాల కొరత ఫలితం అని చాలామంది గ్రహించరు","[-0.18512721359729767, 0.3003120422363281, -0.5353190302848816, 0.4343611001968384, 0.5653041005134583]"
tel_125da036f3a2baaa92e7e31880218964,ప్రభుత్వ విధానాల వల్ల సమాజంలో అసమానతలు ప్రమాదకర స్థాయికి చేరుకున్నాయి #యువత.,0,1,0,1,0,tel,[LANG=tel] ప్రభుత్వ విధానాల వల్ల సమాజంలో అసమానతలు ప్రమాదకర స్థాయికి చేరుకున్నాయి #యువత.,"[-4.231569766998291, -3.549428701400757, -3.582564353942871, -3.3591859340667725, -4.817155838012695]"
tel_a7b889d2fe2f4f4c555fd877ed935fff,గణితశాస్త్రం లోని అల్గారిథమ్‌లు కంప్యూటర్ సైన్స్ మరియు టెక్నాలజీ రంగాలలో కీలకపాత్ర పోషిస్తున్నాయి,0,0,0,0,0,tel,[LANG=tel] గణితశాస్త్రం లోని అల్గారిథమ్‌లు కంప్యూటర్ సైన్స్ మరియు టెక్నాలజీ రంగాలలో కీలకపాత్ర పోషిస్తున్నాయి,"[-3.9323792457580566, -4.413230895996094, -3.4149281978607178, -4.446552753448486, -4.637186050415039]"
tel_bc615929f6a19d085027f61b5834fe22,నిర్లక్ష్యంతో వ్యవహరిస్తున్నారు మానవ హక్కుల ఉల్లంఘనలు కలిగుతున్నాయి #సమాజం.,0,0,0,0,0,tel,[LANG=tel] నిర్లక్ష్యంతో వ్యవహరిస్తున్నారు మానవ హక్కుల ఉల్లంఘనలు కలిగుతున్నాయి #సమాజం.,"[-4.775140285491943, -2.932506561279297, -4.053273677825928, -3.6847598552703857, -4.421746730804443]"
tel_bc33cfc0a63a255b6906f51dcce06ed7,విజయనగర సామ్రాజ్యం శ్రీకృష్ణదేవరాయుని పాలనలో కళలు మరియు సాహిత్యంలో అత్యున్నత స్థాయికి చేరుకుంది,0,0,0,0,0,tel,[LANG=tel] విజయనగర సామ్రాజ్యం శ్రీకృష్ణదేవరాయుని పాలనలో కళలు మరియు సాహిత్యంలో అత్యున్నత స్థాయికి చేరుకుంది,"[-3.949462413787842, -4.548150539398193, -3.1998109817504883, -3.985067367553711, -4.602080821990967]"
tel_9d7b63a4e1b8a6c729ae46a4052cb360,ప్రభుత్వ విధానాల వల్ల పారదర్శకత లోపించడం బాధాకరం ప్రజాస్వామ్య విలువలను కాపాడే బాధ్యత ప్రతి ఒక్కరిదీ.,0,0,0,0,0,tel,[LANG=tel] ప్రభుత్వ విధానాల వల్ల పారదర్శకత లోపించడం బాధాకరం ప్రజాస్వామ్య విలువలను కాపాడే బాధ్యత ప్రతి ఒక్కరిదీ.,"[-4.332500457763672, -3.7948760986328125, -3.907377004623413, -3.8950912952423096, -4.037726879119873]"
tel_74a6125ebed9e2149241ef20c3999357,"రోడ్డు ప్రమాదాలు జరిగినప్పుడు, అంబులెన్స్ సేవలు సకాలంలో స్పందించి, బాధితులను ఆసుపత్రికి తరలించడం వారి ప్రాణాలను కాపాడుతుంది",0,0,0,0,0,tel,"[LANG=tel] రోడ్డు ప్రమాదాలు జరిగినప్పుడు, అంబులెన్స్ సేవలు సకాలంలో స్పందించి, బాధితులను ఆసుపత్రికి తరలించడం వారి ప్రాణాలను కాపాడుతుంది","[-3.989208221435547, -4.042643070220947, -3.6737475395202637, -4.366811275482178, -3.4241111278533936]"
tel_d6785a66664fb67b47267111d2fd5847,"సరైన నిల్వ సౌకర్యాలు లేకపోవడం వల్ల మామిడి, అరటి వంటి పండ్ల ఉత్పత్తిలో అధిక శాతం వృధా అవుతోంది",0,0,0,0,0,tel,"[LANG=tel] సరైన నిల్వ సౌకర్యాలు లేకపోవడం వల్ల మామిడి, అరటి వంటి పండ్ల ఉత్పత్తిలో అధిక శాతం వృధా అవుతోంది","[-1.8233883380889893, -2.0785529613494873, -1.6635068655014038, -2.7149252891540527, -1.4229174852371216]"
tel_27fe6cd6f6e8669fc5e63207b02cd1d1,ఈ చారిత్రక ప్రదేశం అనేక చారిత్రక యుద్ధాలకు మరియు రాజుల కథలకు సాక్ష్యంగా నిలిచింది,0,1,0,1,1,tel,[LANG=tel] ఈ చారిత్రక ప్రదేశం అనేక చారిత్రక యుద్ధాలకు మరియు రాజుల కథలకు సాక్ష్యంగా నిలిచింది,"[0.6209011077880859, -0.20433944463729858, -0.13154345750808716, -0.04473050683736801, 0.36099597811698914]"
tel_ff63401b946debe963d56515533a7ed2,నేల కాలుష్యం వ్యవసాయ ఉత్పాదకతను తగ్గిస్తుంది మరియు ఆహార నాణ్యతను కూడా ప్రభావితం చేస్తుంది,0,0,0,0,0,tel,[LANG=tel] నేల కాలుష్యం వ్యవసాయ ఉత్పాదకతను తగ్గిస్తుంది మరియు ఆహార నాణ్యతను కూడా ప్రభావితం చేస్తుంది,"[-3.675863265991211, -3.483370780944824, -3.303986072540283, -3.3476169109344482, -2.6895880699157715]"
tel_2e148d3a5ce04e8dc0cd9c590e2c8956,ఆ బజార్ లోని దుకాణాలలో విదేశీ వస్తువులు కూడా లభిస్తాయి,0,0,0,0,0,tel,[LANG=tel] ఆ బజార్ లోని దుకాణాలలో విదేశీ వస్తువులు కూడా లభిస్తాయి,"[0.41875165700912476, 0.4652751684188843, -0.21255804598331451, 0.45874565839767456, 0.15681950747966766]"
tel_32d406461a44f7dc7e79c64efe9048fa,"భారతదేశం మరియు పాకిస్తాన్ మధ్య క్రికెట్ మ్యాచ్ కేవలం ఒక క్రీడ మాత్రమే కాదు, అది ఇరు దేశాల మధ్య ప్రతిష్టకు సంబంధించినది",0,0,0,0,0,tel,"[LANG=tel] భారతదేశం మరియు పాకిస్తాన్ మధ్య క్రికెట్ మ్యాచ్ కేవలం ఒక క్రీడ మాత్రమే కాదు, అది ఇరు దేశాల మధ్య ప్రతిష్టకు సంబంధించినది","[-3.8687987327575684, -4.022191524505615, -4.124972343444824, -4.798227310180664, -3.8480281829833984]"
tel_36748fd7e532ca737b1c244bc0d0437f,"వికలాంగులైన మైనారిటీ వర్గాల ప్రజలు, తమ వైకల్యం, జాతి కారణంగా బహుళ స్థాయిలలో వివక్షను ఎదుర్కొంటున్నారు",1,0,0,0,0,tel,"[LANG=tel] వికలాంగులైన మైనారిటీ వర్గాల ప్రజలు, తమ వైకల్యం, జాతి కారణంగా బహుళ స్థాయిలలో వివక్షను ఎదుర్కొంటున్నారు","[0.28053587675094604, -0.007060048636049032, -0.1471714824438095, 0.23277316987514496, 0.14679481089115143]"
tel_59d583e52bfb1341ed33681720016693,"ప్రజాస్వామ్య వ్యవస్థలలో, స్వతంత్ర న్యాయవ్యవస్థ, పత్రికా స్వేచ్ఛను బలహీనపరచడం, నియంతృత్వానికి తొలి అడుగుగా పరిగణించబడుతుంది",1,0,0,0,1,tel,"[LANG=tel] ప్రజాస్వామ్య వ్యవస్థలలో, స్వతంత్ర న్యాయవ్యవస్థ, పత్రికా స్వేచ్ఛను బలహీనపరచడం, నియంతృత్వానికి తొలి అడుగుగా పరిగణించబడుతుంది","[0.3947446942329407, -0.021905073896050453, -0.28501635789871216, -0.8135381937026978, 1.5570567846298218]"
tel_58079377eb11868cfadbfdcde23b6175,"కొన్ని జాతుల వారిని లక్ష్యంగా చేసుకుని పోలీసులు తరచుగా తనిఖీలు చేయడం, వారిపై అనుమానంతో వేధించడం వ్యవస్థీకృత వివక్షకు నిదర్శనం",0,1,0,0,0,tel,"[LANG=tel] కొన్ని జాతుల వారిని లక్ష్యంగా చేసుకుని పోలీసులు తరచుగా తనిఖీలు చేయడం, వారిపై అనుమానంతో వేధించడం వ్యవస్థీకృత వివక్షకు నిదర్శనం","[-0.8211477398872375, 2.734142541885376, -2.1616947650909424, -2.048168420791626, -0.5854642987251282]"
tel_a0af01c3ec2524c8b9b3b32f268d89e7,జంతుశాస్త్రవేత్తలు అంతరించిపోతున్న జంతువుల జాతులను రక్షించడానికి ప్రత్యేక ప్రాజెక్టులను ప్రారంభించారు,0,0,0,1,1,tel,[LANG=tel] జంతుశాస్త్రవేత్తలు అంతరించిపోతున్న జంతువుల జాతులను రక్షించడానికి ప్రత్యేక ప్రాజెక్టులను ప్రారంభించారు,"[0.35882097482681274, 0.11252222210168839, -0.5215020775794983, -0.1528378576040268, 0.5902727842330933]"
tel_0bb64490abe6333c30426e14aaeb8f04,"కొన్ని దేశాలలో మైనారిటీ మతస్తులు తమ విశ్వాసాలను బహిరంగంగా ప్రకటించుకోలేక, తీవ్రమైన హింసకు, అణచివేతకు గురవుతున్నారు",0,0,1,0,0,tel,"[LANG=tel] కొన్ని దేశాలలో మైనారిటీ మతస్తులు తమ విశ్వాసాలను బహిరంగంగా ప్రకటించుకోలేక, తీవ్రమైన హింసకు, అణచివేతకు గురవుతున్నారు","[0.1946578174829483, 0.3216111660003662, -0.3294692635536194, 0.21723146736621857, 0.3796229660511017]"
tel_2725b8d18de156861845e78bd1d260e1,నిల్వ అణచివేసారు స్వచ్ఛంద సేవలు తగ్గాయి.,0,0,0,0,0,tel,[LANG=tel] నిల్వ అణచివేసారు స్వచ్ఛంద సేవలు తగ్గాయి.,"[-2.34495210647583, -2.3910422325134277, -1.8542543649673462, -1.9188270568847656, -2.013664722442627]"
tel_df2dc42c8fca0183c6623ab31aaecc75,"పర్వత శిఖరాలపై ఉండే వాతావరణం చాలా వేగంగా మారుతుంది, ఇది పర్వతారోహకులకు ఒక పెద్ద సవాలు మరియు ప్రమాదకరం",0,0,0,0,0,tel,"[LANG=tel] పర్వత శిఖరాలపై ఉండే వాతావరణం చాలా వేగంగా మారుతుంది, ఇది పర్వతారోహకులకు ఒక పెద్ద సవాలు మరియు ప్రమాదకరం","[-4.485217571258545, -4.264910697937012, -3.3259570598602295, -3.877103805541992, -4.254752159118652]"
tel_e39a452161765bc5e2f7d273760d1eb2,మీకు స్వాతంత్య్ర వచ్చిన తర్వాత బాబాసాహేబ్ అంబేద్కర్ గారు చుపిన బౌద్ధాని దూరం పెట్టి ప్రజాస్వామిక హిందూ మతాన్ని స్థాపిస్తరేమో!,0,0,0,0,0,tel,[LANG=tel] మీకు స్వాతంత్య్ర వచ్చిన తర్వాత బాబాసాహేబ్ అంబేద్కర్ గారు చుపిన బౌద్ధాని దూరం పెట్టి ప్రజాస్వామిక హిందూ మతాన్ని స్థాపిస్తరేమో!,"[1.9836663007736206, -1.1999661922454834, 2.8547778129577637, -3.5892324447631836, -1.334576964378357]"
tel_383b89c56739ea2cea330d9f8ce65fb1,"ఒక దేశ రాజకీయ స్థిరత్వం, ఆ దేశ ఆర్థికాభివృద్ధికి మరియు విదేశీ పెట్టుబడులను ఆకర్షించడానికి చాలా అవసరం",0,0,0,0,0,tel,"[LANG=tel] ఒక దేశ రాజకీయ స్థిరత్వం, ఆ దేశ ఆర్థికాభివృద్ధికి మరియు విదేశీ పెట్టుబడులను ఆకర్షించడానికి చాలా అవసరం","[-4.085636615753174, -4.198624610900879, -3.7840793132781982, -4.232313632965088, -4.161898136138916]"
tel_b1faf650f5fcaa97843f24520486ff06,నగర అవినీతి మరియు సర్వీస్ లోపాలు ప్రజల నమ్మకాన్ని తగ్గిస్తున్నాయి,0,0,0,0,1,tel,[LANG=tel] నగర అవినీతి మరియు సర్వీస్ లోపాలు ప్రజల నమ్మకాన్ని తగ్గిస్తున్నాయి,"[0.45424261689186096, 0.4420299232006073, 0.03425321727991104, 0.15243583917617798, 0.30298900604248047]"
tel_5aa71ccb7b8fecdcb9f5d39ea1d70c0a,"జాతి ఆధారంగా కొన్ని వైద్య సమస్యలను నిర్లక్ష్యం చేయడం వల్ల, మైనారిటీ రోగులు సరైన చికిత్స పొందలేకపోతున్నారు",1,1,0,0,0,tel,"[LANG=tel] జాతి ఆధారంగా కొన్ని వైద్య సమస్యలను నిర్లక్ష్యం చేయడం వల్ల, మైనారిటీ రోగులు సరైన చికిత్స పొందలేకపోతున్నారు","[0.15464703738689423, 0.14139342308044434, -0.3375545144081116, -0.4016139507293701, 0.49991199374198914]"
tel_5726a69d4d1606d9f101f4c45fdfaf7a,ముఖ్య సమస్యలను మర్చిపోతున్నారు.,0,0,0,0,0,tel,[LANG=tel] ముఖ్య సమస్యలను మర్చిపోతున్నారు.,"[-2.7440924644470215, -3.3506946563720703, -3.2276432514190674, -2.6932876110076904, -2.7281334400177]"
tel_ddce118cf04cdb91384786e16396bb12,"తన కంటే తక్కువ కులం వారిని వివాహం చేసుకున్నందుకు, సొంత కుటుంబ సభ్యులే దాడులకు పాల్పడటం అత్యంత క్రూరమైన చర్య",0,1,0,0,0,tel,"[LANG=tel] తన కంటే తక్కువ కులం వారిని వివాహం చేసుకున్నందుకు, సొంత కుటుంబ సభ్యులే దాడులకు పాల్పడటం అత్యంత క్రూరమైన చర్య","[-0.7867380976676941, 1.4055315256118774, -0.3231218755245209, -0.3175544738769531, 0.2120911329984665]"
tel_821cee914cef70a325b655e692f9ece5,సమాజం నిల్వ అణచివేసారు #పర్యావరణం.,0,0,0,0,0,tel,[LANG=tel] సమాజం నిల్వ అణచివేసారు #పర్యావరణం.,"[-3.5371897220611572, -3.1783299446105957, -3.2192671298980713, -2.889453649520874, -3.8526153564453125]"
tel_e825059a2f2bc39d8c40318c9168eaf5,"ఒక నిర్దిష్ట జాతికి చెందిన వ్యక్తి నేరం చేస్తే, ఆ జాతి మొత్తాన్ని నేరస్థులుగా చిత్రీకరించే మీడియా అత్యంత ప్రమాదకరం",0,1,0,0,0,tel,"[LANG=tel] ఒక నిర్దిష్ట జాతికి చెందిన వ్యక్తి నేరం చేస్తే, ఆ జాతి మొత్తాన్ని నేరస్థులుగా చిత్రీకరించే మీడియా అత్యంత ప్రమాదకరం","[-0.381488174200058, 1.4224181175231934, -2.039050817489624, -1.5111825466156006, 1.7586997747421265]"
tel_acb3c2e3f7af175e9fb4ab1ae8040f0b,"మత గ్రంథాల ఆధారంగా శాస్త్రీయ సిద్ధాంతాలను పాఠశాలల్లో బోధించాలని డిమాండ్ చేయడం, విద్యావ్యవస్థ యొక్క లౌకిక స్వభావాన్ని దెబ్బతీస్తుంది",1,0,0,1,0,tel,"[LANG=tel] మత గ్రంథాల ఆధారంగా శాస్త్రీయ సిద్ధాంతాలను పాఠశాలల్లో బోధించాలని డిమాండ్ చేయడం, విద్యావ్యవస్థ యొక్క లౌకిక స్వభావాన్ని దెబ్బతీస్తుంది","[0.20131908357143402, -1.281501293182373, 0.9846488833427429, -2.0812582969665527, 1.1615445613861084]"
tel_7d2a6078993b270ee98cf39df68cb072,"తన భావాలకు సరిపోని రాజకీయ పార్టీని విమర్శిస్తే, ఆ వ్యక్తిని ప్రత్యర్థి పార్టీకి అమ్ముడుపోయాడని సులభంగా ఆరోపించే ధోరణి పెరిగింది",1,0,0,0,0,tel,"[LANG=tel] తన భావాలకు సరిపోని రాజకీయ పార్టీని విమర్శిస్తే, ఆ వ్యక్తిని ప్రత్యర్థి పార్టీకి అమ్ముడుపోయాడని సులభంగా ఆరోపించే ధోరణి పెరిగింది","[3.313041925430298, -2.470158576965332, -2.725517749786377, -2.224611520767212, -5.2252678871154785]"
tel_fce398b2007732e26c8054c6d66cb2bc,సమాజంలో అవినీతి పెరుగుతూ ప్రజల విశ్వాసం కోల్పోతోంది మహిళల భద్రత ప్రభుత్వాల నోట మాటల్లోనే ఉంది.,0,0,0,0,0,tel,[LANG=tel] సమాజంలో అవినీతి పెరుగుతూ ప్రజల విశ్వాసం కోల్పోతోంది మహిళల భద్రత ప్రభుత్వాల నోట మాటల్లోనే ఉంది.,"[-1.0102508068084717, -1.4039613008499146, -0.9343200325965881, 0.396375834941864, -0.6418402194976807]"
tel_02cddc3d216217d8136ce09756ec3a1a,పర్యావరణాన్ని పక్కన వేస్తున్నారు ప్రజల సమస్యలను పట్టించుకోరు.,0,0,0,1,0,tel,[LANG=tel] పర్యావరణాన్ని పక్కన వేస్తున్నారు ప్రజల సమస్యలను పట్టించుకోరు.,"[-1.7305488586425781, -1.9731329679489136, -2.081883430480957, -1.5041477680206299, -1.3753197193145752]"
tel_74f06c51a64e2acd12f1fc012ce4e27f,ప్రస్తుత కాలంలో పర్యావరణ పరిరక్షణ కేవలం ప్రచార నినాదంగా మారింది ప్రజా ప్రతినిధులు బాధ్యతలు మరిచారు.,0,0,0,0,0,tel,[LANG=tel] ప్రస్తుత కాలంలో పర్యావరణ పరిరక్షణ కేవలం ప్రచార నినాదంగా మారింది ప్రజా ప్రతినిధులు బాధ్యతలు మరిచారు.,"[0.47179439663887024, -0.18483926355838776, -0.421832799911499, -0.01917864941060543, 0.3065490424633026]"
tel_20823827cc575af6c5fbb661f8850b7b,"అంతర్జాతీయ సహాయం కూడా కొన్నిసార్లు రాజకీయ పొత్తుల ఆధారంగా పంపిణీ చేయబడి, నిజంగా అవసరమైన దేశాలకు కాకుండా, మిత్ర దేశాలకే చేరుతుంది",1,0,0,0,1,tel,"[LANG=tel] అంతర్జాతీయ సహాయం కూడా కొన్నిసార్లు రాజకీయ పొత్తుల ఆధారంగా పంపిణీ చేయబడి, నిజంగా అవసరమైన దేశాలకు కాకుండా, మిత్ర దేశాలకే చేరుతుంది","[0.9159208536148071, 0.7688893675804138, -0.3507393002510071, -0.27873796224594116, -0.03575143963098526]"
tel_037c1b9bdfee18b7ee0986bc93806331,ప్రభుత్వ విధానాల వల్ల సమాజంలో అసమానతలు ప్రమాదకర స్థాయికి చేరుకున్నాయి పర్యావరణ పరిరక్షణ కేవలం ప్రచార నినాదంగా మారింది.,0,0,0,0,0,tel,[LANG=tel] ప్రభుత్వ విధానాల వల్ల సమాజంలో అసమానతలు ప్రమాదకర స్థాయికి చేరుకున్నాయి పర్యావరణ పరిరక్షణ కేవలం ప్రచార నినాదంగా మారింది.,"[-0.5910227298736572, -3.389817953109741, -2.3309037685394287, -1.7638423442840576, -0.4295523464679718]"
tel_8d8cf190cd9d220237c038256ab9f42f,"ప్రభుత్వ విధానాల వల్ల నష్టపోయిన ప్రజలు నిరసన తెలిపితే, వారిని దేశద్రోహులుగా ముద్ర వేసి అణచివేస్తున్నారు",1,0,0,0,0,tel,"[LANG=tel] ప్రభుత్వ విధానాల వల్ల నష్టపోయిన ప్రజలు నిరసన తెలిపితే, వారిని దేశద్రోహులుగా ముద్ర వేసి అణచివేస్తున్నారు","[0.4240899085998535, 0.20343786478042603, -0.25643399357795715, 0.2098579853773117, -0.10810790956020355]"
tel_946a41bae9ff28978509e1c434560c46,"సోషల్ మీడియా ప్లాట్‌ఫారమ్‌లు తమ కంటెంట్ మోడరేషన్ విధానాలలో పక్షపాతంతో వ్యవహరిస్తూ, కొన్ని వర్గాల గొంతును అణచివేస్తున్నాయి",0,0,0,1,0,tel,"[LANG=tel] సోషల్ మీడియా ప్లాట్‌ఫారమ్‌లు తమ కంటెంట్ మోడరేషన్ విధానాలలో పక్షపాతంతో వ్యవహరిస్తూ, కొన్ని వర్గాల గొంతును అణచివేస్తున్నాయి","[-0.2962772250175476, 0.10574915260076523, -0.9781143069267273, -0.17757606506347656, 1.0627561807632446]"
tel_bd173447b200ab8ec6101c4ddc8aaa22,పబ్లిక్ ఫండ్స్ వినియోగంలో పారదర్శకత లేకపోవడం ప్రజాస్వామ్య వ్యవస్థను దెబ్బతీస్తోంది,1,0,0,0,0,tel,[LANG=tel] పబ్లిక్ ఫండ్స్ వినియోగంలో పారదర్శకత లేకపోవడం ప్రజాస్వామ్య వ్యవస్థను దెబ్బతీస్తోంది,"[-0.356248140335083, 0.11386460810899734, -0.20320133864879608, -0.34595534205436707, -0.7259975075721741]"
tel_8696b4777b0983c62af9d71fb4e84fb7,"ఉబెర్, ఓలా వంటి క్యాబ్ పరిశ్రమలు టెక్నాలజీని ఉపయోగించి రవాణాను సులభతరం చేశాయి, కానీ డ్రైవర్ల ఉద్యోగ భద్రత మరియు వేతనాలపై చర్చ జరుగుతోంది",0,0,0,0,0,tel,"[LANG=tel] ఉబెర్, ఓలా వంటి క్యాబ్ పరిశ్రమలు టెక్నాలజీని ఉపయోగించి రవాణాను సులభతరం చేశాయి, కానీ డ్రైవర్ల ఉద్యోగ భద్రత మరియు వేతనాలపై చర్చ జరుగుతోంది","[-3.5922839641571045, -4.004345417022705, -3.667325258255005, -4.439318656921387, -4.982683181762695]"
tel_64f0554876db8d995da190e6217503d4,ఈరోజుల్లో ప్రజా వనరులు కొద్దిమంది చేతుల్లోనే కేంద్రీకృతమవుతున్నాయి #పర్యావరణం.,0,0,0,0,0,tel,[LANG=tel] ఈరోజుల్లో ప్రజా వనరులు కొద్దిమంది చేతుల్లోనే కేంద్రీకృతమవుతున్నాయి #పర్యావరణం.,"[-4.589547634124756, -3.755581855773926, -3.9094417095184326, -3.968395948410034, -4.3119611740112305]"
tel_ea16e57297dd8f67d51307d8517be647,ఆరోగ్య సేవలు అందుబాటులో లేవు ప్రజల సమస్యలను పట్టించుకోరు.,0,0,0,0,0,tel,[LANG=tel] ఆరోగ్య సేవలు అందుబాటులో లేవు ప్రజల సమస్యలను పట్టించుకోరు.,"[-2.901127815246582, -2.490297794342041, -2.757230281829834, -2.2121739387512207, -1.5351022481918335]"
tel_8ae38aeeb1d71a860957560278767475,కొత్తగా వంట నేర్చుకుంటున్న వారు ప్రత్యేకమైన వంటల పుస్తకాలను చదవడం ద్వారా మంచి వంటలు నేర్చుకుంటారు,0,0,0,0,0,tel,[LANG=tel] కొత్తగా వంట నేర్చుకుంటున్న వారు ప్రత్యేకమైన వంటల పుస్తకాలను చదవడం ద్వారా మంచి వంటలు నేర్చుకుంటారు,"[-1.9603936672210693, -2.3570151329040527, -1.6486315727233887, -1.5503418445587158, -1.1870876550674438]"
tel_c7fbba14be79d65fb3efc0bc2d3a35e6,నౌకాదళం అంతర్జాతీయ జలాల్లో దేశ భద్రతను సమర్థవంతంగా కాపాడుతుంది,1,0,0,0,1,tel,[LANG=tel] నౌకాదళం అంతర్జాతీయ జలాల్లో దేశ భద్రతను సమర్థవంతంగా కాపాడుతుంది,"[0.02008049748837948, -1.2094377279281616, -1.080887794494629, -2.1313979625701904, 0.4429849088191986]"
tel_375b0532c3afbadaf6e94fd17438fcf4,జపాన్ యొక్క ప్రసిద్ధ సుషీ వంటకం ఇప్పుడు ప్రపంచంలోని దాదాపు అన్ని ప్రధాన నగరాల్లోని రెస్టారెంట్లలో లభిస్తుంది,0,0,0,0,0,tel,[LANG=tel] జపాన్ యొక్క ప్రసిద్ధ సుషీ వంటకం ఇప్పుడు ప్రపంచంలోని దాదాపు అన్ని ప్రధాన నగరాల్లోని రెస్టారెంట్లలో లభిస్తుంది,"[-4.229267120361328, -3.9448530673980713, -3.690687417984009, -4.094677448272705, -4.718361854553223]"
tel_1add0146f1b15c7dfd71ef4f3c593a92,ఈ రెస్టారెంట్ స్థానికంగా లభించే పదార్థాలను ఉపయోగించి కొత్త రుచులను సృష్టిస్తూ ప్రజలను ఆకర్షిస్తోంది,1,0,0,0,0,tel,[LANG=tel] ఈ రెస్టారెంట్ స్థానికంగా లభించే పదార్థాలను ఉపయోగించి కొత్త రుచులను సృష్టిస్తూ ప్రజలను ఆకర్షిస్తోంది,"[0.16807185113430023, 0.13754156231880188, 0.09497756510972977, -0.2573591470718384, 0.007097327150404453]"
tel_5eb3b7e3c46e346aa25fe851face9541,"పోలీసుల చేతిలో జాతి మైనారిటీలు హత్యకు గురైనా, ఆ అధికారులకు సరైన శిక్ష పడటం లేదు",0,1,0,1,0,tel,"[LANG=tel] పోలీసుల చేతిలో జాతి మైనారిటీలు హత్యకు గురైనా, ఆ అధికారులకు సరైన శిక్ష పడటం లేదు","[0.26321110129356384, 0.3940334618091583, -0.4041517376899719, -0.33597636222839355, 0.5524485111236572]"
tel_2a4037203f95e558d3da1f16474bc9ec,రాజకీయ నాయకులు ప్రజలకు నిజమైన సమాచారం ఇవ్వడం ద్వారా ప్రజాస్వామ్యాన్ని బలపరుస్తారు,0,0,0,0,0,tel,[LANG=tel] రాజకీయ నాయకులు ప్రజలకు నిజమైన సమాచారం ఇవ్వడం ద్వారా ప్రజాస్వామ్యాన్ని బలపరుస్తారు,"[0.6764655709266663, -1.4718248844146729, -0.7514223456382751, -2.037397861480713, -0.08520644903182983]"
tel_be1c18bf2a1f43cbb8f7356c574faf52,"ఇస్రో ప్రయోగించే ఉపగ్రహాలు కేవలం కమ్యూనికేషన్ కోసమే కాకుండా, దేశ సరిహద్దుల భద్రత మరియు వాతావరణ అంచనాల కోసం కూడా ఉపయోగపడతాయి",0,0,0,0,0,tel,"[LANG=tel] ఇస్రో ప్రయోగించే ఉపగ్రహాలు కేవలం కమ్యూనికేషన్ కోసమే కాకుండా, దేశ సరిహద్దుల భద్రత మరియు వాతావరణ అంచనాల కోసం కూడా ఉపయోగపడతాయి","[-3.9291934967041016, -4.251973628997803, -3.6702637672424316, -4.616393566131592, -4.469940185546875]"
tel_5284b9d05de4d366dc7415fd4238a593,"ఆధునిక స్కిన్‌కేర్ రొటీన్‌లో, కాలుష్యం నుండి చర్మాన్ని రక్షించుకోవడానికి యాంటీ-పొల్యూషన్ క్రీములు మరియు సీరమ్‌ల వాడకం పెరిగింది",0,0,0,0,0,tel,"[LANG=tel] ఆధునిక స్కిన్‌కేర్ రొటీన్‌లో, కాలుష్యం నుండి చర్మాన్ని రక్షించుకోవడానికి యాంటీ-పొల్యూషన్ క్రీములు మరియు సీరమ్‌ల వాడకం పెరిగింది","[-4.2471513748168945, -3.7805421352386475, -4.0875444412231445, -4.100996494293213, -4.9176130294799805]"
tel_243ce494ba185960d3a208c4c4e21d6c,ఇటలీలోని మిలాన్ మరియు ఫ్రాన్స్‌లోని పారిస్ నగరాలు ప్రపంచ ఫ్యాషన్ పరిశ్రమకు రాజధానులుగా ప్రసిద్ధి చెందాయి,0,0,0,0,0,tel,[LANG=tel] ఇటలీలోని మిలాన్ మరియు ఫ్రాన్స్‌లోని పారిస్ నగరాలు ప్రపంచ ఫ్యాషన్ పరిశ్రమకు రాజధానులుగా ప్రసిద్ధి చెందాయి,"[-4.3554205894470215, -4.161749362945557, -4.0940046310424805, -4.082669258117676, -4.55998420715332]"
tel_5a8c4058c8c2c21676859d0ed07f9338,భారతదేశంలోని పశ్చిమ కనుమలు వాటి జీవవైవిధ్యం కారణంగా యునెస్కో ప్రపంచ వారసత్వ ప్రదేశంగా గుర్తింపు పొందాయి,0,0,0,0,0,tel,[LANG=tel] భారతదేశంలోని పశ్చిమ కనుమలు వాటి జీవవైవిధ్యం కారణంగా యునెస్కో ప్రపంచ వారసత్వ ప్రదేశంగా గుర్తింపు పొందాయి,"[-4.439456462860107, -4.0165581703186035, -4.062283515930176, -4.012523174285889, -4.5770583152771]"
tel_d31ee1a4d44e8e1030d02f53fce6f538,కొత్త శాస్త్రీయ ఆవిష్కరణలు మానవ జీవితాన్ని సులభతరం చేస్తాయి,1,0,0,0,0,tel,[LANG=tel] కొత్త శాస్త్రీయ ఆవిష్కరణలు మానవ జీవితాన్ని సులభతరం చేస్తాయి,"[0.2449702024459839, -0.10398762673139572, -0.3893970549106598, -0.2316240817308426, 0.5356829166412354]"
tel_26087de04df728848a1c565c73c49e63,మౌలిక సదుపాయాలు లేకపోతున్నాయి నిర్లక్ష్యంతో వ్యవహరిస్తున్నారు.,0,0,0,0,0,tel,[LANG=tel] మౌలిక సదుపాయాలు లేకపోతున్నాయి నిర్లక్ష్యంతో వ్యవహరిస్తున్నారు.,"[-2.5768258571624756, -1.835070013999939, -2.4101760387420654, -1.954887866973877, -2.972093105316162]"
tel_53f5d2d312257a537d723945ef295f8e,ఈ కుమ్మరి నైపుణ్యం అనేది తరతరాలుగా కొనసాగుతున్న ఒక కళ,0,0,0,0,0,tel,[LANG=tel] ఈ కుమ్మరి నైపుణ్యం అనేది తరతరాలుగా కొనసాగుతున్న ఒక కళ,"[0.34976255893707275, 0.12516358494758606, -0.1850767582654953, 0.06078532338142395, -0.1398676335811615]"
tel_d5cc9812da266a8d441818c001dccc26,"చదువులో రాణించాలనే ఒత్తిడి, పోటీ పరీక్షలలో మంచి ర్యాంకు సాధించాలనే ఆందోళన వంటి కారణాల వల్ల చాలా మంది విద్యార్థులు మానసికంగా కుంగుబాటుకు గురవుతున్నారు",0,0,0,0,0,tel,"[LANG=tel] చదువులో రాణించాలనే ఒత్తిడి, పోటీ పరీక్షలలో మంచి ర్యాంకు సాధించాలనే ఆందోళన వంటి కారణాల వల్ల చాలా మంది విద్యార్థులు మానసికంగా కుంగుబాటుకు గురవుతున్నారు","[-1.0807650089263916, -2.002951145172119, -1.107401728630066, -1.3310737609863281, 0.4912315905094147]"
tel_722515e165beb41b6b8530db50d3f10e,"ఒక నాయకుడు తన జాతి లేదా మతానికి చెందిన వాడనే కారణంతో, అతని తప్పులను కూడా గుడ్డిగా సమర్థించడం సమాజానికి హానికరం",1,1,1,0,0,tel,"[LANG=tel] ఒక నాయకుడు తన జాతి లేదా మతానికి చెందిన వాడనే కారణంతో, అతని తప్పులను కూడా గుడ్డిగా సమర్థించడం సమాజానికి హానికరం","[-0.4621082544326782, 1.2162805795669556, -0.7329094409942627, -0.5488425493240356, -0.16824428737163544]"
tel_e56b81f9902bcd621b1c5917d7452112,"ప్రభుత్వ కార్యక్రమాలలో పారదర్శకతను పెంచడానికి, సాంకేతిక పరిజ్ఞానం చాలా ముఖ్యమైన పాత్ర పోషిస్తుందని తెలిపారు",1,0,0,0,0,tel,"[LANG=tel] ప్రభుత్వ కార్యక్రమాలలో పారదర్శకతను పెంచడానికి, సాంకేతిక పరిజ్ఞానం చాలా ముఖ్యమైన పాత్ర పోషిస్తుందని తెలిపారు","[0.06831461191177368, -0.052579279989004135, -0.4855472147464752, -1.3268896341323853, 1.2676790952682495]"
tel_0f6703d1858a92adff1f46e3b35e6583,"పార్కులు, లైబ్రరీలు మరియు రవాణా వంటి సదుపాయాలు సమానంగా అందట్లేదు",0,0,0,0,1,tel,"[LANG=tel] పార్కులు, లైబ్రరీలు మరియు రవాణా వంటి సదుపాయాలు సమానంగా అందట్లేదు","[0.1376941055059433, -0.17232172191143036, 0.10275270789861679, 0.1236995980143547, 0.41942092776298523]"
tel_92fd221b6713517246880bae26cf034b,"భారతదేశంలోని మ్యాట్రిమోనియల్ ప్రకటనలలో, 'ఫెయిర్', 'తెల్లని' వధువు కావాలనే డిమాండ్లు, సమాజంలో చర్మం రంగు ఆధారంగా పాతుకుపోయిన వర్ణ వివక్షను స్పష్టంగా ప్రతిబింబిస్తాయి",0,1,0,0,0,tel,"[LANG=tel] భారతదేశంలోని మ్యాట్రిమోనియల్ ప్రకటనలలో, 'ఫెయిర్', 'తెల్లని' వధువు కావాలనే డిమాండ్లు, సమాజంలో చర్మం రంగు ఆధారంగా పాతుకుపోయిన వర్ణ వివక్షను స్పష్టంగా ప్రతిబింబిస్తాయి","[0.04368417710065842, 0.46986764669418335, -0.06803364306688309, 0.48362091183662415, 0.7250393033027649]"
tel_d3549c592effa25ff477fc28ff16afd8,ఈ సంవత్సరం క్యాలెండర్ లో ముఖ్యమైన పండుగలు మరియు సెలవుల గురించి ముందే తెలుసుకోవచ్చు,1,0,0,0,0,tel,[LANG=tel] ఈ సంవత్సరం క్యాలెండర్ లో ముఖ్యమైన పండుగలు మరియు సెలవుల గురించి ముందే తెలుసుకోవచ్చు,"[0.5952603220939636, 0.31311550736427307, -0.05246781185269356, 0.19458122551441193, 0.6460396647453308]"
tel_88a6c57c30d0e4e9f76f14212879f155,ఈ సినిమాలో ఉపయోగించిన అత్యాధునిక సాంకేతిక పరిజ్ఞానం చాలామందిని ఆకట్టుకుంది,0,0,0,0,0,tel,[LANG=tel] ఈ సినిమాలో ఉపయోగించిన అత్యాధునిక సాంకేతిక పరిజ్ఞానం చాలామందిని ఆకట్టుకుంది,"[0.7646631002426147, 0.939554750919342, 0.0983315035700798, 0.14331607520580292, 0.6738325357437134]"
tel_7a9bff320e52d7796c5c300c69a442b4,ఆ బజార్ లోని దుకాణాలలో అరుదైన విదేశీ వస్తువులు కూడా లభిస్తాయి,0,0,0,1,0,tel,[LANG=tel] ఆ బజార్ లోని దుకాణాలలో అరుదైన విదేశీ వస్తువులు కూడా లభిస్తాయి,"[-0.044318974018096924, 0.4907629191875458, -0.45044732093811035, 0.2663518786430359, 0.12737919390201569]"
tel_a35f51063510b8b71713c42e7723535d,ఈ కార్యక్రమం విజయవంతం కావడానికి ప్రజలందరి సహకారం చాలా అవసరం అని అధికారులు తెలియజేశారు,1,0,1,0,0,tel,[LANG=tel] ఈ కార్యక్రమం విజయవంతం కావడానికి ప్రజలందరి సహకారం చాలా అవసరం అని అధికారులు తెలియజేశారు,"[0.39535313844680786, 0.5135747790336609, -0.0945911705493927, 0.2505817711353302, 0.5764269232749939]"
tel_94e7ffc1fe4bbe20f60b0000b97c1e80,"ప్రపంచ సముద్రాల కాలుష్యాన్ని తగ్గించడానికి ప్రజలు, ప్రభుత్వం, పరిశ్రమలు కలిసి చర్యలు తీసుకోవాలి",0,0,0,1,0,tel,"[LANG=tel] ప్రపంచ సముద్రాల కాలుష్యాన్ని తగ్గించడానికి ప్రజలు, ప్రభుత్వం, పరిశ్రమలు కలిసి చర్యలు తీసుకోవాలి","[0.07132507860660553, -0.3647998571395874, -0.49762699007987976, -0.23920311033725739, 0.6170018911361694]"
tel_2539e8bb0cfdc01e45d8b03aa4998893,ప్రభుత్వం ప్రజలు న్యాయం కోరుతున్నారు మానవ హక్కుల ఉల్లంఘనలు కలిగుతున్నాయి.,0,0,0,0,0,tel,[LANG=tel] ప్రభుత్వం ప్రజలు న్యాయం కోరుతున్నారు మానవ హక్కుల ఉల్లంఘనలు కలిగుతున్నాయి.,"[-2.1002185344696045, -1.7678916454315186, -2.095447063446045, -0.91172194480896, -2.3473873138427734]"
tel_0162b3d97d8fdc72846c62195589be90,"భారతదేశంలోని దళితులు, అమెరికాలోని నల్లజాతి ప్రజలు వంటి అణగారిన వర్గాలు, న్యాయవ్యవస్థలో వ్యవస్థీకృత పక్షపాతాన్ని, అధిక శిక్షలను ఎదుర్కొంటున్నారు",0,1,1,0,0,tel,"[LANG=tel] భారతదేశంలోని దళితులు, అమెరికాలోని నల్లజాతి ప్రజలు వంటి అణగారిన వర్గాలు, న్యాయవ్యవస్థలో వ్యవస్థీకృత పక్షపాతాన్ని, అధిక శిక్షలను ఎదుర్కొంటున్నారు","[0.2118271142244339, 0.705540120601654, -0.1665160208940506, -0.11061906069517136, 0.7689509987831116]"
tel_a19b8228195afe022f91780a425882f8,"కెనడా తన బహిరంగ వలస విధానాల ద్వారా వివిధ దేశాల నుండి నైపుణ్యం కలిగిన కార్మికులను ఆకర్షిస్తూ, నిరుద్యోగితను అదుపులో ఉంచుతుంది",0,0,0,0,0,tel,"[LANG=tel] కెనడా తన బహిరంగ వలస విధానాల ద్వారా వివిధ దేశాల నుండి నైపుణ్యం కలిగిన కార్మికులను ఆకర్షిస్తూ, నిరుద్యోగితను అదుపులో ఉంచుతుంది","[-3.6996281147003174, -3.732069253921509, -3.5611259937286377, -4.448831081390381, -3.813410520553589]"
tel_49874c280a561a2ad4a39b6786ea9531,బ్రెజిల్‌లో పండించే కాఫీ గింజల ధరలు న్యూయార్క్ కమోడిటీ ఎక్స్ఛేంజ్‌లో ప్రపంచ వాణిజ్యాన్ని ప్రభావితం చేస్తాయి,0,0,0,0,0,tel,[LANG=tel] బ్రెజిల్‌లో పండించే కాఫీ గింజల ధరలు న్యూయార్క్ కమోడిటీ ఎక్స్ఛేంజ్‌లో ప్రపంచ వాణిజ్యాన్ని ప్రభావితం చేస్తాయి,"[-4.668633937835693, -3.636728048324585, -3.9714760780334473, -3.7621564865112305, -4.6720476150512695]"
tel_fa67f0800852040ba7404cc8bb3c939b,"ఒక జాతి మొత్తం చెడ్డదని లేదా మంచిదని ముద్ర వేయడం వల్ల, వ్యక్తుల మధ్య పరస్పర అపనమ్మకాలు, ద్వేషాలు పెరిగిపోతున్నాయి",0,1,0,0,0,tel,"[LANG=tel] ఒక జాతి మొత్తం చెడ్డదని లేదా మంచిదని ముద్ర వేయడం వల్ల, వ్యక్తుల మధ్య పరస్పర అపనమ్మకాలు, ద్వేషాలు పెరిగిపోతున్నాయి","[-0.432317852973938, 1.1425087451934814, -0.7217463254928589, -0.2834791839122772, 0.11677470058202744]"
tel_095173a49bd0a1ced964d5d4e2fcb1bc,"శక్తివంతమైన దేశాలు తమ స్వప్రయోజనాల కోసం బలహీన దేశాల అంతర్గత వ్యవహారాలలో జోక్యం చేసుకుంటూ, ప్రపంచ శాంతికి విఘాతం కలిగిస్తున్నాయి",1,0,0,0,1,tel,"[LANG=tel] శక్తివంతమైన దేశాలు తమ స్వప్రయోజనాల కోసం బలహీన దేశాల అంతర్గత వ్యవహారాలలో జోక్యం చేసుకుంటూ, ప్రపంచ శాంతికి విఘాతం కలిగిస్తున్నాయి","[0.1451859027147293, 0.3395139276981354, -1.1929508447647095, -0.5118892788887024, 0.9609866142272949]"
tel_7558e5a32038b1a64778faae241a2e7e,మహిళల జీవితంలో ప్రజా వనరులు కొద్దిమంది చేతుల్లోనే కేంద్రీకృతమవుతున్నాయి.,0,0,0,0,0,tel,[LANG=tel] మహిళల జీవితంలో ప్రజా వనరులు కొద్దిమంది చేతుల్లోనే కేంద్రీకృతమవుతున్నాయి.,"[-4.025781631469727, -3.907850503921509, -3.449500322341919, -4.021446704864502, -3.7183897495269775]"
tel_fefabbd272d7a6b5086223c29ad0c4bd,"ప్రపంచంలో అనేక భాషలు ఉన్నాయి, వాటిలో కొన్ని వేల సంవత్సరాల చరిత్ర కలిగి ఉన్నాయి",0,0,0,0,0,tel,"[LANG=tel] ప్రపంచంలో అనేక భాషలు ఉన్నాయి, వాటిలో కొన్ని వేల సంవత్సరాల చరిత్ర కలిగి ఉన్నాయి","[-3.5533201694488525, -3.4165260791778564, -2.955413341522217, -2.8463311195373535, -3.2262861728668213]"
tel_407e800f20c83e7222715831be6491b1,రాజకీయంగా ప్రేరణ పొందిన ఇంటర్నెట్ షట్డౌన్‌లు ప్రజలకు నిర్దిష్ట నష్టం కలిగిస్తున్నాయి,1,0,0,0,1,tel,[LANG=tel] రాజకీయంగా ప్రేరణ పొందిన ఇంటర్నెట్ షట్డౌన్‌లు ప్రజలకు నిర్దిష్ట నష్టం కలిగిస్తున్నాయి,"[0.6530644297599792, 0.5745766162872314, -0.0385139174759388, 0.0856124684214592, 0.15490657091140747]"
tel_42d17f0432a68f9a27fd707f4bd35265,ప్రపంచంలోని అనేక నగరాల్లో ప్రజా రవాణా వ్యవస్థలను మెరుగుపరచడం ద్వారా ట్రాఫిక్ మరియు కాలుష్యాన్ని తగ్గించవచ్చు,0,0,0,0,0,tel,[LANG=tel] ప్రపంచంలోని అనేక నగరాల్లో ప్రజా రవాణా వ్యవస్థలను మెరుగుపరచడం ద్వారా ట్రాఫిక్ మరియు కాలుష్యాన్ని తగ్గించవచ్చు,"[-3.3290154933929443, -4.080491542816162, -3.3181984424591064, -4.226094722747803, -4.796113967895508]"
tel_fb79e871436f66789c1edd797a160283,ఇస్రో ప్రయోగించిన రాకెట్ చంద్రుడి ఉపరితలంపై పరిశోధనలు జరపడానికి సంబంధించిన ఉపకరణాలను మోసుకెళ్తుంది,1,1,0,0,0,tel,[LANG=tel] ఇస్రో ప్రయోగించిన రాకెట్ చంద్రుడి ఉపరితలంపై పరిశోధనలు జరపడానికి సంబంధించిన ఉపకరణాలను మోసుకెళ్తుంది,"[0.4233088791370392, -1.0924360752105713, 0.38529592752456665, -0.6473405957221985, -0.408429354429245]"
tel_ab927433b9a9ce73ccecfa4bd7dae605,మానవ హక్కుల ఉల్లంఘనలు కలిగుతున్నాయి దర్యాప్తు చేయాల్సిన అంశాలు పక్కన వేస్తున్నారు.,1,0,0,0,0,tel,[LANG=tel] మానవ హక్కుల ఉల్లంఘనలు కలిగుతున్నాయి దర్యాప్తు చేయాల్సిన అంశాలు పక్కన వేస్తున్నారు.,"[-2.4577338695526123, -1.326688528060913, -1.732253074645996, -0.5687353610992432, -1.554056167602539]"
tel_ab4157f55851ac6e4483152841df37e0,"ఓటు వేయడానికి వెళ్లిన మైనారిటీ ఓటర్లను, అక్కడి అధికారులు రకరకాల ప్రశ్నలతో వేధించి వెనక్కి పంపించేస్తున్నారు",1,1,0,0,0,tel,"[LANG=tel] ఓటు వేయడానికి వెళ్లిన మైనారిటీ ఓటర్లను, అక్కడి అధికారులు రకరకాల ప్రశ్నలతో వేధించి వెనక్కి పంపించేస్తున్నారు","[1.0591093301773071, 0.2377178966999054, -0.19236814975738525, -0.23552702367305756, 0.022244030609726906]"
tel_005ca47cd9677a3065999d87a0a0c1c5,రాజకీయ రంగంలో ప్రజాస్వామ్య విలువలను కాపాడే బాధ్యత ప్రతి ఒక్కరిదీ రైతుల కష్టాలకు సరైన పరిష్కారం కనిపించడం లేదు #న్యాయం.,0,0,0,0,0,tel,[LANG=tel] రాజకీయ రంగంలో ప్రజాస్వామ్య విలువలను కాపాడే బాధ్యత ప్రతి ఒక్కరిదీ రైతుల కష్టాలకు సరైన పరిష్కారం కనిపించడం లేదు #న్యాయం.,"[-3.7592029571533203, -3.75297212600708, -3.321186065673828, -3.1435532569885254, -2.7261734008789062]"
tel_dfc7106c547031827bf1c0261efc30ca,"కొన్ని కార్పొరేషన్లు ప్రైడ్ నెలను మార్కెటింగ్ అవకాశంగా వాడుకుంటూ 'రెయిన్‌బో క్యాపిటలిజం'ను ప్రదర్శిస్తున్నాయి, కానీ ఎల్‌జీబీటీక్యూ+ హక్కులకు నిజమైన మద్దతు ఇవ్వవు",1,0,0,0,0,tel,"[LANG=tel] కొన్ని కార్పొరేషన్లు ప్రైడ్ నెలను మార్కెటింగ్ అవకాశంగా వాడుకుంటూ 'రెయిన్‌బో క్యాపిటలిజం'ను ప్రదర్శిస్తున్నాయి, కానీ ఎల్‌జీబీటీక్యూ+ హక్కులకు నిజమైన మద్దతు ఇవ్వవు","[-1.5461163520812988, -3.0367448329925537, -3.6553850173950195, -3.5323009490966797, 1.5556632280349731]"
tel_13c280f72d2b95e4939247fed608380f,"తమ జాతి లేదా సంస్కృతే గొప్పదని భావించే ఎత్నోసెంట్రిజం, ఇతర సంస్కృతుల పట్ల అగౌరవానికి, సంఘర్షణలకు దారితీస్తుంది",0,1,0,0,1,tel,"[LANG=tel] తమ జాతి లేదా సంస్కృతే గొప్పదని భావించే ఎత్నోసెంట్రిజం, ఇతర సంస్కృతుల పట్ల అగౌరవానికి, సంఘర్షణలకు దారితీస్తుంది","[-0.6505021452903748, 0.9329712390899658, -0.34888318181037903, -0.7284210920333862, -0.21540036797523499]"
tel_ad07129d75cf7ff5589a5b346c27d21e,ఈ ఏడాది జరిగిన అంతర్జాతీయ క్రీడా పోటీలలో మన దేశం నుండి వెళ్లిన ఆటగాళ్లు అద్భుతమైన ప్రతిభను కనబరిచారు,1,0,0,0,0,tel,[LANG=tel] ఈ ఏడాది జరిగిన అంతర్జాతీయ క్రీడా పోటీలలో మన దేశం నుండి వెళ్లిన ఆటగాళ్లు అద్భుతమైన ప్రతిభను కనబరిచారు,"[-0.908532440662384, -1.0373632907867432, -1.158066987991333, -1.8071504831314087, -0.02033521793782711]"
tel_95e65eae47721fc18088bac46c4910e0,"కొన్ని దేశాలలో, స్వలింగ సంపర్కం ఇప్పటికీ ఒక నేరంగా పరిగణించబడి, కఠినమైన శిక్షలు విధిస్తూ, వారి జీవితాలను నాశనం చేస్తున్నారు",1,0,0,0,0,tel,"[LANG=tel] కొన్ని దేశాలలో, స్వలింగ సంపర్కం ఇప్పటికీ ఒక నేరంగా పరిగణించబడి, కఠినమైన శిక్షలు విధిస్తూ, వారి జీవితాలను నాశనం చేస్తున్నారు","[0.2739393711090088, 0.5758872628211975, -0.15453752875328064, 0.23237521946430206, 0.4772656559944153]"
tel_99dc972b504209627a1bf4aca9a8be08,"తామర పువ్వు నీటిలో పెరుగుతుంది, ఇది స్వచ్ఛతకు మరియు ఆధ్యాత్మిక జ్ఞానానికి చిహ్నంగా పరిగణించబడుతుంది",0,0,0,0,0,tel,"[LANG=tel] తామర పువ్వు నీటిలో పెరుగుతుంది, ఇది స్వచ్ఛతకు మరియు ఆధ్యాత్మిక జ్ఞానానికి చిహ్నంగా పరిగణించబడుతుంది","[-4.484039306640625, -3.9580647945404053, -3.9697506427764893, -4.013779163360596, -4.756683349609375]"
tel_852c0066070b2d3fca521741bce80dcb,"యూరప్‌లోని మీడియా సంస్థలు, మధ్యప్రాచ్య శరణార్థులను తరచుగా తీవ్రవాదులుగా, దేశ భద్రతకు ముప్పుగా చిత్రీకరిస్తూ, వారి పట్ల ద్వేషాన్ని పెంచుతున్నాయి",0,0,0,0,1,tel,"[LANG=tel] యూరప్‌లోని మీడియా సంస్థలు, మధ్యప్రాచ్య శరణార్థులను తరచుగా తీవ్రవాదులుగా, దేశ భద్రతకు ముప్పుగా చిత్రీకరిస్తూ, వారి పట్ల ద్వేషాన్ని పెంచుతున్నాయి","[-0.16823725402355194, 1.0045597553253174, 0.295316606760025, -0.7866941094398499, 1.128151774406433]"
tel_6337a6c86ed11899745fe4f2bcdf244d,"'బెనివలెంట్ సెక్సిజం' అనేది, మహిళలు సహజంగానే సంరక్షకులు, సున్నితమైనవారు వంటి సానుకూల మూస అభిప్రాయాల ద్వారా, వారిని సంప్రదాయ పాత్రలకే పరిమితం చేస్తుంది",0,0,0,1,1,tel,"[LANG=tel] 'బెనివలెంట్ సెక్సిజం' అనేది, మహిళలు సహజంగానే సంరక్షకులు, సున్నితమైనవారు వంటి సానుకూల మూస అభిప్రాయాల ద్వారా, వారిని సంప్రదాయ పాత్రలకే పరిమితం చేస్తుంది","[-0.6196514964103699, -2.565885305404663, -2.1959805488586426, 2.823441743850708, 0.1515570729970932]"
tel_5f554928e92550ffeb1a9906fb4c606a,"తమ సంస్కృతిని కాపాడుకునే పేరుతో, ఇతర సంస్కృతుల వారిని అణచివేయాలని చూడటం ఎత్నోసెంట్రిజం యొక్క ప్రమాదకరమైన లక్షణం",0,1,0,0,0,tel,"[LANG=tel] తమ సంస్కృతిని కాపాడుకునే పేరుతో, ఇతర సంస్కృతుల వారిని అణచివేయాలని చూడటం ఎత్నోసెంట్రిజం యొక్క ప్రమాదకరమైన లక్షణం","[-2.1942930221557617, 2.6896989345550537, -2.2703685760498047, -2.5500476360321045, -1.3234468698501587]"
tel_438b8e52c0b1416309647c50bec9eb75,"మైనారిటీ వర్గాలకు చెందిన మహిళలు ఎదుర్కొనే సమస్యలు, మెజారిటీ వర్గ మహిళల సమస్యల కంటే భిన్నంగా, సంక్లిష్టంగా ఉంటాయి",1,0,0,0,0,tel,"[LANG=tel] మైనారిటీ వర్గాలకు చెందిన మహిళలు ఎదుర్కొనే సమస్యలు, మెజారిటీ వర్గ మహిళల సమస్యల కంటే భిన్నంగా, సంక్లిష్టంగా ఉంటాయి","[0.11381983011960983, -0.06554359197616577, -0.09491068869829178, 0.2004155069589615, 0.962202250957489]"
tel_701300b2cb9713f205dc28b1761f0bf3,"రాజకీయ నాయకులు తమ అధికారాన్ని దుర్వినియోగం చేసి, ప్రభుత్వ వనరులను తమ సొంత ప్రయోజనాలకు వాడుకుంటున్నారు",0,0,0,1,0,tel,"[LANG=tel] రాజకీయ నాయకులు తమ అధికారాన్ని దుర్వినియోగం చేసి, ప్రభుత్వ వనరులను తమ సొంత ప్రయోజనాలకు వాడుకుంటున్నారు","[0.5800829529762268, 0.4940812587738037, -0.25044459104537964, 0.19545678794384003, -0.18773026764392853]"
tel_b0ac6d2e24c6509cc5dcd68c24b8a2fa,రాజకీయ రంగంలో విద్యావ్యవస్థలో అసమానతలు పెరుగుతున్నాయి ప్రభుత్వ నిధుల దుర్వినియోగం ఆందోళన కలిగిస్తోంది.,0,0,0,0,0,tel,[LANG=tel] రాజకీయ రంగంలో విద్యావ్యవస్థలో అసమానతలు పెరుగుతున్నాయి ప్రభుత్వ నిధుల దుర్వినియోగం ఆందోళన కలిగిస్తోంది.,"[-3.704805374145508, -2.450861930847168, -2.6186952590942383, -2.8883585929870605, -3.0339629650115967]"
tel_c5c7cc97bcc07089c00151475e6e0415,"తక్కువ ఆదాయ వర్గాల ప్రజలకు ఆరోగ్య సంరక్షణ అల్గారిథమ్‌ పక్షపాతంతో వ్యవహరించి, వారికి అవసరమైన వైద్య సేవలను నిరాకరిస్తున్నాయి",1,0,0,0,1,tel,"[LANG=tel] తక్కువ ఆదాయ వర్గాల ప్రజలకు ఆరోగ్య సంరక్షణ అల్గారిథమ్‌ పక్షపాతంతో వ్యవహరించి, వారికి అవసరమైన వైద్య సేవలను నిరాకరిస్తున్నాయి","[0.3789483606815338, -0.14516399800777435, 0.2708536684513092, 0.031388089060783386, 1.1602795124053955]"
tel_36f45e6bf0aa15d3895da72189e3e39a,"ఎల్.ఎల్.ఎంలు అనేక భాషలను అనువదించగల సామర్థ్యం కలిగి ఉండటం వలన, వివిధ దేశాల మధ్య సాంస్కృతిక మరియు వ్యాపార సంబంధాలు సులభతరమయ్యాయి",0,0,0,0,0,tel,"[LANG=tel] ఎల్.ఎల్.ఎంలు అనేక భాషలను అనువదించగల సామర్థ్యం కలిగి ఉండటం వలన, వివిధ దేశాల మధ్య సాంస్కృతిక మరియు వ్యాపార సంబంధాలు సులభతరమయ్యాయి","[-3.9974617958068848, -3.8715832233428955, -3.60334849357605, -4.653404235839844, -4.050613880157471]"
tel_040ad957ddfb79409e5875b57a0809d7,ఈ జంతువుల సంరక్షణకు ప్రత్యేకమైన చట్టాలు రూపొందించబడ్డాయి,0,0,0,0,1,tel,[LANG=tel] ఈ జంతువుల సంరక్షణకు ప్రత్యేకమైన చట్టాలు రూపొందించబడ్డాయి,"[0.5956899523735046, 0.5125720500946045, -0.11709989607334137, 0.2673214077949524, 0.579011082649231]"
tel_2c12c3b0c9fcbc47f9c2e418fa206ac7,అల్యూమినియం తయారీకి బాక్సైట్ ధాతువును ముడి పదార్థంగా భూమి నుండి తవ్వి తీస్తారు,0,0,0,0,0,tel,[LANG=tel] అల్యూమినియం తయారీకి బాక్సైట్ ధాతువును ముడి పదార్థంగా భూమి నుండి తవ్వి తీస్తారు,"[-4.542207717895508, -3.599480628967285, -3.887017250061035, -3.9562768936157227, -4.785219192504883]"
tel_2f1bdda8afbb01428d77c2e652f1ab05,"రాజకీయ నాయకులు తమ ఓటు బ్యాంకు కోసం, ప్రజల మధ్య మతపరమైన, కులపరమైన విభేదాలను సృష్టిస్తున్నారు",0,1,0,1,0,tel,"[LANG=tel] రాజకీయ నాయకులు తమ ఓటు బ్యాంకు కోసం, ప్రజల మధ్య మతపరమైన, కులపరమైన విభేదాలను సృష్టిస్తున్నారు","[0.5636509656906128, 0.9495391249656677, -0.06442195922136307, -0.603621780872345, 0.1533493846654892]"
tel_81a7ccfae891027dafd8631e1ca668eb,"భారతదేశంలోని గ్రామాలలో దళితులను ఇప్పటికీ దేవాలయాలలోకి అనుమతించకపోవడం, అంటరానితనం యొక్క సజీవ రూపంగా కొనసాగుతోంది",0,1,0,0,1,tel,"[LANG=tel] భారతదేశంలోని గ్రామాలలో దళితులను ఇప్పటికీ దేవాలయాలలోకి అనుమతించకపోవడం, అంటరానితనం యొక్క సజీవ రూపంగా కొనసాగుతోంది","[-0.5007384419441223, 1.3169046640396118, 0.12543271481990814, -0.5673826336860657, 0.21408532559871674]"
tel_aa477568802ede4e519c5f9ac21258cc,"అమెరికాలో ఓటర్లను అణచివేయడానికి కఠినమైన ఐడీ చట్టాలను ఉపయోగిస్తే, భారతదేశంలో మైనారిటీలను లక్ష్యంగా చేసుకుని ఓటరు జాబితాల నుండి పేర్లను తొలగిస్తున్నారు",0,0,0,0,1,tel,"[LANG=tel] అమెరికాలో ఓటర్లను అణచివేయడానికి కఠినమైన ఐడీ చట్టాలను ఉపయోగిస్తే, భారతదేశంలో మైనారిటీలను లక్ష్యంగా చేసుకుని ఓటరు జాబితాల నుండి పేర్లను తొలగిస్తున్నారు","[1.5475537776947021, 0.2558434307575226, -0.834997832775116, -0.685348629951477, -0.22956056892871857]"
tel_9ef36428f29545ec4d16beba25fb6979,"ఈ సమస్యకు శాశ్వత పరిష్కారం కోసం, దీర్ఘకాలిక ప్రణాళికలు రూపొందించాలని నిర్ణయించారు",1,0,0,1,0,tel,"[LANG=tel] ఈ సమస్యకు శాశ్వత పరిష్కారం కోసం, దీర్ఘకాలిక ప్రణాళికలు రూపొందించాలని నిర్ణయించారు","[0.5578521490097046, 0.7044017910957336, 0.13875184953212738, 0.21904434263706207, 0.7393980622291565]"
tel_c421bf249e52c31952f5b32685adbcb1,భారత నావికాదళం  హిందూ మహాసముద్రంలో దేశ సముద్ర ప్రయోజనాలను కాపాడటంలో మరియు స్మగ్లింగ్‌ను అరికట్టడంలో కీలక పాత్ర పోషిస్తుంది,0,0,0,0,0,tel,[LANG=tel] భారత నావికాదళం  హిందూ మహాసముద్రంలో దేశ సముద్ర ప్రయోజనాలను కాపాడటంలో మరియు స్మగ్లింగ్‌ను అరికట్టడంలో కీలక పాత్ర పోషిస్తుంది,"[-3.8511972427368164, -4.186874866485596, -3.7848119735717773, -4.672590732574463, -4.404078006744385]"
tel_6684db20e2661c3cd8385671435bc7f7,ప్రపంచంలోని విభిన్న సంస్కృతులను అర్థం చేసుకోవడం ద్వారా మానవ సంబంధాలు మెరుగుపడతాయి,1,0,0,1,0,tel,[LANG=tel] ప్రపంచంలోని విభిన్న సంస్కృతులను అర్థం చేసుకోవడం ద్వారా మానవ సంబంధాలు మెరుగుపడతాయి,"[0.05440936237573624, 0.27666419744491577, -0.1868409365415573, 0.027234433218836784, 0.5402334332466125]"
tel_178eaa964cb1981949ed3345669028b6,ప్రజాస్వామ్య విలువలు దెబ్బతినేస్తున్నాయి మహిళల భద్రతకు పట్టించుకోవడం లేదు.,0,0,0,1,0,tel,[LANG=tel] ప్రజాస్వామ్య విలువలు దెబ్బతినేస్తున్నాయి మహిళల భద్రతకు పట్టించుకోవడం లేదు.,"[-3.86020565032959, -3.6919922828674316, -3.4315433502197266, -3.8082644939422607, -4.347684860229492]"
tel_43e5ec75ae49a5d76186b67a66a0c8dc,"భారతదేశంలో, దళిత విద్యార్థులు ఇప్పటికీ పాఠశాలల్లో, కళాశాలల్లో సూక్ష్మమైన కుల వివక్షను, సామాజిక బహిష్కరణను ఎదుర్కొంటున్నారు",0,1,0,0,1,tel,"[LANG=tel] భారతదేశంలో, దళిత విద్యార్థులు ఇప్పటికీ పాఠశాలల్లో, కళాశాలల్లో సూక్ష్మమైన కుల వివక్షను, సామాజిక బహిష్కరణను ఎదుర్కొంటున్నారు","[0.4251447916030884, 0.7389500141143799, -0.0008261763723567128, -0.045858435332775116, 0.5536379218101501]"
tel_b5584f744116c634fcfd9687e54c2632,జంతుశాస్త్రవేత్తలు జంతువుల ఆరోగ్యం మరియు జీవన శైలిని అధ్యయనం చేస్తున్నారు,1,0,0,0,0,tel,[LANG=tel] జంతుశాస్త్రవేత్తలు జంతువుల ఆరోగ్యం మరియు జీవన శైలిని అధ్యయనం చేస్తున్నారు,"[0.38010287284851074, 0.153891921043396, -0.2843412160873413, -0.3141820430755615, 0.867071807384491]"
tel_bd13581cadb7fa531e8492e0c230c1e1,"అధిక నియంత్రణ ఉన్న మత సమూహాల నుండి బయటకు వచ్చిన వ్యక్తులు, తమ కుటుంబం, సమాజం నుండి బహిష్కరణకు గురై, తీవ్రమైన మానసిక వేదనను అనుభవిస్తున్నారు",1,0,0,0,1,tel,"[LANG=tel] అధిక నియంత్రణ ఉన్న మత సమూహాల నుండి బయటకు వచ్చిన వ్యక్తులు, తమ కుటుంబం, సమాజం నుండి బహిష్కరణకు గురై, తీవ్రమైన మానసిక వేదనను అనుభవిస్తున్నారు","[-0.1998758167028427, 0.06660885363817215, -0.3079904615879059, -0.0035846070386469364, 0.41580358147621155]"
tel_846ae495c754eb0c44aa060ef25fd822,ఆఫ్రికాలోని అనేక దేశాలలో పేదరికం మరియు కరువుల కారణంగా ఏర్పడుతున్న పోషకాహార లోపాన్ని నివారించడానికి ఐక్యరాజ్యసమితి పనిచేస్తోంది,0,0,0,0,0,tel,[LANG=tel] ఆఫ్రికాలోని అనేక దేశాలలో పేదరికం మరియు కరువుల కారణంగా ఏర్పడుతున్న పోషకాహార లోపాన్ని నివారించడానికి ఐక్యరాజ్యసమితి పనిచేస్తోంది,"[-1.8838130235671997, -2.6177217960357666, -2.1332123279571533, -2.480781316757202, -2.004408359527588]"
tel_ecaf8acd710b8be7ba1e203a37622722,"ఈ పర్యాటక ప్రదేశం అనేక చారిత్రక భవనాలను కలిగి ఉంది, అది చరిత్రను ఇష్టపడేవారికి సరైనది",0,0,0,0,0,tel,"[LANG=tel] ఈ పర్యాటక ప్రదేశం అనేక చారిత్రక భవనాలను కలిగి ఉంది, అది చరిత్రను ఇష్టపడేవారికి సరైనది","[0.5557759404182434, -0.1703905463218689, -0.3619937300682068, -0.32011863589286804, 0.41262349486351013]"
tel_f83d5a13804a1308834089818ffb4d03,ముఖ్య సమస్యలను మర్చిపోతున్నారు వాగ్దానాలు నిజం కావు #న్యాయం.,0,0,0,0,0,tel,[LANG=tel] ముఖ్య సమస్యలను మర్చిపోతున్నారు వాగ్దానాలు నిజం కావు #న్యాయం.,"[-3.2586679458618164, -4.454189777374268, -3.830357313156128, -4.090773582458496, -2.9043571949005127]"
tel_44f8db186ee454bfcff1d28e929d0f74,"'అల్గారిథమిక్ క్రూరత్వం' అనేది, మానవ పర్యవేక్షణ లేకుండా ఆటోమేటెడ్ వ్యవస్థలు ప్రజల సంక్షేమ ప్రయోజనాలను నిలిపివేయడం వంటి కఠిన నిర్ణయాలు తీసుకోవడం",1,1,0,0,1,tel,"[LANG=tel] 'అల్గారిథమిక్ క్రూరత్వం' అనేది, మానవ పర్యవేక్షణ లేకుండా ఆటోమేటెడ్ వ్యవస్థలు ప్రజల సంక్షేమ ప్రయోజనాలను నిలిపివేయడం వంటి కఠిన నిర్ణయాలు తీసుకోవడం","[-0.10678127408027649, -0.26442933082580566, -0.8355078101158142, -0.40434151887893677, 0.6930004954338074]"
tel_136f39c4b82f12ef62a290fddeadfb57,నేటి సమాజంలో మత ఆధారిత రాజకీయాలు విభేదాలు సృష్టిస్తున్నాయి ప్రజా ప్రతినిధులు బాధ్యతలు మరిచారు.,0,0,0,0,0,tel,[LANG=tel] నేటి సమాజంలో మత ఆధారిత రాజకీయాలు విభేదాలు సృష్టిస్తున్నాయి ప్రజా ప్రతినిధులు బాధ్యతలు మరిచారు.,"[0.0035062781535089016, 0.24276356399059296, -0.1844753623008728, 0.12758372724056244, -0.10251021385192871]"
tel_42a0a6d63e02bb08bdb5739460d3c230,"స్వలింగ సంపర్కులను  అసహజంగా, అనైతికంగా చూస్తూ, వారి హక్కులను కాలరాయడం సమాజపు సంకుచితత్వానికి నిదర్శనం",0,0,0,1,0,tel,"[LANG=tel] స్వలింగ సంపర్కులను  అసహజంగా, అనైతికంగా చూస్తూ, వారి హక్కులను కాలరాయడం సమాజపు సంకుచితత్వానికి నిదర్శనం","[-0.07396025210618973, -0.10057219117879868, -0.5236632823944092, -0.01952001266181469, 0.805199146270752]"
tel_bf1387baaa4a8860841c9ae75640c1d6,"వృద్ధులను కుటుంబానికి భారంగా భావించి, వారిని వృద్ధాశ్రమాలలో వదిలివేసే సంస్కృతి పెరుగుతోంది",0,0,1,0,1,tel,"[LANG=tel] వృద్ధులను కుటుంబానికి భారంగా భావించి, వారిని వృద్ధాశ్రమాలలో వదిలివేసే సంస్కృతి పెరుగుతోంది","[0.402721643447876, 0.19319145381450653, -0.10897748172283173, 0.1301523596048355, -0.12864603102207184]"
tel_c3f72a839e9fc1ab30c99f1cc686ee37,ఆర్థిక వ్యవస్థ సృష్టించే అసమానతలు #సమాజం.,1,0,0,0,0,tel,[LANG=tel] ఆర్థిక వ్యవస్థ సృష్టించే అసమానతలు #సమాజం.,"[-4.230976581573486, -3.7712488174438477, -3.7817487716674805, -3.440833330154419, -4.481226921081543]"
tel_4417b6c3ad46fb7213518b7e30e2f1f8,"సమానత్వం గురించి గొప్పగా మాట్లాడే మనం, మన ఇంట్లో పనిచేసే వారిని వారి కులం పేరుతో పిలవడంలోనే మన వివక్ష బయటపడుతుంది",0,1,0,0,1,tel,"[LANG=tel] సమానత్వం గురించి గొప్పగా మాట్లాడే మనం, మన ఇంట్లో పనిచేసే వారిని వారి కులం పేరుతో పిలవడంలోనే మన వివక్ష బయటపడుతుంది","[-1.6347172260284424, 2.5116522312164307, -1.021448016166687, -1.5104007720947266, -0.5548801422119141]"
tel_9cbbc61e5633487fe33d9001e580b340,చలనచిత్రాలు సమాజంలో మార్పు తీసుకురావడంలో కీలక పాత్ర పోషిస్తాయి,1,0,0,0,1,tel,[LANG=tel] చలనచిత్రాలు సమాజంలో మార్పు తీసుకురావడంలో కీలక పాత్ర పోషిస్తాయి,"[-2.7412612438201904, -2.9023845195770264, -2.093810796737671, -4.697648525238037, -1.1458426713943481]"
tel_5d59805d51197a739ee9e4b2af28cfbb,ప్రజల మధ్య ప్రజాస్వామ్య విలువలను కాపాడే బాధ్యత ప్రతి ఒక్కరిదీ సమాజంలో విభజనలు పెరుగుతున్నాయి.,0,0,0,0,0,tel,[LANG=tel] ప్రజల మధ్య ప్రజాస్వామ్య విలువలను కాపాడే బాధ్యత ప్రతి ఒక్కరిదీ సమాజంలో విభజనలు పెరుగుతున్నాయి.,"[-2.5385124683380127, -2.610668182373047, -2.2638936042785645, -2.9233016967773438, -2.143376350402832]"
tel_e4a162b885903b8e10a7b1655c26e6ee,"ఎన్నికల ప్రక్రియలో ధన ప్రవాహం పెరిగిపోవడం వల్ల, నిజాయితీపరులైన సామాన్య అభ్యర్థులు పోటీ చేయలేకపోతున్నారు",1,0,0,0,0,tel,"[LANG=tel] ఎన్నికల ప్రక్రియలో ధన ప్రవాహం పెరిగిపోవడం వల్ల, నిజాయితీపరులైన సామాన్య అభ్యర్థులు పోటీ చేయలేకపోతున్నారు","[1.547760248184204, -0.2944163382053375, -0.30532053112983704, -1.0352230072021484, 0.2136354297399521]"
tel_56904568939e75b0b634aefe65f32965,రాజకీయ రంగంలో సామాజిక న్యాయం కేవలం కాగితాలపైనే ఉంది పారదర్శకత లోపించడం బాధాకరం.,0,0,0,0,1,tel,[LANG=tel] రాజకీయ రంగంలో సామాజిక న్యాయం కేవలం కాగితాలపైనే ఉంది పారదర్శకత లోపించడం బాధాకరం.,"[-3.0828700065612793, -3.6701345443725586, -2.930877923965454, -3.611947774887085, -4.435628890991211]"
tel_c3b3e12f49577d3fe219712744f9331d,"యూరప్‌లో యూదు సమాజంపై జరుగుతున్న దాడులు, చారిత్రక ద్వేషం ఇంకా బ్రతికే ఉందని, అది ప్రమాదకరమని చూపుతుంది",0,1,0,0,1,tel,"[LANG=tel] యూరప్‌లో యూదు సమాజంపై జరుగుతున్న దాడులు, చారిత్రక ద్వేషం ఇంకా బ్రతికే ఉందని, అది ప్రమాదకరమని చూపుతుంది","[-0.06414685398340225, 0.5502552390098572, 0.6061052680015564, -1.4487502574920654, 0.2935512661933899]"
tel_b34699c040075859c4d3e30dfb420400,ప్రభుత్వం వృద్ధుల హక్కులను పట్టించుకోవడం లేదు.,0,0,0,0,1,tel,[LANG=tel] ప్రభుత్వం వృద్ధుల హక్కులను పట్టించుకోవడం లేదు.,"[-1.0683140754699707, -0.9918456077575684, -1.6898239850997925, -1.3211579322814941, -0.9130392074584961]"
tel_ae8b570ddc646338a24374118c5fdd93,"సమయం యొక్క విలువను గుర్తించి, దానిని సరిగ్గా ఉపయోగించుకున్న వ్యక్తులు మరియు సమాజాలు చరిత్రలో ఎల్లప్పుడూ విజయం సాధించాయి",0,0,0,0,0,tel,"[LANG=tel] సమయం యొక్క విలువను గుర్తించి, దానిని సరిగ్గా ఉపయోగించుకున్న వ్యక్తులు మరియు సమాజాలు చరిత్రలో ఎల్లప్పుడూ విజయం సాధించాయి","[-2.4951229095458984, -4.669382572174072, -2.316159963607788, -4.197639465332031, -1.7740856409072876]"
tel_c2c160c4fb829d1e9db55262ba2f6ebb,ఒక నిర్దిష్ట జాతికి చెందిన వ్యక్తులు సహజంగానే కొన్ని నైపుణ్యాలలో వెనుకబడి ఉంటారనే అబద్ధాలను ప్రచారం చేస్తున్నారు,0,1,0,0,0,tel,[LANG=tel] ఒక నిర్దిష్ట జాతికి చెందిన వ్యక్తులు సహజంగానే కొన్ని నైపుణ్యాలలో వెనుకబడి ఉంటారనే అబద్ధాలను ప్రచారం చేస్తున్నారు,"[-2.789929151535034, 2.6618473529815674, -2.4720726013183594, -1.5883208513259888, -0.9190094470977783]"
tel_3f7d10b8c910e52a56a237e5afa35348,"ఆ నటుడు తన పాత్రకు పూర్తిగా న్యాయం చేసి, విమర్శకుల ప్రశంసలు మరియు ప్రేక్షకుల అభిమానాన్ని పొందాడు",0,0,0,1,1,tel,"[LANG=tel] ఆ నటుడు తన పాత్రకు పూర్తిగా న్యాయం చేసి, విమర్శకుల ప్రశంసలు మరియు ప్రేక్షకుల అభిమానాన్ని పొందాడు","[0.18720515072345734, -0.4960209131240845, -0.2986404299736023, -0.26486936211586, -0.2304559051990509]"
tel_9fc0b686159766763654d364390822ec,"మానసిక ఆరోగ్య సమస్యలతో బాధపడే వారిని బలహీనులుగా, పిచ్చివారిగా ముద్ర వేయడం వల్ల, వారు సహాయం కోరడానికి వెనుకాడుతున్నారు",0,0,0,0,1,tel,"[LANG=tel] మానసిక ఆరోగ్య సమస్యలతో బాధపడే వారిని బలహీనులుగా, పిచ్చివారిగా ముద్ర వేయడం వల్ల, వారు సహాయం కోరడానికి వెనుకాడుతున్నారు","[-1.0630360841751099, -0.450373113155365, -0.9321631193161011, -0.1658724993467331, 1.5131080150604248]"
tel_9ba880a7d88cb1eb6f16651cf0e591b3,"ఆన్‌లైన్ రిటైల్ పోటీని ఎదుర్కోవడానికి, స్థానిక దుకాణాలు వినియోగదారులకు మెరుగైన వ్యక్తిగత సేవ మరియు అనుభవాన్ని అందించడంపై దృష్టి పెడుతున్నాయి",0,0,0,0,0,tel,"[LANG=tel] ఆన్‌లైన్ రిటైల్ పోటీని ఎదుర్కోవడానికి, స్థానిక దుకాణాలు వినియోగదారులకు మెరుగైన వ్యక్తిగత సేవ మరియు అనుభవాన్ని అందించడంపై దృష్టి పెడుతున్నాయి","[-4.055988311767578, -4.09205436706543, -3.475477457046509, -4.59138298034668, -4.266899108886719]"
tel_d2193bb90a2ebfbb7c47a7aca87ba7ae,ఆర్థిక వ్యవస్థ సృష్టించే అసమానతలు ఆరోగ్య సేవలు అందుబాటులో లేవు #ఆస్పద.,0,0,0,0,0,tel,[LANG=tel] ఆర్థిక వ్యవస్థ సృష్టించే అసమానతలు ఆరోగ్య సేవలు అందుబాటులో లేవు #ఆస్పద.,"[-3.6405372619628906, -2.8763933181762695, -3.179919958114624, -2.53898549079895, -3.1674675941467285]"
tel_7db5004a1cc08417c36c3a66ea5a6ada,రైతుల పట్ల సమాజంలో విభజనలు పెరుగుతున్నాయి ప్రజా సేవ కంటే వ్యక్తిగత ప్రయోజనాలకు ప్రాధాన్యత ఇస్తున్నారు #పర్యావరణం.,0,0,0,0,0,tel,[LANG=tel] రైతుల పట్ల సమాజంలో విభజనలు పెరుగుతున్నాయి ప్రజా సేవ కంటే వ్యక్తిగత ప్రయోజనాలకు ప్రాధాన్యత ఇస్తున్నారు #పర్యావరణం.,"[-4.608550548553467, -3.5764801502227783, -3.9307422637939453, -3.742138147354126, -4.490678787231445]"
tel_10eb66b8209212f3925f37b52653ae3e,"ఇస్లామిక్ దేశాలలో నివసించే ఇతర మతస్తులు, తమ పండుగలను బహిరంగంగా జరుపుకోలేని నిర్బంధ పరిస్థితులు ఉన్నాయి",0,0,1,0,0,tel,"[LANG=tel] ఇస్లామిక్ దేశాలలో నివసించే ఇతర మతస్తులు, తమ పండుగలను బహిరంగంగా జరుపుకోలేని నిర్బంధ పరిస్థితులు ఉన్నాయి","[-0.6616114377975464, -0.020547736436128616, 0.5975068211555481, -0.35314419865608215, 0.6460303664207458]"
tel_633e15d4efc2d4d92197ba7883145f81,ప్రభుత్వ విధానాల వల్ల మత ఆధారిత రాజకీయాలు విభేదాలు సృష్టిస్తున్నాయి.,0,0,1,0,0,tel,[LANG=tel] ప్రభుత్వ విధానాల వల్ల మత ఆధారిత రాజకీయాలు విభేదాలు సృష్టిస్తున్నాయి.,"[0.11237701773643494, 0.15861964225769043, -0.20455148816108704, 0.19357328116893768, -0.005366957746446133]"
tel_5bd919cd3a8893b30a909891e4e3cbb2,"ఒక స్త్రీ తనపై జరిగిన లైంగిక వేధింపుల గురించి ఆలస్యంగా ఫిర్యాదు చేస్తే, ఇన్ని రోజులు ఎందుకు మౌనంగా ఉన్నావని ఆమెనే ప్రశ్నించే సమాజమిది",0,0,0,1,0,tel,"[LANG=tel] ఒక స్త్రీ తనపై జరిగిన లైంగిక వేధింపుల గురించి ఆలస్యంగా ఫిర్యాదు చేస్తే, ఇన్ని రోజులు ఎందుకు మౌనంగా ఉన్నావని ఆమెనే ప్రశ్నించే సమాజమిది","[-1.4678220748901367, -4.368272304534912, -2.3993306159973145, 2.406851053237915, -2.2205543518066406]"
tel_5b446dee06d802e11ae0ca38356f75d1,నాయకులు అవినీతి పెరిగింది స్వచ్ఛంద సేవలు తగ్గాయి.,0,0,0,0,0,tel,[LANG=tel] నాయకులు అవినీతి పెరిగింది స్వచ్ఛంద సేవలు తగ్గాయి.,"[-1.1891525983810425, -1.4310085773468018, -1.4407697916030884, -0.9627335667610168, -1.0668044090270996]"
tel_cd98f8be8684bd6c0d776068cd2104c6,"పాఠశాల బస్సులలో జీపీఎస్ ట్రాకింగ్ మరియు సీసీటీవీ కెమెరాలను ఏర్పాటు చేయడం ద్వారా, విద్యార్థుల ప్రయాణ భద్రతను తల్లిదండ్రులు పర్యవేక్షించవచ్చు",0,0,0,0,0,tel,"[LANG=tel] పాఠశాల బస్సులలో జీపీఎస్ ట్రాకింగ్ మరియు సీసీటీవీ కెమెరాలను ఏర్పాటు చేయడం ద్వారా, విద్యార్థుల ప్రయాణ భద్రతను తల్లిదండ్రులు పర్యవేక్షించవచ్చు","[-4.009761810302734, -4.216315269470215, -3.786360025405884, -4.283572196960449, -4.851151943206787]"
tel_78ff310f568ebd67de48b78b25c358af,"రాజకీయ నాయకులు తమ అధికారాన్ని దుర్వినియోగం చేస్తూ, ప్రభుత్వ వనరులను తమ సొంత ప్రయోజనాలకు వాడుకుంటారు",0,0,0,1,0,tel,"[LANG=tel] రాజకీయ నాయకులు తమ అధికారాన్ని దుర్వినియోగం చేస్తూ, ప్రభుత్వ వనరులను తమ సొంత ప్రయోజనాలకు వాడుకుంటారు","[0.45401909947395325, 0.4372250735759735, -0.159687340259552, 0.088619165122509, 0.021287361159920692]"
tel_0f90f6232b545a02aab9bff779aff2c7,సముద్రాలు వివిధ రకాల చేపలు మరియు ఇతర జీవులకు నిలయం,1,1,0,0,0,tel,[LANG=tel] సముద్రాలు వివిధ రకాల చేపలు మరియు ఇతర జీవులకు నిలయం,"[-4.4812703132629395, -3.686779737472534, -3.213801145553589, -3.5582025051116943, -3.5970706939697266]"
tel_e94a3b0b7a944d6ddedf26988b8425fb,"కోవిడ్మహమ్మారి సమయంలో, ఆన్‌లైన్ రిటైల్ మరియు ఇ-కామర్స్ అమ్మకాలు విపరీతంగా పెరిగాయి, ఇది వినియోగదారుల కొనుగోలు అలవాట్లను మార్చేసింది",0,0,0,0,0,tel,"[LANG=tel] కోవిడ్మహమ్మారి సమయంలో, ఆన్‌లైన్ రిటైల్ మరియు ఇ-కామర్స్ అమ్మకాలు విపరీతంగా పెరిగాయి, ఇది వినియోగదారుల కొనుగోలు అలవాట్లను మార్చేసింది","[-4.099794864654541, -4.028054237365723, -3.5562667846679688, -3.989535093307495, -4.913402557373047]"
tel_20ff1f797a913358ba2558eb2a2d2c5c,సమాజంలో విద్యా హక్కు అందరికీ అందుబాటులో ఉండాలి #యువత.,0,0,0,0,1,tel,[LANG=tel] సమాజంలో విద్యా హక్కు అందరికీ అందుబాటులో ఉండాలి #యువత.,"[-3.4806528091430664, -3.7196075916290283, -2.8939321041107178, -3.3439111709594727, -2.1924500465393066]"
tel_89194fab6aefbce885d5eacb1d0c1bee,"జన్యు సవరణ  వంటి బయోటెక్నాలజీలు, ధనిక, పేద దేశాల మధ్య కొత్త రకమైన ఆరోగ్య అసమానతలను సృష్టించగలవని ఆందోళనలు ఉన్నాయి",0,0,0,1,1,tel,"[LANG=tel] జన్యు సవరణ  వంటి బయోటెక్నాలజీలు, ధనిక, పేద దేశాల మధ్య కొత్త రకమైన ఆరోగ్య అసమానతలను సృష్టించగలవని ఆందోళనలు ఉన్నాయి","[0.4060828387737274, 0.2223476618528366, 0.09720266610383987, 0.3246803879737854, 0.6075831651687622]"
tel_25054872f0c15f5fb4d4b1b100bcd451,ప్రజాస్వామ్య దేశంలో యువత నిరుద్యోగంతో ఆందోళనలో ఉంది #ప్రజాస్వామ్యం.,0,0,0,0,0,tel,[LANG=tel] ప్రజాస్వామ్య దేశంలో యువత నిరుద్యోగంతో ఆందోళనలో ఉంది #ప్రజాస్వామ్యం.,"[-0.6661670804023743, -0.517004132270813, -0.8090494275093079, -0.33553802967071533, -0.110201895236969]"
tel_519cf6139b4c6b9aa07176bc4a2f204a,అంతర్జాతీయ మానవ హక్కుల నిబంధనలను పాటించకపోవడం కొన్ని దేశాల హైపోక్రసీ చూపిస్తుంది,0,0,0,0,1,tel,[LANG=tel] అంతర్జాతీయ మానవ హక్కుల నిబంధనలను పాటించకపోవడం కొన్ని దేశాల హైపోక్రసీ చూపిస్తుంది,"[-0.047647640109062195, 0.2511667013168335, -0.28506094217300415, 0.06884313374757767, 0.29871636629104614]"
tel_6666e37ad131d3db190fd7d02de54719,ప్రపంచ రాజకీయాలలో దేశాల మధ్య స్నేహ సంబంధాలు పెరగడానికి చర్చలు జరుగుతున్నాయి,0,1,0,1,0,tel,[LANG=tel] ప్రపంచ రాజకీయాలలో దేశాల మధ్య స్నేహ సంబంధాలు పెరగడానికి చర్చలు జరుగుతున్నాయి,"[0.47022756934165955, 0.5542370676994324, -0.3783963620662689, 0.3571445345878601, 0.23754870891571045]"
tel_379d2d077afc9ad29ed890f1a097d64d,"కోవిడ్ తర్వాత, ప్రపంచ పర్యాటక రంగం నెమ్మదిగా కోలుకుంటోంది, కానీ ఇప్పటికీ అనేక సవాళ్లను ఎదుర్కొంటోంది",0,0,0,0,0,tel,"[LANG=tel] కోవిడ్ తర్వాత, ప్రపంచ పర్యాటక రంగం నెమ్మదిగా కోలుకుంటోంది, కానీ ఇప్పటికీ అనేక సవాళ్లను ఎదుర్కొంటోంది","[-4.278826713562012, -3.9918668270111084, -3.8088455200195312, -4.49242639541626, -3.4554085731506348]"
tel_284a0aae942c02a56550f889a87eccf4,"ఒలింపిక్ క్రీడలు ప్రాచీన గ్రీస్‌లో ప్రారంభమయ్యాయి, ఇవి ప్రపంచ దేశాల మధ్య స్నేహాన్ని పెంపొందిస్తాయి",0,0,0,0,0,tel,"[LANG=tel] ఒలింపిక్ క్రీడలు ప్రాచీన గ్రీస్‌లో ప్రారంభమయ్యాయి, ఇవి ప్రపంచ దేశాల మధ్య స్నేహాన్ని పెంపొందిస్తాయి","[-4.081240177154541, -4.244403839111328, -3.706319570541382, -4.59428071975708, -4.348236083984375]"
tel_aae6b525de823d1fd37cce105126a3ef,నాయకులు దర్యాప్తు చేయాల్సిన అంశాలు పక్కన వేస్తున్నారు ప్రజా సంక్షేమం మరపైపోయింది.,0,0,0,0,0,tel,[LANG=tel] నాయకులు దర్యాప్తు చేయాల్సిన అంశాలు పక్కన వేస్తున్నారు ప్రజా సంక్షేమం మరపైపోయింది.,"[-2.2685093879699707, -3.4278476238250732, -2.636817216873169, -2.6275267601013184, -3.747008800506592]"
tel_2b9742c8c5775a62706ec96efdf963a3,నాయకులు నిల్వ అణచివేసారు #బాధ.,0,0,0,0,0,tel,[LANG=tel] నాయకులు నిల్వ అణచివేసారు #బాధ.,"[-0.2598578929901123, -1.8316757678985596, -1.714641809463501, -1.334475040435791, -2.445382833480835]"
tel_7ce694090dec44e0b1e571f70375f299,"టెక్ కంపెనీలు తమ ఉత్పత్తులను వినియోగదారులే మరమ్మతు చేసుకోకుండా అడ్డుకోవడం ('రైట్ టు రిపేర్' హక్కును నిరాకరించడం), ఎలక్ట్రానిక్ వ్యర్థాలను పెంచుతోంది",1,0,0,1,1,tel,"[LANG=tel] టెక్ కంపెనీలు తమ ఉత్పత్తులను వినియోగదారులే మరమ్మతు చేసుకోకుండా అడ్డుకోవడం ('రైట్ టు రిపేర్' హక్కును నిరాకరించడం), ఎలక్ట్రానిక్ వ్యర్థాలను పెంచుతోంది","[-0.44341427087783813, -1.475801706314087, -1.8556793928146362, -1.1617244482040405, 1.620551347732544]"
tel_c164c0c483502a4ddeae97f36ae87490,"కోట్లాది రూపాయలు ఖర్చుపెట్టి ఎన్నికలలో గెలిచిన నాయకులు, ఆ డబ్బును తిరిగి సంపాదించుకోవడానికి అవినీతి మార్గాలను ఎంచుకుంటున్నారు",1,0,0,0,0,tel,"[LANG=tel] కోట్లాది రూపాయలు ఖర్చుపెట్టి ఎన్నికలలో గెలిచిన నాయకులు, ఆ డబ్బును తిరిగి సంపాదించుకోవడానికి అవినీతి మార్గాలను ఎంచుకుంటున్నారు","[1.8933929204940796, -0.29974818229675293, -0.5178393721580505, -0.35255956649780273, -1.5870169401168823]"
tel_d13ea7eed7edfbda3b83df6362bd8f6c,"సినిమాటోగ్రాఫర్లు మరియు దర్శకులు, ఒక కథను దృశ్యరూపంలో అందంగా చెప్పడానికి తమ సృజనాత్మకతను మరియు సాంకేతిక నైపుణ్యాన్ని ఉపయోగిస్తారు",0,0,0,0,0,tel,"[LANG=tel] సినిమాటోగ్రాఫర్లు మరియు దర్శకులు, ఒక కథను దృశ్యరూపంలో అందంగా చెప్పడానికి తమ సృజనాత్మకతను మరియు సాంకేతిక నైపుణ్యాన్ని ఉపయోగిస్తారు","[-4.311720848083496, -4.127867221832275, -3.727160930633545, -4.4668989181518555, -4.453055381774902]"
tel_9548d86be7d9865559ef1a132487a919,ప్రజల దృష్టిలో విద్యా హక్కు అందరికీ అందుబాటులో ఉండాలి.,0,0,0,0,0,tel,[LANG=tel] ప్రజల దృష్టిలో విద్యా హక్కు అందరికీ అందుబాటులో ఉండాలి.,"[-4.320125102996826, -4.043749809265137, -3.447469472885132, -4.111222267150879, -3.209167718887329]"
tel_4f3dd491834b758516cdd3243f9837c5,యువతలో ప్రజా వనరులు కొద్దిమంది చేతుల్లోనే కేంద్రీకృతమవుతున్నాయి విద్యా హక్కు అందరికీ అందుబాటులో ఉండాలి #యువత.,0,0,0,0,0,tel,[LANG=tel] యువతలో ప్రజా వనరులు కొద్దిమంది చేతుల్లోనే కేంద్రీకృతమవుతున్నాయి విద్యా హక్కు అందరికీ అందుబాటులో ఉండాలి #యువత.,"[-3.86736798286438, -3.8332769870758057, -3.0434210300445557, -4.749303340911865, -3.1040561199188232]"
tel_da5ce3ba32d01d22082a20241e6d89fd,"మైక్రోసాఫ్ట్ ఇండియా వంటి బహుళజాతి కంపెనీలలో, పిల్లలు పుట్టిన తర్వాత మహిళలు ప్రమోషన్లు కోల్పోవడం ఒక సాధారణ సమస్యగా మారింది",1,0,0,0,0,tel,"[LANG=tel] మైక్రోసాఫ్ట్ ఇండియా వంటి బహుళజాతి కంపెనీలలో, పిల్లలు పుట్టిన తర్వాత మహిళలు ప్రమోషన్లు కోల్పోవడం ఒక సాధారణ సమస్యగా మారింది","[-1.304769515991211, -3.4989352226257324, -1.7080961465835571, 0.8625587224960327, -2.0539183616638184]"
tel_7c78cbcd0ef77f82c0929118fa8dc480,"ఈ పుస్తకం దాని ప్రత్యేకమైన కథాంశం కోసం ప్రశంసలు పొందింది, అది చాలామంది పాఠకులను ఆకట్టుకుంది",0,0,0,0,0,tel,"[LANG=tel] ఈ పుస్తకం దాని ప్రత్యేకమైన కథాంశం కోసం ప్రశంసలు పొందింది, అది చాలామంది పాఠకులను ఆకట్టుకుంది","[0.28594619035720825, -0.4618496000766754, -0.2019454538822174, -0.4012109041213989, 0.20326803624629974]"
tel_d30eb06024773449fb64a75b78941c56,"నియామకాలు, రుణాల మంజూరులో ఏఐ చూపిస్తున్న పక్షపాతం, ఇప్పటికే ఉన్న సామాజిక, ఆర్థిక అసమానతలను మరింత పెంచుతోంది",0,0,0,1,0,tel,"[LANG=tel] నియామకాలు, రుణాల మంజూరులో ఏఐ చూపిస్తున్న పక్షపాతం, ఇప్పటికే ఉన్న సామాజిక, ఆర్థిక అసమానతలను మరింత పెంచుతోంది","[0.7907359004020691, 0.5416955351829529, 0.0748896673321724, -0.06671585142612457, 0.3059360980987549]"
tel_4ea76f560abb920f7b13097089365df9,చైనా గోడను ఉత్తర సరిహద్దుల నుండి దాడులను నివారించడానికి చైనా చక్రవర్తులు నిర్మించారు,0,0,0,0,0,tel,[LANG=tel] చైనా గోడను ఉత్తర సరిహద్దుల నుండి దాడులను నివారించడానికి చైనా చక్రవర్తులు నిర్మించారు,"[-1.3660171031951904, -2.3928542137145996, -0.4964148998260498, -2.0437726974487305, 0.0733284056186676]"
tel_93b62431afb2a7f29f7eca20f8213986,పెన్షన్ ను సకాలంలో లబ్ధిదారులకు అందిస్తూ సంక్షేమ పాలనకు శ్రీకారం చుట్టిన జగనన్న ప్రభుత్వం,0,0,0,0,0,tel,[LANG=tel] పెన్షన్ ను సకాలంలో లబ్ధిదారులకు అందిస్తూ సంక్షేమ పాలనకు శ్రీకారం చుట్టిన జగనన్న ప్రభుత్వం,"[-0.23710505664348602, -1.6235265731811523, -0.7496683597564697, -2.0018436908721924, -0.9153320789337158]"
tel_a97dcb17974f69c78f988fc5014bf0a3,యువతలో ప్రజా సేవ కంటే వ్యక్తిగత ప్రయోజనాలకు ప్రాధాన్యత ఇస్తున్నారు పారదర్శకత లోపించడం బాధాకరం.,0,0,0,0,0,tel,[LANG=tel] యువతలో ప్రజా సేవ కంటే వ్యక్తిగత ప్రయోజనాలకు ప్రాధాన్యత ఇస్తున్నారు పారదర్శకత లోపించడం బాధాకరం.,"[-3.1384634971618652, -2.6063778400421143, -2.7104580402374268, -3.147106885910034, -3.8838601112365723]"
tel_b33de638f7519bde0526e784c666d131,విద్యా నాణ్యత తగ్గిపోతోందని ప్రజా సంక్షేమం మరపైపోయింది #ఆస్పద.,0,0,0,0,0,tel,[LANG=tel] విద్యా నాణ్యత తగ్గిపోతోందని ప్రజా సంక్షేమం మరపైపోయింది #ఆస్పద.,"[-0.8673099279403687, -1.264635443687439, -1.3060849905014038, -1.1107598543167114, -1.803898572921753]"
tel_fe1c654614f388f6178b06ada553003c,ఇప్పుడే ప్రభుత్వ కార్యక్రమాలు అపారదర్శకంగా ఉన్నాయి ఆరోగ్య సేవలు అందుబాటులో లేవు #ఆస్పద.,0,0,0,0,1,tel,[LANG=tel] ఇప్పుడే ప్రభుత్వ కార్యక్రమాలు అపారదర్శకంగా ఉన్నాయి ఆరోగ్య సేవలు అందుబాటులో లేవు #ఆస్పద.,"[-3.1960999965667725, -2.468982219696045, -2.6318888664245605, -1.4159849882125854, -2.117863178253174]"
tel_ba742cf85435f6f6a6fdb7d5c773241e,"వివిధ దేశాలలో ఉన్న ప్రజల సంస్కృతులు, మతాలు మరియు సంప్రదాయాలు వేర్వేరుగా ఉంటాయి",0,1,0,0,1,tel,"[LANG=tel] వివిధ దేశాలలో ఉన్న ప్రజల సంస్కృతులు, మతాలు మరియు సంప్రదాయాలు వేర్వేరుగా ఉంటాయి","[0.3355109393596649, 0.6303702592849731, -0.34680724143981934, 0.47211626172065735, 0.34837618470191956]"
tel_e03f9fe2cc69c87868f20911ef936adc,"గోప్యతా హక్కుల ఉల్లంఘన, పర్యవేక్షణ మరియు డేటా ట్రాకింగ్ మైనారిటీ సమాజాలను లక్ష్యంగా చేసుకుంటోంది",0,0,1,0,0,tel,"[LANG=tel] గోప్యతా హక్కుల ఉల్లంఘన, పర్యవేక్షణ మరియు డేటా ట్రాకింగ్ మైనారిటీ సమాజాలను లక్ష్యంగా చేసుకుంటోంది","[0.48876580595970154, 0.32856616377830505, -0.008675158023834229, 0.19700570404529572, 0.4357534945011139]"
tel_3ef30b4dc24ecbc30d31afa23d0badb3,"'పాట్రియార్కల్ బార్గెయిన్' అనేది, కొందరు మహిళలు, పురుషాధిక్య వ్యవస్థలో ప్రయోజనాలు పొందడానికి, ఇతర మహిళల అణచివేతకు సహకరించడం",1,0,0,0,0,tel,"[LANG=tel] 'పాట్రియార్కల్ బార్గెయిన్' అనేది, కొందరు మహిళలు, పురుషాధిక్య వ్యవస్థలో ప్రయోజనాలు పొందడానికి, ఇతర మహిళల అణచివేతకు సహకరించడం","[-0.04744257032871246, 0.02541567198932171, -0.36388036608695984, 0.6707057356834412, 0.6527259349822998]"
tel_b15a4f585fc6117df297ff461fd0a010,"ఓటు హక్కును డబ్బుకు, మద్యానికి అమ్ముకునే ప్రజలు, ఆ తర్వాత అవినీతి గురించి మాట్లాడే నైతిక హక్కును కోల్పోతారు",1,0,0,0,0,tel,"[LANG=tel] ఓటు హక్కును డబ్బుకు, మద్యానికి అమ్ముకునే ప్రజలు, ఆ తర్వాత అవినీతి గురించి మాట్లాడే నైతిక హక్కును కోల్పోతారు","[2.9039928913116455, -1.7752376794815063, -1.2117035388946533, -1.50453782081604, -2.289430618286133]"
tel_7cb9ec83701d3f1e5bfe3cdb1209f14d,"రాజకీయ నాయకులు తమ తప్పులను అంగీకరించకుండా, వాటిని ఇతరులపైకి నెట్టేసే 'గ్యాస్‌లైటింగ్' పద్ధతి, ప్రజలను గందరగోళానికి గురిచేస్తుంది",1,0,0,0,0,tel,"[LANG=tel] రాజకీయ నాయకులు తమ తప్పులను అంగీకరించకుండా, వాటిని ఇతరులపైకి నెట్టేసే 'గ్యాస్‌లైటింగ్' పద్ధతి, ప్రజలను గందరగోళానికి గురిచేస్తుంది","[1.1463801860809326, 0.13117358088493347, -0.4572950303554535, -0.4409954845905304, -0.12657643854618073]"
tel_01df24760c00933bf905c54f90ad7d7d,"కొత్తగా నియమించబడిన ఉద్యోగులకు, సంస్థ యొక్క పనితీరుపై పూర్తి స్థాయి శిక్షణ కార్యక్రమాలు ఏర్పాటు చేశారు",0,1,0,1,1,tel,"[LANG=tel] కొత్తగా నియమించబడిన ఉద్యోగులకు, సంస్థ యొక్క పనితీరుపై పూర్తి స్థాయి శిక్షణ కార్యక్రమాలు ఏర్పాటు చేశారు","[0.6586757302284241, 0.38257986307144165, 0.2791292369365692, 0.1406966894865036, 0.83879554271698]"
tel_d4766c374d195c235c1912a56e0c87d2,"అగ్నిప్రమాదం జరిగినప్పుడు భవనం నుండి సురక్షితంగా బయటపడటానికి, ప్రతి కార్యాలయంలో మరియు పాఠశాలలో మాక్ డ్రిల్స్ నిర్వహించాలి",0,0,0,0,0,tel,"[LANG=tel] అగ్నిప్రమాదం జరిగినప్పుడు భవనం నుండి సురక్షితంగా బయటపడటానికి, ప్రతి కార్యాలయంలో మరియు పాఠశాలలో మాక్ డ్రిల్స్ నిర్వహించాలి","[-4.154228687286377, -3.7957653999328613, -3.4802379608154297, -4.165501117706299, -4.5906662940979]"
tel_6d4db7d7a5e9ccc729b4b554ce6a3ee4,"రాజకీయ నాయకులు అవినీతి ద్వారా సంపాదించిన నల్లధనాన్ని, విదేశీ బ్యాంకులలో దాచుకుని చట్టం నుండి తప్పించుకుంటున్నారు",1,0,1,0,0,tel,"[LANG=tel] రాజకీయ నాయకులు అవినీతి ద్వారా సంపాదించిన నల్లధనాన్ని, విదేశీ బ్యాంకులలో దాచుకుని చట్టం నుండి తప్పించుకుంటున్నారు","[0.9764994978904724, 0.7444398403167725, -0.23701439797878265, 0.13218306005001068, -0.22227735817432404]"
tel_a6ef28d82e7db1ce1b0882cb539942cb,"శరణార్థులను ఆశ్రయం కల్పించాల్సిన దేశాలు, వారిని సరిహద్దుల వద్దే నిలిపివేసి, అమానవీయంగా వ్యవహరిస్తున్నాయి",1,0,0,0,0,tel,"[LANG=tel] శరణార్థులను ఆశ్రయం కల్పించాల్సిన దేశాలు, వారిని సరిహద్దుల వద్దే నిలిపివేసి, అమానవీయంగా వ్యవహరిస్తున్నాయి","[0.4822065234184265, 0.10210961848497391, -0.1399676501750946, -0.1600770354270935, 0.6398074626922607]"
tel_4e34376831b615c4350a532e64a12c33,పాఠశాలల్లో జాతి ఆధారంగా విద్యార్థులను వేరుగా కూర్చోబెట్టడం వంటివి రహస్యంగా కొనసాగుతూనే ఉన్నాయి,1,1,0,0,0,tel,[LANG=tel] పాఠశాలల్లో జాతి ఆధారంగా విద్యార్థులను వేరుగా కూర్చోబెట్టడం వంటివి రహస్యంగా కొనసాగుతూనే ఉన్నాయి,"[0.12158244103193283, 0.8065966963768005, -0.09279560297727585, -0.8755456805229187, 0.8371853232383728]"
tel_0c185d5a2d7269d030d28c8bb8f8421d,నేల కాలుష్యం జంతువుల ఆరోగ్యానికి కూడా హానికరం కావడంపై ఆందోళనలు వ్యక్తమవుతున్నాయి,1,0,0,0,1,tel,[LANG=tel] నేల కాలుష్యం జంతువుల ఆరోగ్యానికి కూడా హానికరం కావడంపై ఆందోళనలు వ్యక్తమవుతున్నాయి,"[0.09538742899894714, 0.19026057422161102, -0.22231554985046387, 0.4817991852760315, 0.06169992685317993]"
tel_cf6c0b9e1e664302677a8e0a85df0113,సీఏ వృత్తిలో ఆర్థిక నిష్పత్తుల విశ్లేషణ మరియు టాక్స్ ప్లానింగ్ అనివార్యం,0,0,0,0,0,tel,[LANG=tel] సీఏ వృత్తిలో ఆర్థిక నిష్పత్తుల విశ్లేషణ మరియు టాక్స్ ప్లానింగ్ అనివార్యం,"[-3.3846871852874756, -4.360540390014648, -3.3565480709075928, -4.617359161376953, -4.749396324157715]"
tel_0171f8c50dd17d64a26e48370759b135,"ఒక మహిళ తన కెరీర్‌కు ప్రాధాన్యత ఇస్తే, ఆమెను స్వార్థపరురాలిగా, కుటుంబ బాధ్యతలు లేనిదానిగా ముద్ర వేస్తారు",0,1,0,0,1,tel,"[LANG=tel] ఒక మహిళ తన కెరీర్‌కు ప్రాధాన్యత ఇస్తే, ఆమెను స్వార్థపరురాలిగా, కుటుంబ బాధ్యతలు లేనిదానిగా ముద్ర వేస్తారు","[-0.05772306025028229, -1.0157721042633057, -0.9180961847305298, 1.6243033409118652, 0.13610713183879852]"
tel_0f4aaa532180daa27f4f586bc56e1597,"ఎన్నికల సమయంలో, రాజకీయ పార్టీలు ఓటర్లను ప్రలోభపెట్టడానికి ఉచిత పథకాలను ప్రకటించడం, ప్రజాధనాన్ని దుర్వినియోగం చేయడమే",0,0,1,0,0,tel,"[LANG=tel] ఎన్నికల సమయంలో, రాజకీయ పార్టీలు ఓటర్లను ప్రలోభపెట్టడానికి ఉచిత పథకాలను ప్రకటించడం, ప్రజాధనాన్ని దుర్వినియోగం చేయడమే","[2.3479743003845215, -1.3811854124069214, -0.8600665330886841, -1.6339302062988281, -1.4466073513031006]"
tel_84f52a4286a3245412de4f6114149b4e,"విభజనను ప్రోత్సహించే జనాకర్షక  నాయకులు, దేశ సమస్యలన్నింటికీ మైనారిటీలే కారణమని నిందిస్తుంటారు",1,1,0,0,0,tel,"[LANG=tel] విభజనను ప్రోత్సహించే జనాకర్షక  నాయకులు, దేశ సమస్యలన్నింటికీ మైనారిటీలే కారణమని నిందిస్తుంటారు","[0.7055990695953369, 0.9158082604408264, -0.15179196000099182, 0.03526761382818222, 0.055267538875341415]"
tel_97ef38900c004329f4a1223d164da76e,రాజకీయ రంగంలో ప్రజా ప్రతినిధులు బాధ్యతలు మరిచారు ప్రజా సేవ కంటే వ్యక్తిగత ప్రయోజనాలకు ప్రాధాన్యత ఇస్తున్నారు.,0,0,0,0,1,tel,[LANG=tel] రాజకీయ రంగంలో ప్రజా ప్రతినిధులు బాధ్యతలు మరిచారు ప్రజా సేవ కంటే వ్యక్తిగత ప్రయోజనాలకు ప్రాధాన్యత ఇస్తున్నారు.,"[-2.631455183029175, -3.5164897441864014, -3.1215107440948486, -3.6863982677459717, -4.143130302429199]"
tel_0494509ed12ef519b4c3a6e7aef45591,"ఈ పడవలు చేపలు పట్టడానికి ఉపయోగపడతాయి, అవి మత్స్యకారులకు జీవనోపాధిని కల్పిస్తాయి",0,0,0,0,0,tel,"[LANG=tel] ఈ పడవలు చేపలు పట్టడానికి ఉపయోగపడతాయి, అవి మత్స్యకారులకు జీవనోపాధిని కల్పిస్తాయి","[-4.02252721786499, -3.812922477722168, -3.9236526489257812, -4.735267162322998, -4.134197235107422]"
tel_6437f582108913cbbfd66bcc99091c6b,"హైదరాబాద్ వంటి నగరాల్లో, మెట్రో రైలు రాకతో టాక్సీ మరియు క్యాబ్ పరిశ్రమ వ్యాపారంలో మార్పులు వచ్చాయి, ప్రయాణికులు వేగవంతమైన ప్రయాణాన్ని ఎంచుకుంటున్నారు",0,0,0,0,0,tel,"[LANG=tel] హైదరాబాద్ వంటి నగరాల్లో, మెట్రో రైలు రాకతో టాక్సీ మరియు క్యాబ్ పరిశ్రమ వ్యాపారంలో మార్పులు వచ్చాయి, ప్రయాణికులు వేగవంతమైన ప్రయాణాన్ని ఎంచుకుంటున్నారు","[-3.8058245182037354, -4.070157051086426, -3.7565271854400635, -4.459217548370361, -4.904627323150635]"
tel_63f68afa8a59b107f0b67e6845b06b14,ఈ రెస్టారెంట్ దాని ప్రత్యేకమైన వంటకాలకు మరియు ఆహ్లాదకరమైన వాతావరణానికి ప్రసిద్ధి చెందింది,0,0,0,1,0,tel,[LANG=tel] ఈ రెస్టారెంట్ దాని ప్రత్యేకమైన వంటకాలకు మరియు ఆహ్లాదకరమైన వాతావరణానికి ప్రసిద్ధి చెందింది,"[0.6635986566543579, 0.1539856195449829, 0.17395612597465515, 0.1828698217868805, 0.26908108592033386]"
tel_0fb90f5adadf8b3ca0029305cc1f1529,"రాజకీయ నాయకులు తమ వైఫల్యాలను కప్పిపుచ్చుకోవడానికి, మతాన్ని ఒక ఆయుధంగా వాడుకుంటూ ప్రజల మధ్య చిచ్చు పెడుతున్నారు",1,0,1,0,0,tel,"[LANG=tel] రాజకీయ నాయకులు తమ వైఫల్యాలను కప్పిపుచ్చుకోవడానికి, మతాన్ని ఒక ఆయుధంగా వాడుకుంటూ ప్రజల మధ్య చిచ్చు పెడుతున్నారు","[-1.3806945085525513, 0.20783649384975433, 2.290797472000122, -1.2195298671722412, 0.055198460817337036]"
tel_ff493e45a4ecfb11a80d43803940f3b7,"ఈ సమస్యకు పరిష్కారం కనుగొనేందుకు, అంతర్జాతీయ నిపుణుల బృందంతో చర్చలు జరిపారు",1,0,0,0,1,tel,"[LANG=tel] ఈ సమస్యకు పరిష్కారం కనుగొనేందుకు, అంతర్జాతీయ నిపుణుల బృందంతో చర్చలు జరిపారు","[0.4329473674297333, 0.8495907783508301, 0.04775874316692352, 0.24526071548461914, 0.9302880167961121]"
tel_ac6b66e4b8b8a72463da5c92a0206b62,బదులుగా నిరసన చేపట్టిన వారి పట్ల చర్యలు తీస్తున్నారు సమాజం విభజించబడుతోంది #సమాజం.,0,0,0,0,0,tel,[LANG=tel] బదులుగా నిరసన చేపట్టిన వారి పట్ల చర్యలు తీస్తున్నారు సమాజం విభజించబడుతోంది #సమాజం.,"[-3.7670342922210693, -3.531963586807251, -3.6312131881713867, -3.905264139175415, -4.192815780639648]"
tel_95878809d028af5a2e5193fdb7ae4674,"పురుషులు తమ మానసిక ఆరోగ్య సమస్యల గురించి మాట్లాడటానికి సంకోచిస్తారు, ఎందుకంటే సమాజం వారిని బలహీనులుగా చూస్తుందని భయపడతారు",0,1,0,0,0,tel,"[LANG=tel] పురుషులు తమ మానసిక ఆరోగ్య సమస్యల గురించి మాట్లాడటానికి సంకోచిస్తారు, ఎందుకంటే సమాజం వారిని బలహీనులుగా చూస్తుందని భయపడతారు","[-1.2638554573059082, -3.021407127380371, -1.962238073348999, 2.2610862255096436, -1.9635976552963257]"
tel_1f193a06af47730bc8a94cd84d52b92f,సైన్స్ ప్రగతి రోగాలను తగ్గించింది కానీ జీవనశైలిని కూడా ప్రభావితం చేసింది,0,0,0,0,0,tel,[LANG=tel] సైన్స్ ప్రగతి రోగాలను తగ్గించింది కానీ జీవనశైలిని కూడా ప్రభావితం చేసింది,"[-3.044867753982544, -3.705963134765625, -2.4660277366638184, -3.904599189758301, -2.9223546981811523]"
