id,text,polarization,language,input_text,logits
ita_375a994491ae8267af57d5723af32e16,beyonce ha rotto in culo tutti i record. be brava. e con zero promo.,0,ita,[LANG=ita] beyonce ha rotto in culo tutti i record. be brava. e con zero promo.,"[5.243077278137207, -4.652661323547363]"
ita_fbbae877650ab4b167d8c17ec7e221ff,@USER @USER @USER:i migranti possono entrare in @USER solo se:evangelizzati e senza veli.Italia deve farlo da sola.,0,ita,[LANG=ita] @USER @USER @USER:i migranti possono entrare in @USER solo se:evangelizzati e senza veli.Italia deve farlo da sola.,"[3.737943410873413, -3.051107883453369]"
ita_56bd37fcd974175b9b04b7fcc8246996,"Liste stranieri: ""Speriamo sia retorica"" dice l'Italia @URL",0,ita,"[LANG=ita] Liste stranieri: ""Speriamo sia retorica"" dice l'Italia @URL","[5.551262378692627, -5.125736236572266]"
ita_6f076fb7323babb425c4d6ce5c7ff04f,"Adi, anche Dio fa campagna gender, non se ne può più. Sarà ricchione pure lui? Se è un lui [URL]",1,ita,"[LANG=ita] Adi, anche Dio fa campagna gender, non se ne può più. Sarà ricchione pure lui? Se è un lui [URL]","[-5.358600616455078, 4.667517185211182]"
ita_736cbbf12a6b9d68b328a8510c082c35,"@USER E una religione che va resa fuorilegge in tutta Europa , gli europei i mussulmani non li vogliono e abbiamo tutte le ragioni del mondo x non volerli qui in Europa , e ora di fare una guerra di civiltà o noi o loro",1,ita,"[LANG=ita] @USER E una religione che va resa fuorilegge in tutta Europa , gli europei i mussulmani non li vogliono e abbiamo tutte le ragioni del mondo x non volerli qui in Europa , e ora di fare una guerra di civiltà o noi o loro","[-4.621341705322266, 3.866342544555664]"
ita_d2b0801759050d7b4682696841c96b50,ritorna a fare il ricchione e non mi cagare il cazzo,1,ita,[LANG=ita] ritorna a fare il ricchione e non mi cagare il cazzo,"[-5.2294087409973145, 4.576931476593018]"
ita_02c13b9a63d675317d752cf023bba00f,La Meloni parla di accoglienza parlando di rom. Qualcuno dovrebbe informarla che hanno quasi tutti la cittadinanza italiana. #inmezzora,0,ita,[LANG=ita] La Meloni parla di accoglienza parlando di rom. Qualcuno dovrebbe informarla che hanno quasi tutti la cittadinanza italiana. #inmezzora,"[2.4563920497894287, -2.0840249061584473]"
ita_f73b5283e3a8616dabe36974e57d2452,"Parliamo tanto di legalità, ma è proprio l’illegalità del sistema che porta alla diffusione della peste terrorista… @URL",0,ita,"[LANG=ita] Parliamo tanto di legalità, ma è proprio l’illegalità del sistema che porta alla diffusione della peste terrorista… @URL","[4.7337141036987305, -4.591328144073486]"
ita_2d57ad234abc1a108638a2e28cdbff0d,Milano: un milione di euro per i vigilantes armati nei campi nomadi @URL,0,ita,[LANG=ita] Milano: un milione di euro per i vigilantes armati nei campi nomadi @URL,"[4.992632865905762, -4.677727222442627]"
ita_64604b8846046201c2678a704b6bc2bc,#PolettiDimettiti Il figlo di @USER non laureato nelle coop e tutti gli altri a morire in terra straniera. Fabrizia RIP,1,ita,[LANG=ita] #PolettiDimettiti Il figlo di @USER non laureato nelle coop e tutti gli altri a morire in terra straniera. Fabrizia RIP,"[5.032692909240723, -4.611137390136719]"
ita_6d70036133c18685556838f433708f0d,MALEDETTISSIME MMERDE..... POI PERÒ I PROFUGHI DEL CAZZO VANNO SOCCORSI E OSPITATI NEGLI ALBERGHI CON IL WIFI... VI AUGURO TUTTO IL MALE POSSIBILE,0,ita,[LANG=ita] MALEDETTISSIME MMERDE..... POI PERÒ I PROFUGHI DEL CAZZO VANNO SOCCORSI E OSPITATI NEGLI ALBERGHI CON IL WIFI... VI AUGURO TUTTO IL MALE POSSIBILE,"[4.95821475982666, -4.366323471069336]"
ita_a34a6e177caaf6dbb08028187dbcc387,"Blitz nel campo rom della Favorita, la procura di Palermo non convalida il sequestro @URL",0,ita,"[LANG=ita] Blitz nel campo rom della Favorita, la procura di Palermo non convalida il sequestro @URL","[4.100334167480469, -3.7201545238494873]"
ita_aeeeb9cebd424507f6f68e2bd0c5500c,#ultimenotizie #news #notizie: Le foto del blitz che ha portato all’arresto del terrorista della strage di Capodanno @URL,0,ita,[LANG=ita] #ultimenotizie #news #notizie: Le foto del blitz che ha portato all’arresto del terrorista della strage di Capodanno @URL,"[5.497913837432861, -5.108672618865967]"
ita_de057983b28164f59e0ec586204c2d65,35 €/die ad un immigrato per stare seduto a non fare un cazzo o 600€/die a #Salvini per stare seduto e dire cazzate? #maleminore #dilemma,1,ita,[LANG=ita] 35 €/die ad un immigrato per stare seduto a non fare un cazzo o 600€/die a #Salvini per stare seduto e dire cazzate? #maleminore #dilemma,"[-5.082091808319092, 4.451595306396484]"
ita_e32ed5deb7454c3720ed29990d91b51b,@USER te credo che in Italia non fanno figli se non c'è lavoro come li  campano.....mica sono rom,0,ita,[LANG=ita] @USER te credo che in Italia non fanno figli se non c'è lavoro come li  campano.....mica sono rom,"[0.6624196767807007, -0.8596097230911255]"
ita_0d70ef81bad8491439e98f13f4ba76db,"Sea Watch: ""80 migranti su un gommone, nave Marina militare è la più vicina, li soccorra""  @URL via @USER E LI RIPORTI SUBITO IN LIBIA",0,ita,"[LANG=ita] Sea Watch: ""80 migranti su un gommone, nave Marina militare è la più vicina, li soccorra""  @URL via @USER E LI RIPORTI SUBITO IN LIBIA","[5.648629188537598, -5.301462650299072]"
ita_dfcc406774a6e5669849253f89d4eb2b,"@USER terroristi sparano in Francia, rifuggono in Italia, \""mercia\"" umana bruciata viva chiama guerra. Europa riscalda le spalle.",0,ita,"[LANG=ita] @USER terroristi sparano in Francia, rifuggono in Italia, \""mercia\"" umana bruciata viva chiama guerra. Europa riscalda le spalle.","[3.674950361251831, -3.235288381576538]"
ita_a2c5f83bca6becda19e6c9d21e378048,Dai domiciliari in camper alla cella: il quartiere applaude all’arresto delle 2 ladre rom - @URL @URL,1,ita,[LANG=ita] Dai domiciliari in camper alla cella: il quartiere applaude all’arresto delle 2 ladre rom - @URL @URL,"[-4.4546613693237305, 3.6049649715423584]"
ita_5940e9118c692f22e76b0b6ee84ee21b,"#daleggere  @USER su Roma, nomadi e integrazione @URL",0,ita,"[LANG=ita] #daleggere  @USER su Roma, nomadi e integrazione @URL","[5.335700511932373, -5.011112689971924]"
ita_37957498dbdc4ec136caa30e12b5a4b0,#staseraitalia vero non tutti sono ladri sono anche gli stupratori gli assassini i terroristi OGNI giorno gli immigrati commettono 700 aggressioni violente contro gli italiani e 3-4 stupri poi i media insabbiano i reati @URL,0,ita,[LANG=ita] #staseraitalia vero non tutti sono ladri sono anche gli stupratori gli assassini i terroristi OGNI giorno gli immigrati commettono 700 aggressioni violente contro gli italiani e 3-4 stupri poi i media insabbiano i reati @URL,"[-4.1697587966918945, 3.4116549491882324]"
ita_50136f5474a1df06baa69e44e6ac8ee7,"Sulla riforma della legittima difesa Anm spara ""legalizza l'omicidio""

Ricordate le vittime trasformate in carnefici ? Come ↪Mattielli (morto di crepacuore) condannato a 5 anni e a un risarcimento abnorme per aver fatto fuoco senza uccidere 2 rom che lo stavano derubando? @URL",0,ita,"[LANG=ita] Sulla riforma della legittima difesa Anm spara ""legalizza l'omicidio""

Ricordate le vittime trasformate in carnefici ? Come ↪Mattielli (morto di crepacuore) condannato a 5 anni e a un risarcimento abnorme per aver fatto fuoco senza uccidere 2 rom che lo stavano derubando? @URL","[4.996323585510254, -4.641829013824463]"
ita_53d88365f53697ae7025840368af31c4,In sintesi 2 #rom che rovistano in un #cassonetto della #Lidl a caccia di cibo scaduto e un #politico che ci rovista in cerca di voti.,0,ita,[LANG=ita] In sintesi 2 #rom che rovistano in un #cassonetto della #Lidl a caccia di cibo scaduto e un #politico che ci rovista in cerca di voti.,"[5.13870096206665, -4.808016300201416]"
ita_596c3a990df18652cf4b375efe3556a0,"Dacci i soldi, lurido italiano: due immigrati accoltellano un uomo a Roma @URL",1,ita,"[LANG=ita] Dacci i soldi, lurido italiano: due immigrati accoltellano un uomo a Roma @URL","[-4.767711162567139, 3.9005844593048096]"
ita_7d4689975c2e66d9c5c0896706480b98,"@USER I migranti senza QUARANTENA portono e porteranno MALATTIE!E noi cosa facciamo....vacciniamo a iosa i nostri bambini , creando  problemi a loro in un futuro  e INGRASSANDO le casse dei PIDIOTI da parte delle case farmaceutiche!😡😡😡",1,ita,"[LANG=ita] @USER I migranti senza QUARANTENA portono e porteranno MALATTIE!E noi cosa facciamo....vacciniamo a iosa i nostri bambini , creando  problemi a loro in un futuro  e INGRASSANDO le casse dei PIDIOTI da parte delle case farmaceutiche!😡😡😡","[-5.254365921020508, 4.542891025543213]"
ita_b27e96d2d54b04001915dc1729efc6bd,So già che al Pride incontrerò il 90% della gente frocia che odio [URL],0,ita,[LANG=ita] So già che al Pride incontrerò il 90% della gente frocia che odio [URL],"[-5.037906646728516, 4.177999019622803]"
ita_cc455a3cee92c52b1ad467b6f5932aa2,"I 19000 delinquenti stranieri34%dei carcerati,ospitati nelle carceri italiane costano 1 miliardo e cento milioni di euro l'anno,150 euro al giorno.Oltre ai danni materiali e psicologici  provocati dai loro delitti. scontino la pena a casa loro,su questo tema Salvini sta lavorando",1,ita,"[LANG=ita] I 19000 delinquenti stranieri34%dei carcerati,ospitati nelle carceri italiane costano 1 miliardo e cento milioni di euro l'anno,150 euro al giorno.Oltre ai danni materiali e psicologici  provocati dai loro delitti. scontino la pena a casa loro,su questo tema Salvini sta lavorando","[3.3439574241638184, -2.691735029220581]"
ita_01ee80981a7d977b69da69c7d459a94e,"@USER Questo della checca isterica mi ha sempre fatto scompisciar dal ridere. Ha un suono quasi amorevole, giocoso, sa di vecchia aia di campagna, con galline che coccodettano, tacchini che glugluttano, conigli che pruprutano, di odor di fieno appena colto, di cacche di mucca ... Ops.",1,ita,"[LANG=ita] @USER Questo della checca isterica mi ha sempre fatto scompisciar dal ridere. Ha un suono quasi amorevole, giocoso, sa di vecchia aia di campagna, con galline che coccodettano, tacchini che glugluttano, conigli che pruprutano, di odor di fieno appena colto, di cacche di mucca ... Ops.","[5.107048034667969, -4.373201847076416]"
ita_1ef08f80b767a0377076b1c45d2bdf48,@USER I mussulmani devono stare attenti qui in Italia! Se una sola chiesa sarà attaccata scatterà la 3 guerra mondiale! 👍😄🇮🇹#primagliitaliani CRISTIANI,0,ita,[LANG=ita] @USER I mussulmani devono stare attenti qui in Italia! Se una sola chiesa sarà attaccata scatterà la 3 guerra mondiale! 👍😄🇮🇹#primagliitaliani CRISTIANI,"[3.202286958694458, -2.459681510925293]"
ita_35efaf84300726817e75650d99ab63c3,"@USER Ciao Pierpaolo, a me i ""rappresentanti della generazione di imbecilli"" hanno rotto il cazzo e pensa che tempo fa nel dibattito su cosa fosse rock in Italia avevo portato il tuo gruppo ad esempio. ""Le circostanze storiche..."" però te le puoi ficcare su nel culo",0,ita,"[LANG=ita] @USER Ciao Pierpaolo, a me i ""rappresentanti della generazione di imbecilli"" hanno rotto il cazzo e pensa che tempo fa nel dibattito su cosa fosse rock in Italia avevo portato il tuo gruppo ad esempio. ""Le circostanze storiche..."" però te le puoi ficcare su nel culo","[5.390383243560791, -5.072181224822998]"
ita_78a96fc27646fc171d8fa219a4bb2343,"BLASFEMIA, GAY PRIDE, LGBT, TRANGENDER hanno rotto le scatole Tutta questa disgustosa ostentazione, palesemente provocatoria ed offensiva al buongusto ed al buonsenso, SOSTENUTA E APPOGGIATA DA QUESTO GOVERNO ha raggiunto il FONDO! È ORA DI RIBELLARSI E DIRE BASTA!",1,ita,"[LANG=ita] BLASFEMIA, GAY PRIDE, LGBT, TRANGENDER hanno rotto le scatole Tutta questa disgustosa ostentazione, palesemente provocatoria ed offensiva al buongusto ed al buonsenso, SOSTENUTA E APPOGGIATA DA QUESTO GOVERNO ha raggiunto il FONDO! È ORA DI RIBELLARSI E DIRE BASTA!","[-4.367645740509033, 3.5554120540618896]"
ita_9bc786f060269947eab4e24b633b4055,Terroristi #ISIS nascosti tra i migranti in #Sicilia! È allarme! @USER spiega questo! Avete stufato! Difendete l'Italia o andatevene!,1,ita,[LANG=ita] Terroristi #ISIS nascosti tra i migranti in #Sicilia! È allarme! @USER spiega questo! Avete stufato! Difendete l'Italia o andatevene!,"[5.231178283691406, -5.106480121612549]"
ita_558d9f1f9bd4718807aa95498b73996a,"Questi due minimo hanno una collana a Rosario,fatto bigotti,le donne con la minigonna sono troie ma interiormente gay repressi #ungiornoinpretura",0,ita,"[LANG=ita] Questi due minimo hanno una collana a Rosario,fatto bigotti,le donne con la minigonna sono troie ma interiormente gay repressi #ungiornoinpretura","[-4.780178546905518, 3.770594358444214]"
ita_cedf585ff9f33b87ac86e6a337e3291b,"Attacco alla moschea di Quebec City, presi i due terroristi: uno è arabo @URL @URL",0,ita,"[LANG=ita] Attacco alla moschea di Quebec City, presi i due terroristi: uno è arabo @URL @URL","[4.521862983703613, -4.267395973205566]"
ita_ac3a161411dc23440c16bd609279a616,"Senza gli errori arbitrali, vincevamo lo scudetto a Febbraio avete capito brutte teste di cazzo??? Non sarà il panterone bollito o la checca argentina a farvi vincere ratti bastardi!! Questo scudetto vi ha distrutti, siete nervosi. Anch'io? Ma che cazzo dici coglione impazzisci",1,ita,"[LANG=ita] Senza gli errori arbitrali, vincevamo lo scudetto a Febbraio avete capito brutte teste di cazzo??? Non sarà il panterone bollito o la checca argentina a farvi vincere ratti bastardi!! Questo scudetto vi ha distrutti, siete nervosi. Anch'io? Ma che cazzo dici coglione impazzisci","[-2.4581339359283447, 2.0371196269989014]"
ita_cc6a75111720b57204defba14d7d0126,"@USER @USER @USER @USER @USER C'entra eccome gia che grazie a VOI pro migranti tutta l'Europa, compresa l'Italia, si è riempita di questa feccia. La Francia sarà per le sue colonie e l'Italia per le voste COOP e i vostri accordi €80,00.E dica una parola per le donne massacrate dalle vostre risorse!",1,ita,"[LANG=ita] @USER @USER @USER @USER @USER C'entra eccome gia che grazie a VOI pro migranti tutta l'Europa, compresa l'Italia, si è riempita di questa feccia. La Francia sarà per le sue colonie e l'Italia per le voste COOP e i vostri accordi €80,00.E dica una parola per le donne massacrate dalle vostre risorse!","[-0.722389280796051, 0.40169575810432434]"
ita_304bc6f10bfbceca32b69ab0f16f7012,Mons. Parla Liberati: “In 10 anni l’Europa sarà islamica grazie all’immigrazione. Impugnamo la spada! - SkyTg24News @URL,0,ita,[LANG=ita] Mons. Parla Liberati: “In 10 anni l’Europa sarà islamica grazie all’immigrazione. Impugnamo la spada! - SkyTg24News @URL,"[-5.161008834838867, 4.332154750823975]"
ita_0ce9e09e642cfa43dc56af4252115715,"Non esiste ISLAM buono. Il Corano parla chiaro: uccidete gli infedeli! Fino a quando sono in minoranza FANNO FINTA di essere amichevoli, tolleranti, collaborativi. Quando saranno in maggioranza ci disitegreranno con ogni mezzo! Fanno così su ordine di Maometto!",1,ita,"[LANG=ita] Non esiste ISLAM buono. Il Corano parla chiaro: uccidete gli infedeli! Fino a quando sono in minoranza FANNO FINTA di essere amichevoli, tolleranti, collaborativi. Quando saranno in maggioranza ci disitegreranno con ogni mezzo! Fanno così su ordine di Maometto!","[-4.4443159103393555, 3.781388998031616]"
ita_ce0fe0d2c862ae3979cacb808e663d6a,"@USER Uhmmmm....si battona che frocia, che maiala sguiata.....uhmmmm si ti piscio nella ficona aperta ....sarebbe un sogno mentre scopano quella maiala stivalata, io ti piscio nella fregna e poi bevi la sborra dalla fica e dal culo di quella vacca!!! si fa inculare quella troia!!!",0,ita,"[LANG=ita] @USER Uhmmmm....si battona che frocia, che maiala sguiata.....uhmmmm si ti piscio nella ficona aperta ....sarebbe un sogno mentre scopano quella maiala stivalata, io ti piscio nella fregna e poi bevi la sborra dalla fica e dal culo di quella vacca!!! si fa inculare quella troia!!!","[-3.8447511196136475, 3.087721109390259]"
ita_77a3dfa59c17a82b1a957d0ac1cceb1e,@USER @USER vuole paragonare gli italiani ha questi migranti chiamiamoli cosi..forse lei è un po giovane il 99 % lascio l'1% x lei(cosa che non si può fare con questa marea di extracomunitari che ci stanno soffocando)quando partirono lo fecero per lavorare..questi vogliono fare i mantenuti..,1,ita,[LANG=ita] @USER @USER vuole paragonare gli italiani ha questi migranti chiamiamoli cosi..forse lei è un po giovane il 99 % lascio l'1% x lei(cosa che non si può fare con questa marea di extracomunitari che ci stanno soffocando)quando partirono lo fecero per lavorare..questi vogliono fare i mantenuti..,"[-4.411166667938232, 3.7040109634399414]"
ita_b62b826bf26c5c2207716caf452789de,@USER @USER No però'ci sono milioni di migranti economici africani che sognano il nostro appezzamento di terra attrezzato con acqua luce gas e tv gratis e fanno 8 figli come dice il corano. E' la lotta di classe vuala',0,ita,[LANG=ita] @USER @USER No però'ci sono milioni di migranti economici africani che sognano il nostro appezzamento di terra attrezzato con acqua luce gas e tv gratis e fanno 8 figli come dice il corano. E' la lotta di classe vuala',"[-2.5474328994750977, 1.5871336460113525]"
ita_22e11e10347b849d4f7f9d203455dbc5,#barbarians #primitive e basta! Senza se e senza ma! #StopIslam #StopImmigration #immigrazione #immigrati #stopinvasione #pdnetwork #Boldrini #StopInvasion #complicediSalvini #iostoconsalvini #NessunoTocchiSalvini #clandestini #razzismo #WilPopoloItaliano #wlitalia #aCalciInCulo,0,ita,[LANG=ita] #barbarians #primitive e basta! Senza se e senza ma! #StopIslam #StopImmigration #immigrazione #immigrati #stopinvasione #pdnetwork #Boldrini #StopInvasion #complicediSalvini #iostoconsalvini #NessunoTocchiSalvini #clandestini #razzismo #WilPopoloItaliano #wlitalia #aCalciInCulo,"[3.5046772956848145, -3.028599500656128]"
ita_05e70e6f8b59036593ff809689b0c617,la cosa preoccupante è che l'Italia è piena di musulmani e potrebbe succedere quello che sta succedendo a Parigi da un momento all'altro,0,ita,[LANG=ita] la cosa preoccupante è che l'Italia è piena di musulmani e potrebbe succedere quello che sta succedendo a Parigi da un momento all'altro,"[-4.742434501647949, 3.8971192836761475]"
ita_bac747499ce2af98ace97069fc5c2f1b,Solita #demagogia confusionaria che sposta il problema. I migranti che arrivano con i barconi non lavorano... @URL,1,ita,[LANG=ita] Solita #demagogia confusionaria che sposta il problema. I migranti che arrivano con i barconi non lavorano... @URL,"[2.947822332382202, -3.1529810428619385]"
ita_6fec34c19045c12a6b2b7135c6877901,"LN Padania: Il vice della Merkel: ""Sull'immigrazione, lei ha portato l'Europa in un vicolo cieco"" @URL",0,ita,"[LANG=ita] LN Padania: Il vice della Merkel: ""Sull'immigrazione, lei ha portato l'Europa in un vicolo cieco"" @URL","[5.47878360748291, -5.010575294494629]"
ita_315a0ffce953ea0cfaf8a580bd5c3d11,@USER che mostri checca paona e la bertè insieme sono due mostri.,1,ita,[LANG=ita] @USER che mostri checca paona e la bertè insieme sono due mostri.,"[-5.375769138336182, 4.671792030334473]"
ita_150193fdabb2c5d7c8635f79cbef5934,@USER ma scherziamo prima i musulmani e gì zingari poi gli extra comunitari e poi  e poi ....basta l'Italia agli italiani,1,ita,[LANG=ita] @USER ma scherziamo prima i musulmani e gì zingari poi gli extra comunitari e poi  e poi ....basta l'Italia agli italiani,"[4.383737564086914, -3.970186233520508]"
ita_ee8713e8cdc1ae5902f4a8cb59002302,@USER Troione succhiacazzi rotta in culo,0,ita,[LANG=ita] @USER Troione succhiacazzi rotta in culo,"[-4.324901580810547, 3.523455858230591]"
ita_10e69bd42880a417d12751d9527a6062,@USER @USER Ma di quale ferocia parla sta deficiente? Siamo stanchi di farci rubare le ns cose dai parassiti sociali! Ma che senso ha di esistere la popolazione rom? Non vogliono lavorare ma solo rubare e spacciare. Chi difende un delinquente vuol dire che ragiona come un delinquente!,1,ita,[LANG=ita] @USER @USER Ma di quale ferocia parla sta deficiente? Siamo stanchi di farci rubare le ns cose dai parassiti sociali! Ma che senso ha di esistere la popolazione rom? Non vogliono lavorare ma solo rubare e spacciare. Chi difende un delinquente vuol dire che ragiona come un delinquente!,"[-4.2939772605896, 3.5733606815338135]"
ita_a8c0bc7a48f8805159bd547946d6123c,E a Genova con la Paita? E i rom? @URL,0,ita,[LANG=ita] E a Genova con la Paita? E i rom? @URL,"[4.450684070587158, -3.9452171325683594]"
ita_e74971cbc73599925e3c73613e2a9402,@USER @USER 😂😂😂 cos'è una lotta tra femminielli?,1,ita,[LANG=ita] @USER @USER 😂😂😂 cos'è una lotta tra femminielli?,"[2.2552387714385986, -2.141598701477051]"
ita_fc8cdc2cd15675a79ddb13472043798f,l'#incendio al campo profughi di #Grandesynthe @URL,0,ita,[LANG=ita] l'#incendio al campo profughi di #Grandesynthe @URL,"[5.317993640899658, -4.8791046142578125]"
ita_f03f45834206633934ac651c3337c2af,"@USER @USER islam è una infestazione demoniaca, un genocidio universale shariah e nuoce gravementne all'equilibrio mentale di Erdogan e Putin. La Cina ha aperto campi per «rieducare i musulmani» @URL …",1,ita,"[LANG=ita] @USER @USER islam è una infestazione demoniaca, un genocidio universale shariah e nuoce gravementne all'equilibrio mentale di Erdogan e Putin. La Cina ha aperto campi per «rieducare i musulmani» @URL …","[-5.081651210784912, 4.369331359863281]"
ita_df1afadf55eaec1c6d4b7622ab8dade8,@USER Pezzo di merda parassita rotto in culo a zappare devi andare sta in teatro a dormire 🛌,1,ita,[LANG=ita] @USER Pezzo di merda parassita rotto in culo a zappare devi andare sta in teatro a dormire 🛌,"[5.094984531402588, -4.609726428985596]"
ita_b1d9ff46e39a2b0fc06cd4b60d69b177,"Roma: banda di rom gli chiedeva il pizzo da 2 anni, ristoratore esausto li uccide a colpi di mitra - @URL permaloso... :)",1,ita,"[LANG=ita] Roma: banda di rom gli chiedeva il pizzo da 2 anni, ristoratore esausto li uccide a colpi di mitra - @URL permaloso... :)","[5.604469299316406, -5.245980262756348]"
ita_7f3b2e59d0dc757f3ac7732920aae1c5,"Lucca, auto con immigrati forza il posto di blocco: poco dopo si ribalta, un morto e… @URL @URL",0,ita,"[LANG=ita] Lucca, auto con immigrati forza il posto di blocco: poco dopo si ribalta, un morto e… @URL @URL","[5.224297046661377, -4.975098609924316]"
ita_b989b1c457a4179ccb3ecca27b92623c,Minori non accompagnati: oggi in Parlamento la discussione della legge dopo 3 anni di attesa @URL #migranti,0,ita,[LANG=ita] Minori non accompagnati: oggi in Parlamento la discussione della legge dopo 3 anni di attesa @URL #migranti,"[5.52951192855835, -5.290740013122559]"
ita_e6df1874ef47c9b70171c4f8afdb20c6,"Condannare severamente gli atti terroristici non è non rispettare le persone di tutte le religioni,al contrario,é amore💖 per ogni vita umana",0,ita,"[LANG=ita] Condannare severamente gli atti terroristici non è non rispettare le persone di tutte le religioni,al contrario,é amore💖 per ogni vita umana","[5.58851432800293, -5.221560478210449]"
ita_d6999ad0b4085c43602e75bad3178576,@USER @USER IL FATTO E CHE NESSUNO VUOLE FINTI PROFUGHI DA MANTENERE NEGLI HOTEL SOLO L ITALIA FA ENTRARE CANI E PORCI,1,ita,[LANG=ita] @USER @USER IL FATTO E CHE NESSUNO VUOLE FINTI PROFUGHI DA MANTENERE NEGLI HOTEL SOLO L ITALIA FA ENTRARE CANI E PORCI,"[-3.5664467811584473, 2.7353174686431885]"
ita_1826e9b6f963d0cdc6a45f59b2734c82,"Studentessa cinese morta dopo scippo, patteggiano la condanna i due rom: niente carcere @URL",0,ita,"[LANG=ita] Studentessa cinese morta dopo scippo, patteggiano la condanna i due rom: niente carcere @URL","[5.007864952087402, -4.642627239227295]"
ita_98dc2b11449cb72da0414bcdbd53282f,"è chiaro che l'islam sta riuscendo dove per secoli con scimitarre e guerre ""sante"" ha fallito, l'occupazione delle terre e la conversione degli ""infedeli"" occidentali. Con i miliardi dei suoi paesi canaglia, e i clandestini ""cavallo di Troia"" del buonismo idiota ed interessato",1,ita,"[LANG=ita] è chiaro che l'islam sta riuscendo dove per secoli con scimitarre e guerre ""sante"" ha fallito, l'occupazione delle terre e la conversione degli ""infedeli"" occidentali. Con i miliardi dei suoi paesi canaglia, e i clandestini ""cavallo di Troia"" del buonismo idiota ed interessato","[-4.073589324951172, 3.3635265827178955]"
ita_3a0acce2a1d325defb3301fe93a21d29,"Loro invece , vogliono le quote immigrati #m5s 
Quanti ne arriveranno per farci saltare in aria ? 
Invece di velocizzare la pratica di espulsione e rimpatri pensano alle quote ?
Non li vogliamo ! Sarà un suicidio politico x i 5* !",1,ita,"[LANG=ita] Loro invece , vogliono le quote immigrati #m5s 
Quanti ne arriveranno per farci saltare in aria ? 
Invece di velocizzare la pratica di espulsione e rimpatri pensano alle quote ?
Non li vogliamo ! Sarà un suicidio politico x i 5* !","[-5.042025566101074, 4.364001274108887]"
ita_92fd2df37ce593df93f3f50955307651,@USER @USER   No tutti Filo- immigrati-poverini- accogliamoli. Che si Fottano! Loro e i loro degni compari extralegali!,1,ita,[LANG=ita] @USER @USER   No tutti Filo- immigrati-poverini- accogliamoli. Che si Fottano! Loro e i loro degni compari extralegali!,"[-4.799959659576416, 3.9310219287872314]"
ita_afbd27adbe7b3c452f04622b8c49f7a3,"Arrestati 24 trafficanti di umani , ok ora manteniamo anche loro nelle nostre prigioni o possiamo usare la loro legge coranica?",1,ita,"[LANG=ita] Arrestati 24 trafficanti di umani , ok ora manteniamo anche loro nelle nostre prigioni o possiamo usare la loro legge coranica?","[-3.460710048675537, 2.665574789047241]"
ita_87b0d8ce932f8e7308fe51b7e2d40b9a,"#dimartedi Stasera indlttrinamento pro Europa.Alla bisogna sono benvenuti anche gli stranieri.Bravo #Floris,vai a cager",1,ita,"[LANG=ita] #dimartedi Stasera indlttrinamento pro Europa.Alla bisogna sono benvenuti anche gli stranieri.Bravo #Floris,vai a cager","[5.061893939971924, -4.647812843322754]"
ita_f6da6e72ce9837dbde81d0498ba9f7a1,"Ai rom casette con veranda, giardino e posto auto a Rimini, anche la Meloni all'attacco delle microaree per... @URL",1,ita,"[LANG=ita] Ai rom casette con veranda, giardino e posto auto a Rimini, anche la Meloni all'attacco delle microaree per... @URL","[-3.547337055206299, 2.6576361656188965]"
ita_d35211e4cc354dc8d6d4e9c090376916,"#Roma #TorSapienza Studentessa cinese morta, fermato il terzo borseggiatore del campo rom #Salviati @URL",0,ita,"[LANG=ita] #Roma #TorSapienza Studentessa cinese morta, fermato il terzo borseggiatore del campo rom #Salviati @URL","[3.5266387462615967, -3.006425619125366]"
ita_1273ee0004eca8b88caccca5d08f10a1,"@USER Sicuramente lei non è un mezzadro, ma la ritengo una risorsa per aiutare a casa loro questi finti #profughi 
questi indifesi #clandestini . Buon viaggio e buona permanenza! Ah dimenticavo, meglio 100000 volte mezzadri che mezziladri",1,ita,"[LANG=ita] @USER Sicuramente lei non è un mezzadro, ma la ritengo una risorsa per aiutare a casa loro questi finti #profughi 
questi indifesi #clandestini . Buon viaggio e buona permanenza! Ah dimenticavo, meglio 100000 volte mezzadri che mezziladri","[4.8709330558776855, -4.356112003326416]"
ita_a8c2c827fd845e3553732a6e7566c683,Saranno 102 i profughi destinati alla Valle Varaita nel 2017 @URL,0,ita,[LANG=ita] Saranno 102 i profughi destinati alla Valle Varaita nel 2017 @URL,"[5.4681572914123535, -5.01548957824707]"
ita_abd882893c5a2d5d6ab08b3d635433c4,Volevo caricare la mia bici in macchina ma per fisica ci siamo accorti che era più grande la bici della macchina e sembravamo ladri rom,0,ita,[LANG=ita] Volevo caricare la mia bici in macchina ma per fisica ci siamo accorti che era più grande la bici della macchina e sembravamo ladri rom,"[3.4036896228790283, -3.648263454437256]"
ita_703c20554bfaf531d9e11184260ad554,"Padova, invasione di rom all'ospedale: il capofamiglia dona rene alla moglie - Blitz quotidiano @URL #Padova #news",1,ita,"[LANG=ita] Padova, invasione di rom all'ospedale: il capofamiglia dona rene alla moglie - Blitz quotidiano @URL #Padova #news","[3.8534064292907715, -3.4257307052612305]"
ita_9f508f563d53cd9743c7bfa61028a5d2,@USER @USER è la conferma che in Italia gli stranieri possono fare tutto ciò che vogliono. Siamo i nostri peggiori nemici,0,ita,[LANG=ita] @USER @USER è la conferma che in Italia gli stranieri possono fare tutto ciò che vogliono. Siamo i nostri peggiori nemici,"[-5.127810955047607, 4.328611850738525]"
ita_e52e97ffd0d79be8c010cff46de7f586,@USER #quintacolonna quelli della sinistra ma che se li prendano in casa gli immigrati!! Perché in altri stati non è così??,0,ita,[LANG=ita] @USER #quintacolonna quelli della sinistra ma che se li prendano in casa gli immigrati!! Perché in altri stati non è così??,"[3.9973323345184326, -3.4780750274658203]"
ita_de9f9baa805dac28d5fa98d94ad20a60,"Rimini, case popolari assegnate ai rom: la rabbia dei residenti @URL",0,ita,"[LANG=ita] Rimini, case popolari assegnate ai rom: la rabbia dei residenti @URL","[5.555284023284912, -5.238457679748535]"
ita_190be4450e53ddb93c0d654d4082bb51,"@USER  E qui non si parla solo di negri,ma anche di tutti gli immigrati dall'Est; Comunitari o no vanno espulsi !",0,ita,"[LANG=ita] @USER  E qui non si parla solo di negri,ma anche di tutti gli immigrati dall'Est; Comunitari o no vanno espulsi !","[4.052581787109375, -3.6304237842559814]"
ita_8beadfde373d0ec64e2d44047f2f7fa3,Zingara rom mentì accusando un poliziotto di averle fatto perdere un bambino con una manganellata. Condannata @URL,1,ita,[LANG=ita] Zingara rom mentì accusando un poliziotto di averle fatto perdere un bambino con una manganellata. Condannata @URL,"[3.8122873306274414, -3.3400747776031494]"
ita_088aa0edd22876080e56361474420bf0,"A #Goro se si rifiutano i migranti apriti cielo ,tutti a dire razzisti   A #Capalbio invece no.  Questa è becera #ipocrisia comunista",0,ita,"[LANG=ita] A #Goro se si rifiutano i migranti apriti cielo ,tutti a dire razzisti   A #Capalbio invece no.  Questa è becera #ipocrisia comunista","[-5.061491012573242, 4.356868743896484]"
ita_6f5406067c7ca4adaf57eb872cef7476,"@USER @USER “Caro” Parenzo noi italiani onesti stiamo aspettando le scuse dei rom per tutti gli anziani truffati, menati e derubati, per l’inquinamento quando bruciano sostanze tossiche provenienti dal malaffare, quando saccheggiano gli appartamenti, quando spacciano...ma di che cazzo parli?",1,ita,"[LANG=ita] @USER @USER “Caro” Parenzo noi italiani onesti stiamo aspettando le scuse dei rom per tutti gli anziani truffati, menati e derubati, per l’inquinamento quando bruciano sostanze tossiche provenienti dal malaffare, quando saccheggiano gli appartamenti, quando spacciano...ma di che cazzo parli?","[-4.503809452056885, 3.7049343585968018]"
ita_78a649e79dfc942b217994d61779d41f,"La sinistra dovrebbe ripartire dal ripulire il paese dai negri e da tutta la feccia straniera che impesta questo paese.

E se non fa così non ripartirà mai.  

#propagandalive",1,ita,"[LANG=ita] La sinistra dovrebbe ripartire dal ripulire il paese dai negri e da tutta la feccia straniera che impesta questo paese.

E se non fa così non ripartirà mai.  

#propagandalive","[-4.031400203704834, 3.027712821960449]"
ita_08462046c1671c1a3a44a6a1de3f94b7,Se osservi bene è morta L'Europa Cioè l'Occidente. Anche a me dispiace vedere invasione di feccia nera musulmana is… @URL,1,ita,[LANG=ita] Se osservi bene è morta L'Europa Cioè l'Occidente. Anche a me dispiace vedere invasione di feccia nera musulmana is… @URL,"[-4.234914779663086, 3.348902463912964]"
ita_883458d277f596ee2822c8a0e40eba94,"oppure: “sti migranti hanno rotto il cazzo! che li lascino in mezzo al mare che nessuno gli ha detto di venire qua” 

c o e r e n z a",0,ita,"[LANG=ita] oppure: “sti migranti hanno rotto il cazzo! che li lascino in mezzo al mare che nessuno gli ha detto di venire qua” 

c o e r e n z a","[-2.8300719261169434, 1.9711910486221313]"
ita_033c2a4652b5433ec3114873b40da354,"@USER @USER I ""migranti"" non vanno integrati. Vanno rimandati in Africa. E' giusto rendere la vita impossibile a chi è in Italia. Non diventeremo un Paese africano. E se ci provate ancora, è la volta buona che vi si caccia in Africa. Maledetti.",0,ita,"[LANG=ita] @USER @USER I ""migranti"" non vanno integrati. Vanno rimandati in Africa. E' giusto rendere la vita impossibile a chi è in Italia. Non diventeremo un Paese africano. E se ci provate ancora, è la volta buona che vi si caccia in Africa. Maledetti.","[-5.22597074508667, 4.528732776641846]"
ita_f9d33526d4104e83ba8d3faac80459fd,"#Libero: ""Dieci milioni di euro buttati per i rom. Schiaffo all'Italia: guardate questi numeri @URL",0,ita,"[LANG=ita] #Libero: ""Dieci milioni di euro buttati per i rom. Schiaffo all'Italia: guardate questi numeri @URL","[3.4594223499298096, -3.0618999004364014]"
ita_540fb91705d15a5175f7a3f1fc738640,"I PDIOTI SLARP SLARP ZERBINI DEI POTERI FORTI DELLE LOBBYES DELLE BANCHE SLARP SLARP😁😂 DI BRUXELLES CONTRO IL POPOLO ITALIANO, PD CHE AMA SVISCERATAMENTE GLI AMICI MIGRANTI CLANDESTINI AFRICANI DELINQUENTI, SOLO PER IL PROFUMO DEL LORO VIL DENARO SULLE SPALLE DEGLI ITALIANI",1,ita,"[LANG=ita] I PDIOTI SLARP SLARP ZERBINI DEI POTERI FORTI DELLE LOBBYES DELLE BANCHE SLARP SLARP😁😂 DI BRUXELLES CONTRO IL POPOLO ITALIANO, PD CHE AMA SVISCERATAMENTE GLI AMICI MIGRANTI CLANDESTINI AFRICANI DELINQUENTI, SOLO PER IL PROFUMO DEL LORO VIL DENARO SULLE SPALLE DEGLI ITALIANI","[-4.499404430389404, 3.635619640350342]"
ita_f3d6433794f3f5cae651b69566b59434,#Grillo straparla su tutto ma sugli immigrati tace!,0,ita,[LANG=ita] #Grillo straparla su tutto ma sugli immigrati tace!,"[-3.565697193145752, 2.9671664237976074]"
ita_f225de4a93f293bab02b6dee012155e5,"@USER @USER Quella Signora forse parlava a titolo personale, nel senso che lei a casa sua vuole un’immigrazione incontrollata, neri che vanno e vengono...liberissima.Il ns Governo invece farà esattamente il contrario e rimanderà indietro tutti sti invasati afroislamici che hanno ROTTTO LE 🏐",0,ita,"[LANG=ita] @USER @USER Quella Signora forse parlava a titolo personale, nel senso che lei a casa sua vuole un’immigrazione incontrollata, neri che vanno e vengono...liberissima.Il ns Governo invece farà esattamente il contrario e rimanderà indietro tutti sti invasati afroislamici che hanno ROTTTO LE 🏐","[-4.742952346801758, 3.869159460067749]"
ita_9949f6dcfcc7fd721e60d62bf0cc572c,"OMICIDIO #DESIREE, DOVE SONO #MAGLIETTEROSSE E #FEMMINISTE?
4 stupri su 10 fatti da stranieri, sempre più #clandestini che spacciano. A sinistra vergognosamente fanno finta di nulla. Questi vermi assassini hanno ucciso una ragazzina con i permessi umanitari in tasca. @URL",1,ita,"[LANG=ita] OMICIDIO #DESIREE, DOVE SONO #MAGLIETTEROSSE E #FEMMINISTE?
4 stupri su 10 fatti da stranieri, sempre più #clandestini che spacciano. A sinistra vergognosamente fanno finta di nulla. Questi vermi assassini hanno ucciso una ragazzina con i permessi umanitari in tasca. @URL","[-4.906631946563721, 4.248821258544922]"
ita_dfc9007f13fede693a7dc94d83bc6069,"@USER @USER e giusto per precisare che ""i migranti"" non si vanno a prendere con le navi di fronte alla Libia per portarli qua...",0,ita,"[LANG=ita] @USER @USER e giusto per precisare che ""i migranti"" non si vanno a prendere con le navi di fronte alla Libia per portarli qua...","[4.130429267883301, -3.9627153873443604]"
ita_48a358cf705cf37a3cc6952d6c9d6c18,@USER Vai a fare in culo.coglione ricchione ....sai so prendere x il culo i disabili sotterrandoli...sei [URL] hiacchieronw. Questi sono i tuoi fatti animale.,1,ita,[LANG=ita] @USER Vai a fare in culo.coglione ricchione ....sai so prendere x il culo i disabili sotterrandoli...sei [URL] hiacchieronw. Questi sono i tuoi fatti animale.,"[-5.198713302612305, 4.504608154296875]"
ita_26dd6bb522bb1ed2cdfb3b043ae4b7eb,"@USER gia che sono donna frocia e non ho diritto di parola, poi pure pesci, stai descrivendo una pandemia mondiale",0,ita,"[LANG=ita] @USER gia che sono donna frocia e non ho diritto di parola, poi pure pesci, stai descrivendo una pandemia mondiale","[4.972939491271973, -4.555737018585205]"
ita_358f71878a3431365d89adc080fb996a,"@USER Certo che sono morti da porci;tutti i terroristi muoiono da porci,ma loro si definiscono martiri.StupranoUccidonoEmuoionMartiri",0,ita,"[LANG=ita] @USER Certo che sono morti da porci;tutti i terroristi muoiono da porci,ma loro si definiscono martiri.StupranoUccidonoEmuoionMartiri","[3.4995784759521484, -2.7963123321533203]"
ita_54581491e06c91d328fee8877e32a488,@USER i rom in germania hanno buoni privilegi ma x loro il diritto di rubare e restare impuni nn ha prezzo (meglio l'italia),1,ita,[LANG=ita] @USER i rom in germania hanno buoni privilegi ma x loro il diritto di rubare e restare impuni nn ha prezzo (meglio l'italia),"[-4.462925434112549, 3.517747163772583]"
ita_b349213d8074dcae306feb4b94b63ab2,"#Conte: «Perché accade che il migrante sia depredato dei soldi dagli scafisti?»
Ma perché lo vuole lui!
Preferisce pagare 3000 allo scafista che 600 di aereo, perché così entra nel circuito dell'asilo e scrocca il welfare agli italiani.
Ma cazzo, possibile che lo capisca solo io?",0,ita,"[LANG=ita] #Conte: «Perché accade che il migrante sia depredato dei soldi dagli scafisti?»
Ma perché lo vuole lui!
Preferisce pagare 3000 allo scafista che 600 di aereo, perché così entra nel circuito dell'asilo e scrocca il welfare agli italiani.
Ma cazzo, possibile che lo capisca solo io?","[-4.261521339416504, 3.5378775596618652]"
ita_f7812ffaee00da77d635bfb2af601f0d,"Un nuovo orrore: #Desirée come #Pamela violentata in un covo di spacciatori extracomunitari. Speriamo che i responsabili siano presi presto, queste notizie devono farci capire che l'#immigrazione senza freni fa aumentare i #delinquenti! @URL",1,ita,"[LANG=ita] Un nuovo orrore: #Desirée come #Pamela violentata in un covo di spacciatori extracomunitari. Speriamo che i responsabili siano presi presto, queste notizie devono farci capire che l'#immigrazione senza freni fa aumentare i #delinquenti! @URL","[-3.9079325199127197, 3.3010270595550537]"
ita_9a4f96456b3d3efba736f48631eecdbf,"Solo un padre snaturato pensa agli altri prima dei suoi figli.
È quanto accade in italia.
I migranti vengono mantenuti con soldi pubblici, posso capire I profughi, che sono mosche bianche.
Ma gli altri.
Le risorse sperperate per soli stranieri.

@URL",0,ita,"[LANG=ita] Solo un padre snaturato pensa agli altri prima dei suoi figli.
È quanto accade in italia.
I migranti vengono mantenuti con soldi pubblici, posso capire I profughi, che sono mosche bianche.
Ma gli altri.
Le risorse sperperate per soli stranieri.

@URL","[-5.220724582672119, 4.557713985443115]"
ita_f6821e51b405cf17390978b02f6473ce,"@USER 2 NORD AFRICANI CHE HANNO PICCHIATO DURAMENTE 2 ANZIANI A CASA LORO X RAPINA A VENEZIA CONDANNATI SOLO A 7 ANNI INVECE DI 20. FINO AD OGGI SOLO ROMENI O ALBANESI CON RAPINE OMICIDE, ORA ANCHE I MIGRANTI. QUESTI MAGISTRATI BUONISTI E L'ACCOGLIENZA CAOTICA HANNO PERMES",1,ita,"[LANG=ita] @USER 2 NORD AFRICANI CHE HANNO PICCHIATO DURAMENTE 2 ANZIANI A CASA LORO X RAPINA A VENEZIA CONDANNATI SOLO A 7 ANNI INVECE DI 20. FINO AD OGGI SOLO ROMENI O ALBANESI CON RAPINE OMICIDE, ORA ANCHE I MIGRANTI. QUESTI MAGISTRATI BUONISTI E L'ACCOGLIENZA CAOTICA HANNO PERMES","[4.244505882263184, -3.6071622371673584]"
ita_ae8cd31ca8271e08a5fcebba70eb6302,Campo rom nel milanese: quasi tutti pregiudicati @URL,0,ita,[LANG=ita] Campo rom nel milanese: quasi tutti pregiudicati @URL,"[-4.992406368255615, 4.105263710021973]"
ita_6d0e50c4cfd002766d4fd467f7622873,e poi si mette a fissare il video di mina con sguardo gay peggio di sana,0,ita,[LANG=ita] e poi si mette a fissare il video di mina con sguardo gay peggio di sana,"[4.848018646240234, -4.2075958251953125]"
ita_664b63db55d5e98ab8aef6be9649769f,il discorso sui rom del #Lidl è complesso e non si può archiviare con stronzi / fatto bene. servirebbe una manciata di caratteri in più.,0,ita,[LANG=ita] il discorso sui rom del #Lidl è complesso e non si può archiviare con stronzi / fatto bene. servirebbe una manciata di caratteri in più.,"[5.22638463973999, -4.856807231903076]"
ita_2c239cde3a8d61ffbb62df206eeba17c,"Chiudono due nomadi in gabbiotto, denunciati @URL",0,ita,"[LANG=ita] Chiudono due nomadi in gabbiotto, denunciati @URL","[3.429750680923462, -2.842417001724243]"
ita_8e7ae6472e1b12ed2b4c30babffc786a,Pastore sardo in manette a Roma: ha bastonato due bimbi rom @URL @URL,0,ita,[LANG=ita] Pastore sardo in manette a Roma: ha bastonato due bimbi rom @URL @URL,"[3.223170757293701, -2.7083513736724854]"
ita_83ceaf4c60120b7f2c47456173fd9568,"Vittorio Feltri: ""Il Pd cola a picco nei sondaggi, e coi cortei pro-immigrati perderanno ancora"" @URL",0,ita,"[LANG=ita] Vittorio Feltri: ""Il Pd cola a picco nei sondaggi, e coi cortei pro-immigrati perderanno ancora"" @URL","[4.78749418258667, -4.321490287780762]"
ita_d235815e22e9b0013436326f093538fe,"@USER per evitare pressioni o robe psicologiche, effettivamente può influenzare molto il risultato, anche se si gioca in contemporanea e l'Inter segna ed il Milan lo viene a sapere penso che comunque si caghino addosso",0,ita,"[LANG=ita] @USER per evitare pressioni o robe psicologiche, effettivamente può influenzare molto il risultato, anche se si gioca in contemporanea e l'Inter segna ed il Milan lo viene a sapere penso che comunque si caghino addosso","[5.510046005249023, -5.279152870178223]"
ita_4654cc89b4bb2b0195cccc935c098b4a,"La Polizia di #Terracina ha controllato il quartiere denominato “Capanne”, luogo di aggregazione di stranieri @URL",0,ita,"[LANG=ita] La Polizia di #Terracina ha controllato il quartiere denominato “Capanne”, luogo di aggregazione di stranieri @URL","[3.311480760574341, -3.390003204345703]"
ita_97a33a0abbe2d99a7afdbc98355fe469,"E intanto le vittime dei suoi immigrati (clandestini) aumentano...

#BastaImmigrazione
#OrdineControIlCaos
#ForzaNuova @URL",1,ita,"[LANG=ita] E intanto le vittime dei suoi immigrati (clandestini) aumentano...

#BastaImmigrazione
#OrdineControIlCaos
#ForzaNuova @URL","[-2.8794960975646973, 1.8352137804031372]"
ita_041ae897812b55331779d99dbef96cca,"i telegiornali esultano alla proposta di ""estendere corridoi umanitari all'intero corno d'africa""... #accoglienza #stopinvasione #migranti",0,ita,"[LANG=ita] i telegiornali esultano alla proposta di ""estendere corridoi umanitari all'intero corno d'africa""... #accoglienza #stopinvasione #migranti","[5.213332176208496, -4.8209943771362305]"
ita_63671d22717e58fc20bdb29b231b4294,"La Sicilia spacca, è il paese straniero più vicino all'Italia @URL @URL",0,ita,"[LANG=ita] La Sicilia spacca, è il paese straniero più vicino all'Italia @URL @URL","[4.080412864685059, -3.536870241165161]"
ita_7dc3176428bd201fffd2044589633bcf,"@USER #grazieMattarellaGrazie per il continuo impegno europeista a favore dell'#integrazione dell'#islam in #Italia.Più delinquenza, più barbarie, più povertà e malattie per tutti noi.Grazie ancora #Presidente.",1,ita,"[LANG=ita] @USER #grazieMattarellaGrazie per il continuo impegno europeista a favore dell'#integrazione dell'#islam in #Italia.Più delinquenza, più barbarie, più povertà e malattie per tutti noi.Grazie ancora #Presidente.","[4.353750705718994, -4.015213966369629]"
ita_867f45866e8045d90c9c3e7495459904,"Mi sembra più che giusto! E' ora di finirla con questa assurda discriminazione che Lesbiche, Gay, Bisessuali, Trans, Queery e Intersessuali non possono far liberamente l'amore con gli animali. Abbasso la Zoofobia, evviva la Zoofilia. [URL]",0,ita,"[LANG=ita] Mi sembra più che giusto! E' ora di finirla con questa assurda discriminazione che Lesbiche, Gay, Bisessuali, Trans, Queery e Intersessuali non possono far liberamente l'amore con gli animali. Abbasso la Zoofobia, evviva la Zoofilia. [URL]","[5.276225566864014, -4.682474613189697]"
ita_6e42eb0a25f4e5cecb27044369641d63,Attenzione nelle ultime 72 ore Il gov.excomunista hanno fatto sbarcare 8.500 illegali da navi straniere nn si rende conto dei ns problemi!,1,ita,[LANG=ita] Attenzione nelle ultime 72 ore Il gov.excomunista hanno fatto sbarcare 8.500 illegali da navi straniere nn si rende conto dei ns problemi!,"[-4.741266250610352, 3.762120008468628]"
ita_759286c94b622937a0db31ce5adfd462,"@USER Magari tu sì. Ma chi ha chiamato transfobico. topo di fogna. Ricchione come insulto. Ha detto di aprirmi il culo e di scoparmi SAPENDO una cosa che in passato mi accadde. Una sanguinatio che è andata da un mio amico dicendo di stuprarlo. Tu no, ma queste persone sì.",0,ita,"[LANG=ita] @USER Magari tu sì. Ma chi ha chiamato transfobico. topo di fogna. Ricchione come insulto. Ha detto di aprirmi il culo e di scoparmi SAPENDO una cosa che in passato mi accadde. Una sanguinatio che è andata da un mio amico dicendo di stuprarlo. Tu no, ma queste persone sì.","[4.1715474128723145, -3.646108627319336]"
ita_a4665cc52a137ee721bf8d78f87a4a28,"PERCHÉ MUOIONO ITALIANI, SENZA TETTO DI FREDDO..??
E GL'INFAMI IMMIGRATI NO.?? 
SIAMO AD UN BRUTTO PUNTO DI NON RITORNO.
PERCHÉ DEVONO ESSERCI ITALIANI CHE TRATTAMO MEGLIO GLI IMMIGRATI CHE NON I FRATELLI ITALIANI.",0,ita,"[LANG=ita] PERCHÉ MUOIONO ITALIANI, SENZA TETTO DI FREDDO..??
E GL'INFAMI IMMIGRATI NO.?? 
SIAMO AD UN BRUTTO PUNTO DI NON RITORNO.
PERCHÉ DEVONO ESSERCI ITALIANI CHE TRATTAMO MEGLIO GLI IMMIGRATI CHE NON I FRATELLI ITALIANI.","[5.171351909637451, -4.630331516265869]"
ita_f2271d6a8498d275513631ea6505ee3f,"Tanto a #Roma ci pensano i #rom a svuotare i cassonetti, giusto #Virginia?... @URL",1,ita,"[LANG=ita] Tanto a #Roma ci pensano i #rom a svuotare i cassonetti, giusto #Virginia?... @URL","[4.053932189941406, -3.6183319091796875]"
ita_8fc72e377d2a6118ac0589407e878813,"Cos'è il cancro dello Stato?
Giudici che coccolano criminali stranieri e rovinano innocenti italiani.
Partiti, istituzioni che pagano stranieri e gettano in strada italiani.
Stampa, economisti che schifano la microimpresa ch'è genio italiano.
Il cancro dello Stato è la #sinistra.",1,ita,"[LANG=ita] Cos'è il cancro dello Stato?
Giudici che coccolano criminali stranieri e rovinano innocenti italiani.
Partiti, istituzioni che pagano stranieri e gettano in strada italiani.
Stampa, economisti che schifano la microimpresa ch'è genio italiano.
Il cancro dello Stato è la #sinistra.","[-4.182361125946045, 3.3022677898406982]"
ita_0e25e2543edf18ad924a7f9c3ab66f37,Siamo alla FOLLIA...�� #stopinvasione #profughiuncazzo @URL,1,ita,[LANG=ita] Siamo alla FOLLIA...�� #stopinvasione #profughiuncazzo @URL,"[4.7550883293151855, -4.320868492126465]"
ita_7bcc7d7b4f77f9792f49e8a57d439372,"@USER @USER La soluzione esiste! Vanno rispediti a casa loro, sono nomadi quindi non capisco perché si siano stabiliti in Italia!!! Ho capito!.. in questo paese tutto è concesso a questa gente mentre i discriminati sono gli Italiani  che pagano le tasse e lavorano per vivere!!! Lavorino!!!!",1,ita,"[LANG=ita] @USER @USER La soluzione esiste! Vanno rispediti a casa loro, sono nomadi quindi non capisco perché si siano stabiliti in Italia!!! Ho capito!.. in questo paese tutto è concesso a questa gente mentre i discriminati sono gli Italiani  che pagano le tasse e lavorano per vivere!!! Lavorino!!!!","[-3.8992040157318115, 3.110715389251709]"
ita_c3683a465c4b9ef1434db722d656a528,Irruzione in casa disoccupato per minacce alla Serracchiani coccola profughi: L’ha fatto… @URL,1,ita,[LANG=ita] Irruzione in casa disoccupato per minacce alla Serracchiani coccola profughi: L’ha fatto… @URL,"[4.419693470001221, -4.314774513244629]"
ita_0ad49ead445ed504621b4f3cfc84cb90,@USER @USER @USER leccese e frocia sono proprio io,0,ita,[LANG=ita] @USER @USER @USER leccese e frocia sono proprio io,"[4.935802936553955, -4.398586273193359]"
ita_6d38509c4266ba942b93034d6e056e41,@USER @USER Il disordine si crea se i rom ci frugano e poi lasciano tutto in terra... prontamente fotografato dai #pdioti,0,ita,[LANG=ita] @USER @USER Il disordine si crea se i rom ci frugano e poi lasciano tutto in terra... prontamente fotografato dai #pdioti,"[-4.944777965545654, 3.9735546112060547]"
ita_cb120d56711c49ba9f62a731e0bcc93b,spero fujimoto ci droppi un'altra lesbica con un harem perché una non mi è bastata,0,ita,[LANG=ita] spero fujimoto ci droppi un'altra lesbica con un harem perché una non mi è bastata,"[5.593527793884277, -5.106330871582031]"
ita_f8c92b640de64658b23a8ee7893cc1ef,@USER finché ci sarà il musulmano alla casabianca l'Iside nn si fermerà.,1,ita,[LANG=ita] @USER finché ci sarà il musulmano alla casabianca l'Iside nn si fermerà.,"[-5.0556511878967285, 4.287407398223877]"
ita_eeea7410d32011b3f1b403554c864a98,"@USER Sante parole. Noi sicuramente siamo i primi colpevoli, a scusante che per fare le cose noi si piano ma loro non si propongono e se vediamo l'occasione si cerca e regolarmente in culo si piglia noi 😭😭😭😭👻👻",0,ita,"[LANG=ita] @USER Sante parole. Noi sicuramente siamo i primi colpevoli, a scusante che per fare le cose noi si piano ma loro non si propongono e se vediamo l'occasione si cerca e regolarmente in culo si piglia noi 😭😭😭😭👻👻","[4.519138336181641, -3.8898396492004395]"
ita_0683c310d38d30a1c046c5222d37e229,@USER Al mio paese una ragazza ha visto immigrati spacciare e donne prostituirsi. Purtroppo i sindaci non seè ne fregano perché ci guadagnano. E noi dobbiamo subire. Grazie al pd,1,ita,[LANG=ita] @USER Al mio paese una ragazza ha visto immigrati spacciare e donne prostituirsi. Purtroppo i sindaci non seè ne fregano perché ci guadagnano. E noi dobbiamo subire. Grazie al pd,"[-3.8961334228515625, 3.117908239364624]"
ita_1369a5352bb2853f6a565e86149e81ba,@USER @USER I migranti non li vogliamo e basta!!!!! Lo vuoi capire o hai difficoltà???? Ne qui ne distribuiti.... devono stare a casa loro...AVETE VERAMENTE DEVASTATO IL CAZZO CON STI MIGRANTI... FAI IL MINISTRO DEL LAVORO O SCIAQUATI DAI COGLIONI!!!,0,ita,[LANG=ita] @USER @USER I migranti non li vogliamo e basta!!!!! Lo vuoi capire o hai difficoltà???? Ne qui ne distribuiti.... devono stare a casa loro...AVETE VERAMENTE DEVASTATO IL CAZZO CON STI MIGRANTI... FAI IL MINISTRO DEL LAVORO O SCIAQUATI DAI COGLIONI!!!,"[-0.3028180003166199, 0.05970129370689392]"
ita_7f45072421582fac5026b5a56786ff7d,"Blitz al campo nomadi della Favorita, cronista palermitano minacciato di morte #blogsicilianotizie @URL @URL",0,ita,"[LANG=ita] Blitz al campo nomadi della Favorita, cronista palermitano minacciato di morte #blogsicilianotizie @URL @URL","[4.0059733390808105, -3.7393455505371094]"
ita_93fb1326a3509a0c985a969f9004e126,"@USER @USER @USER Nuove leggi
No a Magistrati in politica
IMMIGRATI spacciatori
Si arrestano
E si portano TUTTI in Nigeria pagando alla Nigeria il costo di detenzione e il mantenimento
Nelle loro carceri
Paghiamo noi!
Non ci costa nulla in confronto a cosa causano e costano in ITALIA qs.BASTARDI! @URL",0,ita,"[LANG=ita] @USER @USER @USER Nuove leggi
No a Magistrati in politica
IMMIGRATI spacciatori
Si arrestano
E si portano TUTTI in Nigeria pagando alla Nigeria il costo di detenzione e il mantenimento
Nelle loro carceri
Paghiamo noi!
Non ci costa nulla in confronto a cosa causano e costano in ITALIA qs.BASTARDI! @URL","[-5.332102298736572, 4.582808971405029]"
ita_c2b29a2a346b90ab7a812f0d485d5090,"Bimbo in treno che: “Papiii mi è piaciuto tanto Di Maria e anche quello che è entrato nella ripresa, che ha fatto dei cross” “Kostic?” “Nono, quello che ha fatto il colpo di tacco” “De Sciglio?” “No, stocazzo haha ricchione”",0,ita,"[LANG=ita] Bimbo in treno che: “Papiii mi è piaciuto tanto Di Maria e anche quello che è entrato nella ripresa, che ha fatto dei cross” “Kostic?” “Nono, quello che ha fatto il colpo di tacco” “De Sciglio?” “No, stocazzo haha ricchione”","[4.258867263793945, -4.045797348022461]"
ita_d776f65625d5255d2e6fb563da5fa8ec,"@USER Sono i libici a stuprare o gli stessi migranti? Perché spostando tutti qui, il problema non si risolve, lo si porta in casa. Per i furti eviterei di dire idiozie, visti i cellulari con i quali sbarcano",0,ita,"[LANG=ita] @USER Sono i libici a stuprare o gli stessi migranti? Perché spostando tutti qui, il problema non si risolve, lo si porta in casa. Per i furti eviterei di dire idiozie, visti i cellulari con i quali sbarcano","[-3.8976073265075684, 3.2913856506347656]"
ita_df5f42fb6d99fa87aefb58b59da9e398,"Il Corano gli dice che della moglie può fare ciò che vuole quindi o proibiamo l'Islam o non si fanno entrare in Italia,  un'altra strada non esiste. Oppure conformiamoci alla loro Merda e presto saremo come loro. @URL",1,ita,"[LANG=ita] Il Corano gli dice che della moglie può fare ciò che vuole quindi o proibiamo l'Islam o non si fanno entrare in Italia,  un'altra strada non esiste. Oppure conformiamoci alla loro Merda e presto saremo come loro. @URL","[-5.0747504234313965, 4.568304538726807]"
ita_f0c9a73529b230cc45c35b7227fb3bfa,La Ue apre alle richieste dell'Italia su migranti e #terremoto La Ue apre alle richieste @URL #laue #pierremoscovici,0,ita,[LANG=ita] La Ue apre alle richieste dell'Italia su migranti e #terremoto La Ue apre alle richieste @URL #laue #pierremoscovici,"[5.5627312660217285, -5.314996242523193]"
ita_7990faeb503f431433c97a4ad8ec123f,Non avrò fiducia in questo Papa fin quando non parlerà della VERA situazione in Palestina e dei musulmani perseguitati dagli israeliani.,0,ita,[LANG=ita] Non avrò fiducia in questo Papa fin quando non parlerà della VERA situazione in Palestina e dei musulmani perseguitati dagli israeliani.,"[4.48484468460083, -4.09574556350708]"
ita_58f5148cd4c31e79df89bd9cd15d4aef,Il rom che derubò Ermes dà fuoco alla sua roulotte per ottenere una casa sto figlio di zoccola ha capito bene cosa fare x sistemarsi,0,ita,[LANG=ita] Il rom che derubò Ermes dà fuoco alla sua roulotte per ottenere una casa sto figlio di zoccola ha capito bene cosa fare x sistemarsi,"[-4.322241306304932, 3.559952735900879]"
ita_6b08e19fa1aba68ba5f89a83930f648d,Vergogna a Roma: per tre famiglie di italiani sfrattati c'è solo il campo rom @URL,0,ita,[LANG=ita] Vergogna a Roma: per tre famiglie di italiani sfrattati c'è solo il campo rom @URL,"[4.822821140289307, -4.374490261077881]"
ita_933f17999b6a82cbf197cf55e49d1e45,"@USER @USER divulgato. poi se vogliamo parlare di quanto la gente sia stufa(giustamente ) dei rom , qui apriamo un enciclopedia",1,ita,"[LANG=ita] @USER @USER divulgato. poi se vogliamo parlare di quanto la gente sia stufa(giustamente ) dei rom , qui apriamo un enciclopedia","[3.818166971206665, -3.3061559200286865]"
ita_4eb1b91a4b0e07c1f9f2e3d9ea8ee562,"@USER @USER @USER @USER Nel boschetto della mia fantasia Ora c'è un vitello senza più i piedi che invoca pietà Quand'ecco che un piccolo amico si avvicina Mi presento, son l'orsetto ricchione E come avrai intuito adesso ti inculo",1,ita,"[LANG=ita] @USER @USER @USER @USER Nel boschetto della mia fantasia Ora c'è un vitello senza più i piedi che invoca pietà Quand'ecco che un piccolo amico si avvicina Mi presento, son l'orsetto ricchione E come avrai intuito adesso ti inculo","[4.78607177734375, -3.9774274826049805]"
ita_e083af34012253871962ddb7559e35bf,"Padova, decifrato il codice ""criminale"" di sinti e rom: da ""soldi"" a ""borsa"" - Il Fatto Quotidiano @URL",1,ita,"[LANG=ita] Padova, decifrato il codice ""criminale"" di sinti e rom: da ""soldi"" a ""borsa"" - Il Fatto Quotidiano @URL","[1.181009292602539, -1.3210355043411255]"
ita_e891bc61bc33c215475e36068346cd9b,"Pontina, caos al campo nomadi: rubano a partecipanti maratona di Ostia e fuggono nei campi. Traffico ancora in tilt @URL",0,ita,"[LANG=ita] Pontina, caos al campo nomadi: rubano a partecipanti maratona di Ostia e fuggono nei campi. Traffico ancora in tilt @URL","[4.1110358238220215, -3.6685450077056885]"
ita_5e007e53aa4e847949708e5195e0f063,"Mi avete gia rotto @USER libera il pv, addio babbei, idioti in culo",0,ita,"[LANG=ita] Mi avete gia rotto @USER libera il pv, addio babbei, idioti in culo","[-4.108211040496826, 3.100249767303467]"
ita_d82d29606a327204641c79b837c24135,@USER qvevo capito sono la più grande frocia della storia ma va bene,0,ita,[LANG=ita] @USER qvevo capito sono la più grande frocia della storia ma va bene,"[3.8327367305755615, -3.403292179107666]"
ita_08c3c27f373b5104a6fe162ded41cd17,"A fronte del latrinaio liberal degli Obama e delle Clinton, chapeau,  anche se a uccidere non è il furore ideologico o l’estremismo: è l’islam @USER @URL",1,ita,"[LANG=ita] A fronte del latrinaio liberal degli Obama e delle Clinton, chapeau,  anche se a uccidere non è il furore ideologico o l’estremismo: è l’islam @USER @URL","[-4.190978050231934, 3.527972936630249]"
ita_c532b22fc31a017b882fce50c4e2dac8,"Tre milioni di “fantasmi” a Roma: è rischio terrorismo, arriva la task force - @URL - Cronaca Na… @URL",0,ita,"[LANG=ita] Tre milioni di “fantasmi” a Roma: è rischio terrorismo, arriva la task force - @URL - Cronaca Na… @URL","[4.9565958976745605, -4.4473876953125]"
ita_44215a86bc38f9f4528dfa9ddf17918b,"Dove sono le donne, i bambini ed anche i famigliari anziani di questi muscolosi “migranti” immaginari che pagano migliaia di euro per ingrassare scafisti e vivere a sbafo a spese altrui? Si confrontino con i bimbi denutriti che NESSUNO aiuta e vengano RISPEDITI di corsa a casa! @URL",0,ita,"[LANG=ita] Dove sono le donne, i bambini ed anche i famigliari anziani di questi muscolosi “migranti” immaginari che pagano migliaia di euro per ingrassare scafisti e vivere a sbafo a spese altrui? Si confrontino con i bimbi denutriti che NESSUNO aiuta e vengano RISPEDITI di corsa a casa! @URL","[3.4463584423065186, -3.076010227203369]"
ita_b557322fb2e8a75f2edc86a889b380cd,Qui Radio Londra: Shock in Italia per due rom chiuse in gabbia e filmate @URL,0,ita,[LANG=ita] Qui Radio Londra: Shock in Italia per due rom chiuse in gabbia e filmate @URL,"[5.5916948318481445, -5.199746131896973]"
ita_82d2dfa043d6ed46ca440fa166beb464,"@USER @USER manco si vede la faccia, a me sembra ricchione 🤭",1,ita,"[LANG=ita] @USER @USER manco si vede la faccia, a me sembra ricchione 🤭","[-5.358462333679199, 4.654510974884033]"
ita_4deda11eda183a7c68bdd94ad3b16ea1,"Roma, cinese morta: da oggi la bonifica nel campo rom. I residenti: «Raggi venga a vedere» - Il Messaggero @URL #Roma #…",1,ita,"[LANG=ita] Roma, cinese morta: da oggi la bonifica nel campo rom. I residenti: «Raggi venga a vedere» - Il Messaggero @URL #Roma #…","[4.773870944976807, -4.340600490570068]"
ita_cab08f73290e5ce6ff970c6bf92317e9,"Luciano Arciuolo dirigente PD propone di ripopolare le nostre scuole con i ""profughi"": ormai pensano solo alla nostra sosituzione",1,ita,"[LANG=ita] Luciano Arciuolo dirigente PD propone di ripopolare le nostre scuole con i ""profughi"": ormai pensano solo alla nostra sosituzione","[-0.9410908222198486, 0.6349710822105408]"
ita_1a4926ebd8d524e56c3c25369f34732d,"come direbbe alfano quando era agli interni ""non ci sono jihadisti in italia"" sono solo ""risorse islamiche che si d… @URL",0,ita,"[LANG=ita] come direbbe alfano quando era agli interni ""non ci sono jihadisti in italia"" sono solo ""risorse islamiche che si d… @URL","[4.202697277069092, -3.7125203609466553]"
ita_1684f1de13cfd088987d712f11ed54b8,"@USER Come si può ben vedere da queste dichiarazioni farneticanti, pure l'immigrazione regolare può far danni, anche irreparabili.. Un bel #raus e stracciare loro la cittadinanza.",0,ita,"[LANG=ita] @USER Come si può ben vedere da queste dichiarazioni farneticanti, pure l'immigrazione regolare può far danni, anche irreparabili.. Un bel #raus e stracciare loro la cittadinanza.","[-4.601598739624023, 3.674074411392212]"
ita_e945da733e391c4399efa40d3ab1c9a1,"i vertici internazionali sono solo parate. gli ""accordi"" sull'ambiente di parigi vanificati da trump..quelli di roma sui migranti da vienna",0,ita,"[LANG=ita] i vertici internazionali sono solo parate. gli ""accordi"" sull'ambiente di parigi vanificati da trump..quelli di roma sui migranti da vienna","[4.731364727020264, -4.1963605880737305]"
ita_0b78396d85158f7f8d0d3c13e5e0044a,"@USER Se accadesse un evento simile a Charlie Hebdo, in Italia, sareste unici responsab perché complici dell'immigrazione selvaggia!",0,ita,"[LANG=ita] @USER Se accadesse un evento simile a Charlie Hebdo, in Italia, sareste unici responsab perché complici dell'immigrazione selvaggia!","[-5.291041374206543, 4.519811153411865]"
ita_ee075bd98d3e6b1b75dcdfe4b91ac768,"@USER No eh, non prendono Depay per quella checca isterica? Anche no",1,ita,"[LANG=ita] @USER No eh, non prendono Depay per quella checca isterica? Anche no","[-5.3403191566467285, 4.595709323883057]"
ita_8572cb9400329a862c48bd68fe94fe03,"@USER io dico FROCIO, RICCHIONE, FINOCCHIO, SCAPELLA CAZZI, CHECCA, RECCHIONE.",1,ita,"[LANG=ita] @USER io dico FROCIO, RICCHIONE, FINOCCHIO, SCAPELLA CAZZI, CHECCA, RECCHIONE.","[5.131938457489014, -4.727132797241211]"
ita_c34198fab4a4acca6a64d8851399a430,@URL A Roma italiani senza casa alloggiati nel container dei rom #ansa #news,0,ita,[LANG=ita] @URL A Roma italiani senza casa alloggiati nel container dei rom #ansa #news,"[5.072555065155029, -4.788571357727051]"
ita_1028715aeb695e3646c9bb2179d051ad,"Roma, studentessa cinese morta: fermato un rom del campo nomadi  @URL",1,ita,"[LANG=ita] Roma, studentessa cinese morta: fermato un rom del campo nomadi  @URL","[2.748772621154785, -2.8050026893615723]"
ita_25219fa17d908868d5ea180339290ddd,"--Ma poi sei un italiano va vivere all'estero va bene, poverino lui ha bisogno di lavoro, lo straniero è qui solo per fare casino. Ma--",1,ita,"[LANG=ita] --Ma poi sei un italiano va vivere all'estero va bene, poverino lui ha bisogno di lavoro, lo straniero è qui solo per fare casino. Ma--","[-3.8774595260620117, 3.074601173400879]"
ita_70a94758fc551728499bb7a38ebbb168,Attacco terroristico #CharlieHebdo Foglio di via a tutti gli indesiderati. E pugno di ferro.,1,ita,[LANG=ita] Attacco terroristico #CharlieHebdo Foglio di via a tutti gli indesiderati. E pugno di ferro.,"[4.019070625305176, -3.4176673889160156]"
ita_5362b789e083386f0931bbaa930fb9b5,"@USER @USER @USER @USER @USER Non voler ammettere che siamo di fronte all'ennesima strage di stampo islamista, questa sì che è propaganda dell'odio, mista alla più odiosa delle mistificazioni: il voler a tutti i costi sostenere che l'Islam sia ""religione di pace"", su cui è basata la vostra follia mondialista.",1,ita,"[LANG=ita] @USER @USER @USER @USER @USER Non voler ammettere che siamo di fronte all'ennesima strage di stampo islamista, questa sì che è propaganda dell'odio, mista alla più odiosa delle mistificazioni: il voler a tutti i costi sostenere che l'Islam sia ""religione di pace"", su cui è basata la vostra follia mondialista.","[-4.5181193351745605, 3.7504570484161377]"
ita_43ba38b5bbb6e8afdf166b632c6fc065,"#roma, a scuola di borseggio sulla metro B: 7 nomadi arrestate, una di loro insegnav... @URL @URL",1,ita,"[LANG=ita] #roma, a scuola di borseggio sulla metro B: 7 nomadi arrestate, una di loro insegnav... @URL @URL","[3.1624205112457275, -2.754932165145874]"
ita_fe1c56554c241610f3466bcb455c2fa0,@USER @USER @USER ora ti blocco non ho tempo da perdere con una checca che si piscia nei pantaloni al primo sguardo! click,1,ita,[LANG=ita] @USER @USER @USER ora ti blocco non ho tempo da perdere con una checca che si piscia nei pantaloni al primo sguardo! click,"[-5.390478134155273, 4.598855972290039]"
ita_cd23ef1d61b5773d5c719833586a383c,#Cecenia E i terroristi sono ancora a piede libero.,0,ita,[LANG=ita] #Cecenia E i terroristi sono ancora a piede libero.,"[5.459024429321289, -4.964313983917236]"
ita_99f903d7c72e1340c0f49e79cdd97615,"@USER @USER stai zitto ricchione, a farsi la notte in cella saranno sempre i soliti, mentre i delinquenti veri non la vedono nemmeno da lontano una guardia. vaffanculo",1,ita,"[LANG=ita] @USER @USER stai zitto ricchione, a farsi la notte in cella saranno sempre i soliti, mentre i delinquenti veri non la vedono nemmeno da lontano una guardia. vaffanculo","[-4.828956127166748, 4.028757095336914]"
ita_decf811c068b5401a9b9bafd81ae64ac,@USER Non sei al loro servizio. Sei solo un pompinaro di Putin,0,ita,[LANG=ita] @USER Non sei al loro servizio. Sei solo un pompinaro di Putin,"[-5.361335754394531, 4.625791549682617]"
ita_0f4e1a0300b8621be25326d4955d805a,@USER @USER Che pisellone fantastico enorme e tu che pompinaro bravissimo 🍆🍆🍆,0,ita,[LANG=ita] @USER @USER Che pisellone fantastico enorme e tu che pompinaro bravissimo 🍆🍆🍆,"[4.835285186767578, -4.215994834899902]"
ita_6141307db6c39c5e60abce5bf42f2b92,Il sindaco leghista crea la scuola   delle arti per gli stranieri:  «Qui non puoi fare l’ideologo» @URL,0,ita,[LANG=ita] Il sindaco leghista crea la scuola   delle arti per gli stranieri:  «Qui non puoi fare l’ideologo» @URL,"[4.9732890129089355, -4.539175987243652]"
ita_bfaf320dc7459a0e252004840d6f377e,"#VirginiaRaggi, #sindaco di Roma, è anti-#italiani: sfratta cedendo suolo a #rom #apatridi. Viva #m5s e #sionismo! @URL",1,ita,"[LANG=ita] #VirginiaRaggi, #sindaco di Roma, è anti-#italiani: sfratta cedendo suolo a #rom #apatridi. Viva #m5s e #sionismo! @URL","[-5.013023853302002, 4.236467361450195]"
ita_f7d3ff3da9d5e6cd2693bb809dfdd6ce,"@USER 93 anni fa nasce anche mio padre, uomo onesto, gran lavoratore, in una casa di cura da 2700€con pensione di 1280€, grazie ad una massa di ladri rottinculo di cui si è fidato... li prenderemo ad uno ad uno...",1,ita,"[LANG=ita] @USER 93 anni fa nasce anche mio padre, uomo onesto, gran lavoratore, in una casa di cura da 2700€con pensione di 1280€, grazie ad una massa di ladri rottinculo di cui si è fidato... li prenderemo ad uno ad uno...","[-3.9264278411865234, 3.158039093017578]"
ita_b1977be1e5527f060bbd411d5770e678,"@USER Pure ricchione, ce le hai tutte porcodio",1,ita,"[LANG=ita] @USER Pure ricchione, ce le hai tutte porcodio","[-5.370171546936035, 4.731768608093262]"
ita_1db32c20ccc62190ecd4f94b0caac7ae,"Ma se ci convertiamo tutti all'islam, dopo a chi cazzo sgozzano? 😳#lagabbia",0,ita,"[LANG=ita] Ma se ci convertiamo tutti all'islam, dopo a chi cazzo sgozzano? 😳#lagabbia","[4.367825508117676, -3.6257712841033936]"
ita_ad1ab7d37cbff3dcc75719eef2099a4a,"@USER Parenzo, Checca Paone, Giannini, Fedriga, Toti, Burioni",1,ita,"[LANG=ita] @USER Parenzo, Checca Paone, Giannini, Fedriga, Toti, Burioni","[5.543372631072998, -5.1915974617004395]"
ita_0328dc1a6cd6db6f2fee9754a7e83c73,"@USER Trovo fantastico come questi santoni new age, tutti pace-amore-fratellanza-approccio zen, alla prima critica (giustificatissima), si caghino in mano e si chiudano a riccio",0,ita,"[LANG=ita] @USER Trovo fantastico come questi santoni new age, tutti pace-amore-fratellanza-approccio zen, alla prima critica (giustificatissima), si caghino in mano e si chiudano a riccio","[5.591206073760986, -5.258997440338135]"
ita_4e7ea6f27548df4644796d57acd88cfe,@USER Si scrive Rotti in culo o Rottinculo?,1,ita,[LANG=ita] @USER Si scrive Rotti in culo o Rottinculo?,"[2.9873976707458496, -2.4368441104888916]"
ita_9ca10fa8363d1886f2f20119f87de859,"Bestie. \""@USER: 700 migranti affogano ma nel frattempo vengono a galla tutti gli stronzi #MareOmnium @URL",0,ita,"[LANG=ita] Bestie. \""@USER: 700 migranti affogano ma nel frattempo vengono a galla tutti gli stronzi #MareOmnium @URL","[-5.211889266967773, 4.409361362457275]"
ita_e6d8bf3bd3a44933a0d9b3c57d430426,@USER Il PD i fondi li dava agli immigrati e li toglieva ai disabili; se non e' delinquenza questa allora.....anzi......MERDE ALORS!,1,ita,[LANG=ita] @USER Il PD i fondi li dava agli immigrati e li toglieva ai disabili; se non e' delinquenza questa allora.....anzi......MERDE ALORS!,"[-3.856454849243164, 2.9286744594573975]"
ita_18120f1694b738b77f7ff317601ec328,“Ingabbiano” due rom: immagini shock sui social [VIDEO] (Velvet News Italia) @URL @URL,1,ita,[LANG=ita] “Ingabbiano” due rom: immagini shock sui social [VIDEO] (Velvet News Italia) @URL @URL,"[4.150777816772461, -3.804645538330078]"
ita_9ab8af0fc9c0e69efd4908f45d047734,"Roma, maxi-rissa tra bande in un campo nomadi. Arrestato un bosniaco @URL",1,ita,"[LANG=ita] Roma, maxi-rissa tra bande in un campo nomadi. Arrestato un bosniaco @URL","[1.2313741445541382, -1.4316567182540894]"
ita_c1c5da067f407a32d99698a711d1dd41,"@USER Ma vaffanculo, perche noi lo hai detto alla combriccola dei teste di cazzo fascisti di destra quando hanno deciso di fare i ciucciacazzi e sfiduciare il governo? Pagliaccio bugiardo",1,ita,"[LANG=ita] @USER Ma vaffanculo, perche noi lo hai detto alla combriccola dei teste di cazzo fascisti di destra quando hanno deciso di fare i ciucciacazzi e sfiduciare il governo? Pagliaccio bugiardo","[-5.138477325439453, 4.374263763427734]"
ita_db2f745d1c3e36ade65df9fa200e7c27,o seungkwan cantando mafia in the morning sai daiiiiii gay,0,ita,[LANG=ita] o seungkwan cantando mafia in the morning sai daiiiiii gay,"[3.6010119915008545, -2.8004608154296875]"
ita_b7a59a9857992f3eff112ee379fda1db,"#dallavostraparte ma la pablovic quanto guadagna al mese per essere rappresentante dei rom, soprattutto chi la paga?",0,ita,"[LANG=ita] #dallavostraparte ma la pablovic quanto guadagna al mese per essere rappresentante dei rom, soprattutto chi la paga?","[4.468177318572998, -3.877798318862915]"
ita_96b02f63ae396e18eadd89985521764f,"@USER Questi ""migranti""son tutti uomini,significa ke nn son migranti da guerre @USER @USER @USER @USER",1,ita,"[LANG=ita] @USER Questi ""migranti""son tutti uomini,significa ke nn son migranti da guerre @USER @USER @USER @USER","[5.1409173011779785, -4.856543064117432]"
ita_45d4737e09ceb88f840f6951982ba08c,"CORRIERE DELLA SERA - Tarsia, il paese della Calabria  che vuole ospitare le tombe  di tutti i migranti morti   @URL #P…",0,ita,"[LANG=ita] CORRIERE DELLA SERA - Tarsia, il paese della Calabria  che vuole ospitare le tombe  di tutti i migranti morti   @URL #P…","[5.359498500823975, -4.915870189666748]"
ita_49ff5cc8d83b11a324f30ff2f3a5587e,"#Milano non ne può più! Nuove #carovane, #periferie assediate: nomadi in via Tremelloni e via Anassagora. È #emergenza #rom",1,ita,"[LANG=ita] #Milano non ne può più! Nuove #carovane, #periferie assediate: nomadi in via Tremelloni e via Anassagora. È #emergenza #rom","[-3.822570323944092, 2.883098840713501]"
ita_64078888d3edc0b9614b4bf1aa64a843,Senadid nomade “liberato” dalla Kyenge ancora in carcere accusadi furto aggravato e resistenza a pubblico ufficiale @URL,0,ita,[LANG=ita] Senadid nomade “liberato” dalla Kyenge ancora in carcere accusadi furto aggravato e resistenza a pubblico ufficiale @URL,"[3.5208323001861572, -3.0321176052093506]"
ita_e44ae2b0961f16ee13b06ad8edab9f53,@USER faccia qualcosa capitano o tutti emigriamo e ci lasciano coi profughi da governare perche tanto ormai siamo arrivati qui,0,ita,[LANG=ita] @USER faccia qualcosa capitano o tutti emigriamo e ci lasciano coi profughi da governare perche tanto ormai siamo arrivati qui,"[4.587430000305176, -4.064060211181641]"
ita_216cc887d53d91dfd4391bdcd98ea5c4,"L' Islam e' il Corano.Comunque e dovunque.E il Corano e' incompatibile con la Democrazia, e' incompatibile con I diritti Umani.Oriana Fallacci. @URL",1,ita,"[LANG=ita] L' Islam e' il Corano.Comunque e dovunque.E il Corano e' incompatibile con la Democrazia, e' incompatibile con I diritti Umani.Oriana Fallacci. @URL","[-5.280379772186279, 4.5418524742126465]"
ita_b309a3c3e79a3f38f13b715b6ff25940,"Vorrei sapere da quelli che difendono l'accoglienza, cosa vedono di buono per gli immigrati accolti. Non li vedete chiedere elemosina, lavorare per quattro soldi, spacciare, bighellonare, rubare, delinquere e fare risse, o siete tutti ciechi??? ?",1,ita,"[LANG=ita] Vorrei sapere da quelli che difendono l'accoglienza, cosa vedono di buono per gli immigrati accolti. Non li vedete chiedere elemosina, lavorare per quattro soldi, spacciare, bighellonare, rubare, delinquere e fare risse, o siete tutti ciechi??? ?","[-4.690613269805908, 3.93994402885437]"
ita_bd500b323f9dfc07e9bff5b9ef1a118c,BISOGNA OBBLIGARE I MIGRANTI A LAVORARE QUALUNQUE LAVORO MA DEVONO LAVORARE ALTRIMENTI NON PENSERANNO AD ALTRO CHE STUPRARE SE SONO UOMINI E PROSTITUIRSI SE SONO DONNE,0,ita,[LANG=ita] BISOGNA OBBLIGARE I MIGRANTI A LAVORARE QUALUNQUE LAVORO MA DEVONO LAVORARE ALTRIMENTI NON PENSERANNO AD ALTRO CHE STUPRARE SE SONO UOMINI E PROSTITUIRSI SE SONO DONNE,"[-4.495316982269287, 3.700299024581909]"
ita_55f3b41f9420db30ee8021a74d6f10d0,Atleti derubati alla maratona Roma-Ostia: le borse ritrovate nel campo rom @URL #Roma #News #Notizie,0,ita,[LANG=ita] Atleti derubati alla maratona Roma-Ostia: le borse ritrovate nel campo rom @URL #Roma #News #Notizie,"[4.931067943572998, -4.610140323638916]"
ita_b48dba41d61580a55a2a084154e07ef1,@USER @USER Ma quindi questa sarebbe la destra frocia? Chiedo per un camerata. 😅,1,ita,[LANG=ita] @USER @USER Ma quindi questa sarebbe la destra frocia? Chiedo per un camerata. 😅,"[4.242197036743164, -3.7305562496185303]"
ita_883ef140de86c8fde8cbed792c3d7ce8,Guardando the siege (1998) molto attuale x comprendere che non si deve cedere alla paura terrorismo mettendo da parte le leggi ed i diritti.,0,ita,[LANG=ita] Guardando the siege (1998) molto attuale x comprendere che non si deve cedere alla paura terrorismo mettendo da parte le leggi ed i diritti.,"[5.439850807189941, -5.073010444641113]"
ita_818eb6f1048f276b86b34db8beb5350f,RT @USER Una troia come me che sono frocia non usa mai mutandine sotto I collant [URL],0,ita,[LANG=ita] RT @USER Una troia come me che sono frocia non usa mai mutandine sotto I collant [URL],"[5.13991117477417, -4.386586666107178]"
ita_1d271a579cf8b14d5175f0b6adb7e326,"Campo rom a Roma Nord: ""A Prima Porta fino al 2018. Sfida superamento è oggi"" - #roma @URL",0,ita,"[LANG=ita] Campo rom a Roma Nord: ""A Prima Porta fino al 2018. Sfida superamento è oggi"" - #roma @URL","[4.775017738342285, -4.383907318115234]"
ita_e8d0ff949c7551940806e2284997352d,"#Roma, due bambini #rom nel suo campo: pastore prima spara poi li bastona @URL @URL",0,ita,"[LANG=ita] #Roma, due bambini #rom nel suo campo: pastore prima spara poi li bastona @URL @URL","[-4.063797950744629, 3.1735546588897705]"
ita_ec64dfa9f10fbff651bb8acd3ebfff35,"Alle 16.30 incontro I Porrajmos in Italia, dedicato alle popolazioni sinte e rom. @URL @URL",0,ita,"[LANG=ita] Alle 16.30 incontro I Porrajmos in Italia, dedicato alle popolazioni sinte e rom. @URL @URL","[5.697670936584473, -5.227860450744629]"
ita_b77dc0591e55f660f95841cddb31ce5e,Il rom che derubò Ermes dà fuoco alla roulotte per ottenere una casa @URL #news,0,ita,[LANG=ita] Il rom che derubò Ermes dà fuoco alla roulotte per ottenere una casa @URL #news,"[4.574559211730957, -3.9813036918640137]"
ita_a7f658b8278f2f4a700351b8a057429f,"@USER @USER @USER Forse hai ragione. Domanda: perchè quel 25% di violenze straniere devono esistere? L'Italiano,purtroppo,non puoi cacciarlo via. Io li caccerei, lo straniero è ospite e come tale,DEVE COMPORTARSI BENE. Se qualche ospite viene a casa tua e fa i suoi porci comodi,cosa fai? Lo premi?",1,ita,"[LANG=ita] @USER @USER @USER Forse hai ragione. Domanda: perchè quel 25% di violenze straniere devono esistere? L'Italiano,purtroppo,non puoi cacciarlo via. Io li caccerei, lo straniero è ospite e come tale,DEVE COMPORTARSI BENE. Se qualche ospite viene a casa tua e fa i suoi porci comodi,cosa fai? Lo premi?","[3.987614154815674, -3.2977981567382812]"
ita_7fa73d98bffbb58adc628d76f262889d,"@USER Questo dovrebbe farci capire, qualora ce ne fosse bisogno, che loro(l’Islam) non cedono di un millimetro. In Italia invocano la libertà di religione, di pensiero, ecc.. Tutte balle. Quando avranno i numeri giusti vedremo se non ci integriamo noi a loro cosa ci fanno. #poverinoi",1,ita,"[LANG=ita] @USER Questo dovrebbe farci capire, qualora ce ne fosse bisogno, che loro(l’Islam) non cedono di un millimetro. In Italia invocano la libertà di religione, di pensiero, ecc.. Tutte balle. Quando avranno i numeri giusti vedremo se non ci integriamo noi a loro cosa ci fanno. #poverinoi","[-4.622159957885742, 3.8102941513061523]"
ita_4f5160c1fc557ab3c96e36c450101aaf,"#roma ""Ottomila firme contro il campo rom a Roma Nord: #campidoglio ascolti territorio"" @URL #notizie",0,ita,"[LANG=ita] #roma ""Ottomila firme contro il campo rom a Roma Nord: #campidoglio ascolti territorio"" @URL #notizie","[5.09155797958374, -4.835140705108643]"
ita_7040ccd210a61ccd1ae808d260b11629,"@USER L'islam è una religione imposta, o ti adegui o ti fanno fare una brutta fine...",0,ita,"[LANG=ita] @USER L'islam è una religione imposta, o ti adegui o ti fanno fare una brutta fine...","[-3.350672483444214, 2.673271417617798]"
ita_918ff2f201a7485bba390c2bed79624a,"Visita di Bergoglio a Milano: incontrerà islamici, immigrati e rom, se ha tempo i cattolici italiani | Riscatto... @URL",0,ita,"[LANG=ita] Visita di Bergoglio a Milano: incontrerà islamici, immigrati e rom, se ha tempo i cattolici italiani | Riscatto... @URL","[5.516243934631348, -5.104031562805176]"
ita_2728fcaf8626457e7d5a258f9764cb8c,@USER Tu che dai del ricchione a me il colmo proprio,0,ita,[LANG=ita] @USER Tu che dai del ricchione a me il colmo proprio,"[1.9009196758270264, -1.8975757360458374]"
ita_f46f252429b1d5d7cf70a06ff3a88407,"@USER Girare per Roma sta diventando deprimente, barboni, nomadi ed immigrati ovunque, la città a pezzi. @USER",0,ita,"[LANG=ita] @USER Girare per Roma sta diventando deprimente, barboni, nomadi ed immigrati ovunque, la città a pezzi. @USER","[4.074204921722412, -3.782094955444336]"
ita_4bd04bf18266dbb4d849063fc9e53803,Con tutti gli immigrati che arrivano in Italia vedo un futuro molto nero per tutti noi.,0,ita,[LANG=ita] Con tutti gli immigrati che arrivano in Italia vedo un futuro molto nero per tutti noi.,"[0.9538384675979614, -1.5406208038330078]"
ita_cbdb9c304c524c9bdab22bacb23725e5,@USER Sei un caga sotto Ma non eri tu che hai dato le dimissioni e fatto cadere un governo? Se lo fai tu sei una statista Se invece lo subisci Allora fai le crisi da checca isterica? Ridicola,1,ita,[LANG=ita] @USER Sei un caga sotto Ma non eri tu che hai dato le dimissioni e fatto cadere un governo? Se lo fai tu sei una statista Se invece lo subisci Allora fai le crisi da checca isterica? Ridicola,"[-5.344062805175781, 4.604396820068359]"
ita_de784d4c47e1164f5585337fa158e90f,"#Palermo. Allaccio non regolare al campo rom, dopo 4 mesi non è cambiato nulla: @URL @USER",0,ita,"[LANG=ita] #Palermo. Allaccio non regolare al campo rom, dopo 4 mesi non è cambiato nulla: @URL @USER","[5.1702561378479, -4.746325492858887]"
ita_a559b6e5e50fcb1c420c3a03d37159f4,@USER @USER @USER @USER Gratzie ma gobernare Benezzia mi fa trippa fatica. Vote colentieri ance io Parmi presidnete della Itaglia e Spadea controllori sulla tracta Rinimi-Ricchione-Marte centro (Metrospazzio),0,ita,[LANG=ita] @USER @USER @USER @USER Gratzie ma gobernare Benezzia mi fa trippa fatica. Vote colentieri ance io Parmi presidnete della Itaglia e Spadea controllori sulla tracta Rinimi-Ricchione-Marte centro (Metrospazzio),"[5.130948543548584, -4.659214496612549]"
ita_8b4fbe0f3df13dd85fd514e691358d97,@USER I giochi da ricchione ovviamente li fai 🤭,1,ita,[LANG=ita] @USER I giochi da ricchione ovviamente li fai 🤭,"[-3.6047134399414062, 2.648561954498291]"
ita_b872ef6906dab4d2e37bfbed13d3644c,"Attentato Quebec, Gentiloni: “Governo vicino alla comunità musulmana, spesso vittima di terrorismo” @URL",0,ita,"[LANG=ita] Attentato Quebec, Gentiloni: “Governo vicino alla comunità musulmana, spesso vittima di terrorismo” @URL","[5.332441329956055, -4.952263832092285]"
ita_20751862abd45a4f028a4bae9edd6ba8,#EleLombardia: Anche per Debora Serracchiani i rimpatri di cittadini stranieri … @URL see more @URL,0,ita,[LANG=ita] #EleLombardia: Anche per Debora Serracchiani i rimpatri di cittadini stranieri … @URL see more @URL,"[5.686368942260742, -5.306293964385986]"
ita_5cb8159145b96feed42ea44a9ffe18fe,Il Viminale smantella il modello (truffa) di Riace: basta fondi e via i migranti @URL,0,ita,[LANG=ita] Il Viminale smantella il modello (truffa) di Riace: basta fondi e via i migranti @URL,"[4.5574822425842285, -4.203855037689209]"
ita_57f4d0d3ace59d976027958cb06ea4a2,"Roma, cartiera covo di immigrati, degrado e spaccio a due passi dal municipio. #quintacolonna",1,ita,"[LANG=ita] Roma, cartiera covo di immigrati, degrado e spaccio a due passi dal municipio. #quintacolonna","[4.309719085693359, -3.7961385250091553]"
ita_ffafa38980843e6463681edee91a9c03,"Il campo rom a Roma Nord si farà: ""E' contraddizione a Cinque Stelle""... #news #Roma @URL",0,ita,"[LANG=ita] Il campo rom a Roma Nord si farà: ""E' contraddizione a Cinque Stelle""... #news #Roma @URL","[4.947889804840088, -4.597517967224121]"
ita_b7880f4d73a7ae422a05c5df0daa286f,Devo sbrigarmi a prenotare #iphoneXSmax prima che li prendano tutti gli immigrati clandestini.,1,ita,[LANG=ita] Devo sbrigarmi a prenotare #iphoneXSmax prima che li prendano tutti gli immigrati clandestini.,"[3.4777753353118896, -3.565643072128296]"
ita_7114cfa6d2898e99bf0dc658ac80d631,"@USER Oh beh, sarò una merda infame, sempre meglio che essere uno che fa apologia di banda armata, terrorismo, atti sovversivi e tanto altro.
Ripeto, vi auguro la digos",0,ita,"[LANG=ita] @USER Oh beh, sarò una merda infame, sempre meglio che essere uno che fa apologia di banda armata, terrorismo, atti sovversivi e tanto altro.
Ripeto, vi auguro la digos","[4.785086154937744, -4.041801452636719]"
ita_b3ba6d91226772545617a0865fe8bf8a,@USER si ok ma figli non se ne possono fare garantito a meno che non fai come rom ecc.ecc. li concepisci e poi mandi a elemosinare,1,ita,[LANG=ita] @USER si ok ma figli non se ne possono fare garantito a meno che non fai come rom ecc.ecc. li concepisci e poi mandi a elemosinare,"[-4.927289962768555, 3.9652493000030518]"
ita_ff72e22e080f524fd02c48d7cf54a287,"da uno a qualsiasi campo rom, quanto truffano le pagine Facebook che vendono orologi?",1,ita,"[LANG=ita] da uno a qualsiasi campo rom, quanto truffano le pagine Facebook che vendono orologi?","[4.515079498291016, -4.191354751586914]"
ita_a8640ac6e7cd4f1899aa62bfe0bb495b,"@USER Vero... il meglio che si potrebbe ottenere è ""balla come un ricchione""... siamo messi proprio bene...",0,ita,"[LANG=ita] @USER Vero... il meglio che si potrebbe ottenere è ""balla come un ricchione""... siamo messi proprio bene...","[-4.046982765197754, 3.3546416759490967]"
ita_0957d84152655daf755e6df016b4b1db,"@USER @USER @USER Viene da sorridere all'idea che si debbano spendere soldi degli italiani che lamentano la spesa per gli immigrati e ce ne fanno spendere un ""mare"" per educarli alla civiltà, da sorridere o da piangere.",1,ita,"[LANG=ita] @USER @USER @USER Viene da sorridere all'idea che si debbano spendere soldi degli italiani che lamentano la spesa per gli immigrati e ce ne fanno spendere un ""mare"" per educarli alla civiltà, da sorridere o da piangere.","[-4.395900249481201, 3.462944746017456]"
ita_a2ddc83a5156ebc0f7ecd92120fe634c,"#Roma, ma la #raggi #m5s nn doveva essere diversa? e poi ????«Tre famiglie italiane mandate in un campo nomadi» @URL",0,ita,"[LANG=ita] #Roma, ma la #raggi #m5s nn doveva essere diversa? e poi ????«Tre famiglie italiane mandate in un campo nomadi» @URL","[-4.327374458312988, 3.2853548526763916]"
ita_8c425c72881ea6869d7fcc7ffc742053,Un paio di jacinte ardern in più e divento ricchione,0,ita,[LANG=ita] Un paio di jacinte ardern in più e divento ricchione,"[4.453641414642334, -4.033193111419678]"
ita_5362b2a2964b1b10d2375ae61a02e637,"@USER Ma come non venivano in quanto profughi, nullatenenti assistiti in tutto a scapito nostro? Ora hanno 450000 mila euro per acquistare uno stabile e magari spenderne altrettanti per rifarlo. Svegliamoci questi sono finanziati ci cacciano",1,ita,"[LANG=ita] @USER Ma come non venivano in quanto profughi, nullatenenti assistiti in tutto a scapito nostro? Ora hanno 450000 mila euro per acquistare uno stabile e magari spenderne altrettanti per rifarlo. Svegliamoci questi sono finanziati ci cacciano","[4.327769756317139, -3.513002395629883]"
ita_47e2a256e6e6c1e6062f1328a5597282,@USER Ma vai a fare in culo avete abbondantemente e più rotto i cabasisi,0,ita,[LANG=ita] @USER Ma vai a fare in culo avete abbondantemente e più rotto i cabasisi,"[-4.074709892272949, 3.2140557765960693]"
ita_30554bef28ca2aaa5b449f202a307262,"E' una vergogna che l'immigrato sessista razzista sia ospite in tv, anche pubblica. @URL",1,ita,"[LANG=ita] E' una vergogna che l'immigrato sessista razzista sia ospite in tv, anche pubblica. @URL","[-5.046692371368408, 4.282503128051758]"
ita_a18e3ba1cdfb690a81f042b9537e1edb,@USER NO NAZ PARLO DI UNX ROTTO IN CULO,1,ita,[LANG=ita] @USER NO NAZ PARLO DI UNX ROTTO IN CULO,"[4.539682865142822, -3.8764536380767822]"
ita_6a5230507b80fd7ea1dc218cb82d0c11,"Cioè questi #Rom che vivevano di furti e crimini vari, avevano accumulato un patrimonio di 2,4 mln di euro e i giudici glieli hanno restituiti perché non c'è correlazione tra le loro attività e il patrimonio. 🤔Quindi soldi, ville, oro sono stati un dono dello Spirito Santo. 🙏",1,ita,"[LANG=ita] Cioè questi #Rom che vivevano di furti e crimini vari, avevano accumulato un patrimonio di 2,4 mln di euro e i giudici glieli hanno restituiti perché non c'è correlazione tra le loro attività e il patrimonio. 🤔Quindi soldi, ville, oro sono stati un dono dello Spirito Santo. 🙏","[4.436701774597168, -3.9806911945343018]"
ita_cba1d71ff36d1f3a9065683fc6b26c4c,Soltanto in italy fanno morire tutti animali ecc ma chi arriva con barconi e rom danno tutto vergogna governo,0,ita,[LANG=ita] Soltanto in italy fanno morire tutti animali ecc ma chi arriva con barconi e rom danno tutto vergogna governo,"[0.10323220491409302, -0.1175885871052742]"
ita_9be0d69204a6e10e3945f1f3a12c55c1,Emergenza neve centro Italia: attivisti e migranti di Labàs in aiuto sui Monti Sibiliini @URL vi… @URL,0,ita,[LANG=ita] Emergenza neve centro Italia: attivisti e migranti di Labàs in aiuto sui Monti Sibiliini @URL vi… @URL,"[5.747501850128174, -5.388589859008789]"
ita_9d9ae368050dd5b8f2d268e2c55b12a6,#politicaestera I migranti mettono alla prova il modello Svezia @URL  @URL @URL,0,ita,[LANG=ita] #politicaestera I migranti mettono alla prova il modello Svezia @URL  @URL @URL,"[5.510496139526367, -5.202610492706299]"
ita_fcf4a7def23389eecabbb0c6c7b98e95,@USER  bene vai a vivere in un paese mussulmano Una donna intelligente non può accettare di perdere la propria Dignità,0,ita,[LANG=ita] @USER  bene vai a vivere in un paese mussulmano Una donna intelligente non può accettare di perdere la propria Dignità,"[4.346699237823486, -3.6461236476898193]"
ita_66ed90ebd18bb71670389f80c3944dd3,#Roma sempre più baby ladri  rom: la fuga  dai centri per minori  @URL cultura millenaria non imputabile,1,ita,[LANG=ita] #Roma sempre più baby ladri  rom: la fuga  dai centri per minori  @URL cultura millenaria non imputabile,"[-5.052402019500732, 4.3911542892456055]"
ita_79e1e8387e33aa4fc949a9d557c3bd48,RT @USER @USER @USER Gigginiello il femminiello??😂😂😂,1,ita,[LANG=ita] RT @USER @USER @USER Gigginiello il femminiello??😂😂😂,"[-5.229694843292236, 4.38960599899292]"
ita_2f3f9757c8fdab0e6a3f006c9a19229b,@USER @USER succede la stessa cosa anche qua...solo che il pilota c'è: è un rom ed è gia scappato.,0,ita,[LANG=ita] @USER @USER succede la stessa cosa anche qua...solo che il pilota c'è: è un rom ed è gia scappato.,"[-3.6914474964141846, 2.6531031131744385]"
ita_c13978c2382ef9b6f66d8821dbe2705f,"I #rom tramandano il loro sapere sul borseggio e #Raggi stanzia fondi, assegnazione case e esenzioni tax I romani o… @URL",1,ita,"[LANG=ita] I #rom tramandano il loro sapere sul borseggio e #Raggi stanzia fondi, assegnazione case e esenzioni tax I romani o… @URL","[3.786806344985962, -3.229252815246582]"
ita_721cb042ecc35d3aeb1c3ff6fd39d887,chiunque abbia tradotto Tales of the City merita una bottigliata in testa anche solo per aver tradotto 'queen' con 'frocia',0,ita,[LANG=ita] chiunque abbia tradotto Tales of the City merita una bottigliata in testa anche solo per aver tradotto 'queen' con 'frocia',"[5.492562770843506, -5.011425495147705]"
ita_8ed090640d4c9507f60a367def4b273e,"Forza ragazzi,180mila clandestini all'anno,rom da tutte le parti, illegalità totale, Coop rosse e bianche che lucrano.ora sapete cosa votare",1,ita,"[LANG=ita] Forza ragazzi,180mila clandestini all'anno,rom da tutte le parti, illegalità totale, Coop rosse e bianche che lucrano.ora sapete cosa votare","[-4.946544647216797, 4.287533283233643]"
ita_eee8d776c942124fcb75a8c178de8ef6,Il superamento dei “campi rom” del Comune di #Roma @URL via @USER,0,ita,[LANG=ita] Il superamento dei “campi rom” del Comune di #Roma @URL via @USER,"[5.455101490020752, -5.222870826721191]"
ita_cfca3ca3b4c51ca9015e5c2826ac0b8c,"Il Papa: Anche Maria è stata una migrante, lontana dalla sua terra - La Repubblica @URL #notizie @URL",0,ita,"[LANG=ita] Il Papa: Anche Maria è stata una migrante, lontana dalla sua terra - La Repubblica @URL #notizie @URL","[5.573818206787109, -5.1661696434021]"
ita_b36e64376d0654728fd2fb91443abe19,@USER È già tanto che non ha detto ricchione😂😂😂,0,ita,[LANG=ita] @USER È già tanto che non ha detto ricchione😂😂😂,"[4.563690185546875, -4.027227401733398]"
ita_61c24f56e20cf48d57c87f1a3bd3887e,"Follonica, rinchiudono due nomadi in un gabbiotto: denunciati tre addetti della Lidl @URL @USER",1,ita,"[LANG=ita] Follonica, rinchiudono due nomadi in un gabbiotto: denunciati tre addetti della Lidl @URL @USER","[-2.768366813659668, 1.792766809463501]"
ita_c50122922943c0d741120e1b0841b81e,Il Popolo italiano deve rassegnarsi all'immigrazione selvaggia e attrezzarsi per lasciare in massa l'Italia per far posto agli immigrati.,0,ita,[LANG=ita] Il Popolo italiano deve rassegnarsi all'immigrazione selvaggia e attrezzarsi per lasciare in massa l'Italia per far posto agli immigrati.,"[-2.781949996948242, 2.00170636177063]"
ita_1921939626f43480ce97e268dc5cd3d5,"@USER Vai a lavorare! I mussulmani non vogliono che le loro donne imbacuccate vadano a lavorare, non si lamentassero poi se fanno la fame! Hannorottoilcazzo!",1,ita,"[LANG=ita] @USER Vai a lavorare! I mussulmani non vogliono che le loro donne imbacuccate vadano a lavorare, non si lamentassero poi se fanno la fame! Hannorottoilcazzo!","[-5.365235805511475, 4.611539840698242]"
ita_54df79e2edbd2e04a1dea086d663e05a,"@USER Avresti dovuto fermarti a "" uccisa da criminali spacciatori"" .... italiani o immigrati, restano sempre assassini, stupratori, portatori di morte.... onestà intellettuale cercasi",0,ita,"[LANG=ita] @USER Avresti dovuto fermarti a "" uccisa da criminali spacciatori"" .... italiani o immigrati, restano sempre assassini, stupratori, portatori di morte.... onestà intellettuale cercasi","[-4.952880859375, 4.22757625579834]"
ita_b18071df1a3e7a18f7308f7ca2615166,"Che nessuno si permetta di paragonare i nostri migranti italiani ai clandestini neri.
Essi andavano in patrie ostili per lavorare. Non per spacciare droghe, chiedere elemosine o per prostituirsi. @URL",1,ita,"[LANG=ita] Che nessuno si permetta di paragonare i nostri migranti italiani ai clandestini neri.
Essi andavano in patrie ostili per lavorare. Non per spacciare droghe, chiedere elemosine o per prostituirsi. @URL","[2.9289286136627197, -2.6906380653381348]"
ita_0112322885081418da1a5b496ae1ccfa,"@USER @USER @USER @USER possiamo girare ancora tranquilli con il crocefisso al collo o rischiamo di essere accoltellati?
Se così fosse io vieterei l'islam in italia
via mussulmani e islamici dal nostro paese!",0,ita,"[LANG=ita] @USER @USER @USER @USER possiamo girare ancora tranquilli con il crocefisso al collo o rischiamo di essere accoltellati?
Se così fosse io vieterei l'islam in italia
via mussulmani e islamici dal nostro paese!","[3.8759713172912598, -3.260655641555786]"
ita_b897e82a26a98618c75cd650967228cc,"""Il mio cuore è spezzato per lo #SriLanka e la comunità cristiana mondiale. Dobbiamo combattere il perpetuarsi della cristianofobia. I terroristi della supremazia islamista devono essere condannati ovunque."" #parcondicio #adoratoridellaPasqua #Obama #Clinton ? @URL",0,ita,"[LANG=ita] ""Il mio cuore è spezzato per lo #SriLanka e la comunità cristiana mondiale. Dobbiamo combattere il perpetuarsi della cristianofobia. I terroristi della supremazia islamista devono essere condannati ovunque."" #parcondicio #adoratoridellaPasqua #Obama #Clinton ? @URL","[4.277285099029541, -3.951842784881592]"
ita_1af8870529158c5b4219ed66ffff88b8,Changkyun hai rotto il cazzo con le tue storie da ricchione,1,ita,[LANG=ita] Changkyun hai rotto il cazzo con le tue storie da ricchione,"[-5.1230058670043945, 4.524794578552246]"
ita_25cbc1a1a8a9e20fb4f8bbe36982a403,@USER X anni @USER e @USER hanno appoggiato in Italia (da abusivi) e in UE il @USER su africani rom islamici clandestini e stranieri criminali liberi impuniti.... hanno sempre tradito il popolo italiano autoctono sovrano e lo faranno sempre...,1,ita,[LANG=ita] @USER X anni @USER e @USER hanno appoggiato in Italia (da abusivi) e in UE il @USER su africani rom islamici clandestini e stranieri criminali liberi impuniti.... hanno sempre tradito il popolo italiano autoctono sovrano e lo faranno sempre...,"[-5.214188098907471, 4.530130863189697]"
ita_ea1aae4f366ce6897dab3a330ad0b3ec,"Dopo l'ingresso di un grande numero di mygranti:
La Svezia da ""paradiso"" è diventata un cesso
La Francia è diventata un cesso
L'Inghilterra è diventata un cesso
L'Olanda è diventata un cesso
Belgio e Germania pure
Conclusione logiche della sx: l'immigrazione non c'entra niente",0,ita,"[LANG=ita] Dopo l'ingresso di un grande numero di mygranti:
La Svezia da ""paradiso"" è diventata un cesso
La Francia è diventata un cesso
L'Inghilterra è diventata un cesso
L'Olanda è diventata un cesso
Belgio e Germania pure
Conclusione logiche della sx: l'immigrazione non c'entra niente","[1.4480342864990234, -1.5352736711502075]"
ita_9519bd37b485638207d01380ea5b6113,I Fascisti in Italia sono confusi:danno fuoco alle palme e chiudono Rom nella spazzatura... #Lidl #rom #rotturelidl,0,ita,[LANG=ita] I Fascisti in Italia sono confusi:danno fuoco alle palme e chiudono Rom nella spazzatura... #Lidl #rom #rotturelidl,"[-4.844090938568115, 3.9955966472625732]"
ita_884218cb2a9e8227bb67e0bf7a77f25c,Fiaccolata della Lega Nord contro gli aiuti ai rom @URL,0,ita,[LANG=ita] Fiaccolata della Lega Nord contro gli aiuti ai rom @URL,"[4.958449363708496, -4.805391311645508]"
ita_e996740bd58c7e40046018c205afd764,@USER Speriamo che si caghino sotto,0,ita,[LANG=ita] @USER Speriamo che si caghino sotto,"[5.461889743804932, -4.942573547363281]"
ita_3275b4abedb2cf7e43d2ae128c1d161f,piuttosto di fare l'impiegato faccio il nomade,0,ita,[LANG=ita] piuttosto di fare l'impiegato faccio il nomade,"[4.7196044921875, -4.287166118621826]"
ita_d99b6691c51e340c10c07a7cdcd57449,@USER @USER @USER Magari qualcuno a sinistra comincia a capire che fottersene dei cittadini più disagiati e coccolare solo immigrati e rom non gli porta molti voti.,0,ita,[LANG=ita] @USER @USER @USER Magari qualcuno a sinistra comincia a capire che fottersene dei cittadini più disagiati e coccolare solo immigrati e rom non gli porta molti voti.,"[-3.2561299800872803, 2.6453542709350586]"
ita_bd6f4ac8a545d916dedc168c8815bc98,"Furti alla RomaOstia, l'odissea dei podisti nel campo rom per recuperare zaini rubati @URL",1,ita,"[LANG=ita] Furti alla RomaOstia, l'odissea dei podisti nel campo rom per recuperare zaini rubati @URL","[5.690078258514404, -5.2124247550964355]"
ita_fcb516c046a5d0aa12befc5dc43e94c0,"Le donne europee non hanno fatto secoli di lotte per i loro diritti per ritrovarsi in casa chi, in nome dell’Islam, nega la parità tra uomini e donne. A chi non piace la civiltà europea e preferisce seguire la sharia può andare a vivere da qualche altra parte. @URL",1,ita,"[LANG=ita] Le donne europee non hanno fatto secoli di lotte per i loro diritti per ritrovarsi in casa chi, in nome dell’Islam, nega la parità tra uomini e donne. A chi non piace la civiltà europea e preferisce seguire la sharia può andare a vivere da qualche altra parte. @URL","[-4.294133186340332, 3.493490695953369]"
ita_0cc25a17643c244b2e7a050ce4f488e4,"PER I MIGRANTI ""CIBO NON BUONO"" E LO HANNO
GETTATO VIA. NESSUNO HA PENSATO
AGLI ITALIANI POVERI IN FILA PER UN PASTO ALLA ""CARITAS""
Profughi non lo mangiano, cibo gettato a sacchi – FOTO CHOC @URL",1,ita,"[LANG=ita] PER I MIGRANTI ""CIBO NON BUONO"" E LO HANNO
GETTATO VIA. NESSUNO HA PENSATO
AGLI ITALIANI POVERI IN FILA PER UN PASTO ALLA ""CARITAS""
Profughi non lo mangiano, cibo gettato a sacchi – FOTO CHOC @URL","[-5.072032451629639, 4.2302680015563965]"
ita_5adbbb5dcd22ea62cbe18593b242b377,"Roma, le nomadi fanno spese pazze ma la cassiera è complice del raggiro @URL @URL",1,ita,"[LANG=ita] Roma, le nomadi fanno spese pazze ma la cassiera è complice del raggiro @URL @URL","[-3.9375977516174316, 3.031157970428467]"
ita_08647b006f65291a5ec79ed1c8e21176,"@USER Salve Matteo,non possiamo piu permettere a codeste bestie di merda di varie nazionalità  di poter spacciare,ammazzare,far prostituire,rubare e farla da padrone. Ci vogliono leggi speciali! Il  terrorismo(rosso)lo abbiamo distrutto con leggi speciali!      Pugno di ferro..",1,ita,"[LANG=ita] @USER Salve Matteo,non possiamo piu permettere a codeste bestie di merda di varie nazionalità  di poter spacciare,ammazzare,far prostituire,rubare e farla da padrone. Ci vogliono leggi speciali! Il  terrorismo(rosso)lo abbiamo distrutto con leggi speciali!      Pugno di ferro..","[-5.281158447265625, 4.6129889488220215]"
ita_462b065ecce0898a186ae2ca53d7da2d,"Salvini: Non concederò 
neanche mezza moschea ! La Dichiarazione islamica dei diritti dell'uomo dice che la donna vale meno dell'uomo, che la giustizia islamica prevale sulla giustizia italiana, l'Islam non è compatibile con le nostre libertà e i nostri valori!#MovimentOnesti @URL",0,ita,"[LANG=ita] Salvini: Non concederò 
neanche mezza moschea ! La Dichiarazione islamica dei diritti dell'uomo dice che la donna vale meno dell'uomo, che la giustizia islamica prevale sulla giustizia italiana, l'Islam non è compatibile con le nostre libertà e i nostri valori!#MovimentOnesti @URL","[-5.183603763580322, 4.469182014465332]"
ita_bbeaa2270b36381fe1abfed1b8791701,"#Eurolega EA7 Milano asfaltata in casa da modestissimi russi? Vergogna del basket italiano! Troppi mercenari stranieri, dirigenti bifolchi!",1,ita,"[LANG=ita] #Eurolega EA7 Milano asfaltata in casa da modestissimi russi? Vergogna del basket italiano! Troppi mercenari stranieri, dirigenti bifolchi!","[1.190364122390747, -1.100738286972046]"
ita_807227092699fbeae618550b467200e4,@USER @USER @USER @USER @USER Checca Paone un demente! A prescindere dall’orientamento che il k..?e’ suo! Ha attaccato i no vax! Ma gia’pensava all’hiv che null’altro e’ che il vaiolo delle scimmie! Un loggetto?,1,ita,[LANG=ita] @USER @USER @USER @USER @USER Checca Paone un demente! A prescindere dall’orientamento che il k..?e’ suo! Ha attaccato i no vax! Ma gia’pensava all’hiv che null’altro e’ che il vaiolo delle scimmie! Un loggetto?,"[-5.313382625579834, 4.541393756866455]"
ita_7e15092772052886798681948e9167de,@USER @USER E non solo ma sta' facendo in modo che gli ITALIANI SAPPIANO E NON SIANO ANCORA PRESI PER IL CULO🇮🇹🇮🇹🇮🇹🇮🇹 sea- watch tutti minorenni nati il 1 gennaio 2002.. forse un po' troppo robusti per avere tutti 17 anni..BASTA IMMIGRATI PORTI CHIUSI A OLTRANZA🇮🇹🇮🇹🇮🇹🇮🇹,1,ita,[LANG=ita] @USER @USER E non solo ma sta' facendo in modo che gli ITALIANI SAPPIANO E NON SIANO ANCORA PRESI PER IL CULO🇮🇹🇮🇹🇮🇹🇮🇹 sea- watch tutti minorenni nati il 1 gennaio 2002.. forse un po' troppo robusti per avere tutti 17 anni..BASTA IMMIGRATI PORTI CHIUSI A OLTRANZA🇮🇹🇮🇹🇮🇹🇮🇹,"[3.0842294692993164, -2.3412060737609863]"
ita_5a577a46062d34e521884394f69dca00,"perché a voi purtroppo delle donne e delle lesbiche…non frega nulla. preferite scatenare un drama assurdo dando della transfobica ad una ragazza che non vi ha fatto niente solo perché ne avete voglia. sicuramente a voi non importa nulla nemmeno delle persone trans, vi piace +",0,ita,"[LANG=ita] perché a voi purtroppo delle donne e delle lesbiche…non frega nulla. preferite scatenare un drama assurdo dando della transfobica ad una ragazza che non vi ha fatto niente solo perché ne avete voglia. sicuramente a voi non importa nulla nemmeno delle persone trans, vi piace +","[2.5663833618164062, -1.9188140630722046]"
ita_bf2344d150ff0b74e84686475ea3a40a,"È bello,come gli immigrati si siano integrati tra noi.Nei centri accoglienza si gestiscono la vita famigliare:al mattino mandato le donne a prostituirsi,loro escono a vendere merce contraffatta fino al primo pomeriggio,poi si ritirano x fumare e ubriacarsi.",1,ita,"[LANG=ita] È bello,come gli immigrati si siano integrati tra noi.Nei centri accoglienza si gestiscono la vita famigliare:al mattino mandato le donne a prostituirsi,loro escono a vendere merce contraffatta fino al primo pomeriggio,poi si ritirano x fumare e ubriacarsi.","[4.439244747161865, -4.008928298950195]"
ita_67c170c09bb85a2c6433cf10a99dcb0c,@USER L'Iran e tutti questi paesi mussulmani andrebbero portati all'estinzione ........,0,ita,[LANG=ita] @USER L'Iran e tutti questi paesi mussulmani andrebbero portati all'estinzione ........,"[-1.971410870552063, 1.3179901838302612]"
ita_d3329b754d8cd7bd0900dfb29b27b17a,"LE MASSE LA STORIA NON LA  SANNO! SONO STATE ISTRUITE CON GLI SLOGANS COMUNISTI: ""FALCE E  MARTELLO,PADRONI AL MACELLO!""COME I MAOMETTANI CON I VERSETTI DEL  CORANO: ""UCCIDETE I CANI INFEDELI"". @URL",1,ita,"[LANG=ita] LE MASSE LA STORIA NON LA  SANNO! SONO STATE ISTRUITE CON GLI SLOGANS COMUNISTI: ""FALCE E  MARTELLO,PADRONI AL MACELLO!""COME I MAOMETTANI CON I VERSETTI DEL  CORANO: ""UCCIDETE I CANI INFEDELI"". @URL","[1.4989898204803467, -1.5325236320495605]"
ita_4f5d82dd6c2b77c57d9d7c81c23045ec,#Milano Sorpresi dalle fiamme mentre dormivano in un cantiere: gravi mamma rom e bimbo di 3 anni… @URL,0,ita,[LANG=ita] #Milano Sorpresi dalle fiamme mentre dormivano in un cantiere: gravi mamma rom e bimbo di 3 anni… @URL,"[5.4696736335754395, -5.2048563957214355]"
ita_d3a2a41861791aa2e8538512420f7f2e,"Capo della Giustizia contro il decreto sull'immigrazione, Trump lo licenzia @URL",0,ita,"[LANG=ita] Capo della Giustizia contro il decreto sull'immigrazione, Trump lo licenzia @URL","[4.859256267547607, -4.53449010848999]"
ita_986f983089084f2e1e59a5fd6bcb1e80,"@USER Perché l'Islam è incompatibile con la libertà,con la Democrazia e con i diritti umani",0,ita,"[LANG=ita] @USER Perché l'Islam è incompatibile con la libertà,con la Democrazia e con i diritti umani","[-5.333571434020996, 4.641373157501221]"
ita_8a799fbab114c7cc0360b0eca7223c87,"Sembra cosa da poco ma la sottomissione della donna da parte dell'islam é disumano. Sarebbero ""fatti loro"" se non volessero imporlo al mondo intero. Riflettiamoci, il Belgio fra pochi anni avrà un governo islamico se non li fermano. @URL",1,ita,"[LANG=ita] Sembra cosa da poco ma la sottomissione della donna da parte dell'islam é disumano. Sarebbero ""fatti loro"" se non volessero imporlo al mondo intero. Riflettiamoci, il Belgio fra pochi anni avrà un governo islamico se non li fermano. @URL","[-3.7571706771850586, 2.9684934616088867]"
ita_c51185e91d6f3c326f359e798f465a7f,"Quanti sono i detenuti in Italia fra i ""migranti"" ? Non si sa .ma io so che in Francia sono il 70% . chi mi smentisce ?",1,ita,"[LANG=ita] Quanti sono i detenuti in Italia fra i ""migranti"" ? Non si sa .ma io so che in Francia sono il 70% . chi mi smentisce ?","[5.3007025718688965, -4.9464192390441895]"
ita_6432f0617ba1fc133cfc5716b3a9ce47,"@USER @USER @USER Accettiamo scommesse sul tipo di ""lavoro"" che sta andando a fare il rom in… @URL",1,ita,"[LANG=ita] @USER @USER @USER Accettiamo scommesse sul tipo di ""lavoro"" che sta andando a fare il rom in… @URL","[-4.114490985870361, 3.098809242248535]"
ita_f7d6a095f539578faf4aa702988d264d,"Campi rom, l’Onu richiama l’Italia. E per la Raggi la bocciatura è più severa @URL",0,ita,"[LANG=ita] Campi rom, l’Onu richiama l’Italia. E per la Raggi la bocciatura è più severa @URL","[5.676992893218994, -5.303739547729492]"
ita_4e1668588c651db1033f14f14f756c80,"“In Italia non c’è alcun allarme per la tubercolosi in relazione alla presenza di migranti”. Lo ha detto la ministra della Salute Grillo.

E ha detto una cazzata.
@URL @URL",1,ita,"[LANG=ita] “In Italia non c’è alcun allarme per la tubercolosi in relazione alla presenza di migranti”. Lo ha detto la ministra della Salute Grillo.

E ha detto una cazzata.
@URL @URL","[5.296962261199951, -4.8657073974609375]"
ita_54f13f0335ff9082a8161a6cada42548,"@USER @USER @USER Stop. Tutto il resto non conta, non è argomento degno di dibattito e di diritto civile e talvolta anche penale. Ma guai a contrastare il cannarolo o il culattone... Zan è pronto a sventolare le manette. Se muore qualcuno con il siero magico, come dicono ad Oxford... Stikazzi",1,ita,"[LANG=ita] @USER @USER @USER Stop. Tutto il resto non conta, non è argomento degno di dibattito e di diritto civile e talvolta anche penale. Ma guai a contrastare il cannarolo o il culattone... Zan è pronto a sventolare le manette. Se muore qualcuno con il siero magico, come dicono ad Oxford... Stikazzi","[4.514930725097656, -4.072348594665527]"
ita_7bee0277099e5fdd6112a9a191e3c3a3,"Per me il mondo non è fatto di gay e di etero, ma di creature. #GiornataMondialeControLOmofobia #RaffaellaCarra #PensieriVagabondi #CasaLettori [URL]",0,ita,"[LANG=ita] Per me il mondo non è fatto di gay e di etero, ma di creature. #GiornataMondialeControLOmofobia #RaffaellaCarra #PensieriVagabondi #CasaLettori [URL]","[5.6649627685546875, -5.275223731994629]"
ita_d97d712cc0534dae64d86267cefce148,"@USER @USER @USER andatevene viaaaaaaaaa,se state male in Italia rimanete a casa vostra!! Clandestini non profughi!!",1,ita,"[LANG=ita] @USER @USER @USER andatevene viaaaaaaaaa,se state male in Italia rimanete a casa vostra!! Clandestini non profughi!!","[4.293141841888428, -3.771679162979126]"
ita_cdf49f506bd6746a4ca30f4d2f250f05,"N.V. Allora dillo che sei sei anche tu un caghino, o fai parte del problema o fai parte della soluzione [URL]",1,ita,"[LANG=ita] N.V. Allora dillo che sei sei anche tu un caghino, o fai parte del problema o fai parte della soluzione [URL]","[5.391323566436768, -4.8720502853393555]"
ita_d462da9bd109546d41b67f6027d01b39,la devo smettere di aprirmi con le persone e dare tutto me stesso a chi nn mi merita veramente mi sono rotto le palle pk poi alla fine la prendo io in culo Dovete esplodere,0,ita,[LANG=ita] la devo smettere di aprirmi con le persone e dare tutto me stesso a chi nn mi merita veramente mi sono rotto le palle pk poi alla fine la prendo io in culo Dovete esplodere,"[4.942427635192871, -4.640219688415527]"
ita_59bebee9d952fe89e39d2e1db8895990,"#eraora ""NOI NON CI ARRENDIAMO"" l'odissea dei podisti nel campo rom per recuperare zaini rubati @URL",0,ita,"[LANG=ita] #eraora ""NOI NON CI ARRENDIAMO"" l'odissea dei podisti nel campo rom per recuperare zaini rubati @URL","[5.62843132019043, -5.2254414558410645]"
ita_d9017da7e986a1d0ff754ae003eaf231,a roma nuovi campi nomadi e gli italiani abbandonano le abitazioni. e noi abbiamo gente come la boldrini che difende tutto questo.,1,ita,[LANG=ita] a roma nuovi campi nomadi e gli italiani abbandonano le abitazioni. e noi abbiamo gente come la boldrini che difende tutto questo.,"[3.1090328693389893, -2.9340479373931885]"
ita_4690ee45090e6e2437a11b5dad105c93,"Ong italiane, francesi, norvegesi, accanite nel prendere migranti e scaricarli SEMPRE e SOLO in ITALIA! @URL",0,ita,"[LANG=ita] Ong italiane, francesi, norvegesi, accanite nel prendere migranti e scaricarli SEMPRE e SOLO in ITALIA! @URL","[4.501577377319336, -4.039658069610596]"
ita_36ced6a7424b0874303826c6dfcf3187,"@USER il colosso cinese a breve si piglia taiwan! e anche li vedrai la PUUUTENZA DELLA NATO E DI USA!!🤣 i cowboy volevano poggiare le palle in testa a oriente, e si sono ritrovati con un grosso palo nel culo a ovest!🤣",0,ita,"[LANG=ita] @USER il colosso cinese a breve si piglia taiwan! e anche li vedrai la PUUUTENZA DELLA NATO E DI USA!!🤣 i cowboy volevano poggiare le palle in testa a oriente, e si sono ritrovati con un grosso palo nel culo a ovest!🤣","[-4.254648685455322, 3.66593337059021]"
ita_42bb9eb1a5ddc559fa48fa64877a9e0e,@USER ma che si caghino addosso anche loro insieme agli americani,0,ita,[LANG=ita] @USER ma che si caghino addosso anche loro insieme agli americani,"[4.144551753997803, -3.813147783279419]"
ita_dc5e6b1b3830b2c4cbeded9eca50ab61,#Lodi Deve scontare 3 mesi per furto: #nomade finisce nelle maglie della #Polfer @URL via @USER,0,ita,[LANG=ita] #Lodi Deve scontare 3 mesi per furto: #nomade finisce nelle maglie della #Polfer @URL via @USER,"[4.804538726806641, -4.393637180328369]"
ita_3e66f4faae4c85b2eeaad42c8201bc64,"Poi bloccano la gente se scrive ""Ricchione"" in un tweet ironico rivolto ad in amico. Questa qui invece, non solo respira, scrive pure! [URL]",0,ita,"[LANG=ita] Poi bloccano la gente se scrive ""Ricchione"" in un tweet ironico rivolto ad in amico. Questa qui invece, non solo respira, scrive pure! [URL]","[1.8077219724655151, -1.7325464487075806]"
ita_84c199edc40ac5c9b1e20111f1bb6790,"@USER @USER @USER Ok quindi anche lei che lo registra e riprende mentre è fatto, ubriaco o incazzato commette un reato, come se si stesse preparando per questo. Lei che lo insulta verbalmente e gli da della checca perché preferisce ritirarsi piuttosto che scontrarsi è ancor più grave",0,ita,"[LANG=ita] @USER @USER @USER Ok quindi anche lei che lo registra e riprende mentre è fatto, ubriaco o incazzato commette un reato, come se si stesse preparando per questo. Lei che lo insulta verbalmente e gli da della checca perché preferisce ritirarsi piuttosto che scontrarsi è ancor più grave","[3.5761141777038574, -3.189269542694092]"
ita_ab4f869b0fbd5e76fad0b2ec480cc12a,"@USER @USER i #rom fanno di tutto per farsi odiare, non si integrano, vivono di illegalità. E noi dovremmo rispettarli? #ruspa",0,ita,"[LANG=ita] @USER @USER i #rom fanno di tutto per farsi odiare, non si integrano, vivono di illegalità. E noi dovremmo rispettarli? #ruspa","[3.5011370182037354, -2.8857662677764893]"
ita_6b76cc59870f4d6006f80612c0aaa8d2,"Di sottoscrizioni di ""carte"" con cui poi gli eletti si sono bellamente puliti il culo,ne abbiamo già viste abbastanza: firme fatte in tv davanti a milioni di spettatori, su piattaforme online o nei comizi elettorali. Hanno rotto il cazzo a sufficienza: chi firma e chi propaganda! [URL]",0,ita,"[LANG=ita] Di sottoscrizioni di ""carte"" con cui poi gli eletti si sono bellamente puliti il culo,ne abbiamo già viste abbastanza: firme fatte in tv davanti a milioni di spettatori, su piattaforme online o nei comizi elettorali. Hanno rotto il cazzo a sufficienza: chi firma e chi propaganda! [URL]","[5.119769096374512, -4.978036403656006]"
ita_5da903e5e053176ab87665d6becbe599,"sono agguerriti su questo però vogliono dare il reddito di cittadinanza a tutti gli immigrati e rom compresi, facc… @URL",0,ita,"[LANG=ita] sono agguerriti su questo però vogliono dare il reddito di cittadinanza a tutti gli immigrati e rom compresi, facc… @URL","[5.281486988067627, -4.905274868011475]"
ita_e7019dc947dd9e7685194fa3d0a779ff,"Chiusure beffa per i campi rom, resta l'insediamento di Roma Nord @URL @USER",0,ita,"[LANG=ita] Chiusure beffa per i campi rom, resta l'insediamento di Roma Nord @URL @USER","[5.5776777267456055, -5.177469253540039]"
ita_484c97c4e8bc583832021ee99e2b9d2d,"Votare la ducessa per smettere finalmente di andare a puttane in Svizzera e ritornare alla italica zoccola, alla cinta senese, al femminiello flegreo e dare finalmente lavoro e vigore ai nostri giovani balilla saturi di testosterone.",0,ita,"[LANG=ita] Votare la ducessa per smettere finalmente di andare a puttane in Svizzera e ritornare alla italica zoccola, alla cinta senese, al femminiello flegreo e dare finalmente lavoro e vigore ai nostri giovani balilla saturi di testosterone.","[4.796349048614502, -4.105839729309082]"
ita_f402a1898eebaffead08c167d355308c,"and that's on being una checca del cazzo, ma quando mi ripiglio un po'",0,ita,"[LANG=ita] and that's on being una checca del cazzo, ma quando mi ripiglio un po'","[-3.460745096206665, 2.5981671810150146]"
ita_72e002fcd9475a0b1441bb12ebf3e00d,Purtroppo è così. Inutile nasconderlo. Bisogna tutelare veri profughi intensificando controlli. @URL,0,ita,[LANG=ita] Purtroppo è così. Inutile nasconderlo. Bisogna tutelare veri profughi intensificando controlli. @URL,"[5.101516246795654, -4.802186965942383]"
ita_69a209981746efc233567f448bdf0b9b,"@USER Fermati #IMMIGRATI clandestini. Lo stupro di gruppo con omicidio è un intollerabile scempio contro le donne tipico di sporchi sacchi NERI e loro inferiorità razziale. DELINQUENTI morali Dem, Vaticano, #FakeMedia con loro parole immigrazioniste. Chi nega #razzismo muore. #Desirée",1,ita,"[LANG=ita] @USER Fermati #IMMIGRATI clandestini. Lo stupro di gruppo con omicidio è un intollerabile scempio contro le donne tipico di sporchi sacchi NERI e loro inferiorità razziale. DELINQUENTI morali Dem, Vaticano, #FakeMedia con loro parole immigrazioniste. Chi nega #razzismo muore. #Desirée","[-5.175259590148926, 4.56888484954834]"
ita_38c5b306b6f06c796c134619ecb765b6,salvare 1 immigrato costa 600 euro. Quanto risparmieremmo a salvarne un milione? Questo quesito nazisti l'avevano fatto con gli handicappati,0,ita,[LANG=ita] salvare 1 immigrato costa 600 euro. Quanto risparmieremmo a salvarne un milione? Questo quesito nazisti l'avevano fatto con gli handicappati,"[4.290228366851807, -3.939695119857788]"
ita_68a4729f5315246df3f482e186575349,"@USER @USER @USER @USER E' L'ORA DI FINIRLA CON QUESTE LADRE ROM (con bimbi al seguito) SULLE METRO !!! PERCHE' POI , QUANDO LA GENTE S'INCAZZA ……. SUCCEDONO QUESTE COSE !!!! GIORGIA ROMB , HAI VOGLIA A DIFENDERLE ……. RIMANGONO ……. LADRE REO-CONFESSE !!!!",0,ita,"[LANG=ita] @USER @USER @USER @USER E' L'ORA DI FINIRLA CON QUESTE LADRE ROM (con bimbi al seguito) SULLE METRO !!! PERCHE' POI , QUANDO LA GENTE S'INCAZZA ……. SUCCEDONO QUESTE COSE !!!! GIORGIA ROMB , HAI VOGLIA A DIFENDERLE ……. RIMANGONO ……. LADRE REO-CONFESSE !!!!","[-4.575621604919434, 3.8123574256896973]"
ita_a666a19c9b2efcc86edffcab38951f0d,"CULTURA? \""@USER: Ecco l'assessore alla Cultura: \""Sterminate i musulmani come gli ebrei\"" @USER @URL",0,ita,"[LANG=ita] CULTURA? \""@USER: Ecco l'assessore alla Cultura: \""Sterminate i musulmani come gli ebrei\"" @USER @URL","[-3.9468986988067627, 3.0547921657562256]"
ita_91ad3d4b04ec08f2ec2aa5e63b7db871,@USER @USER @USER @USER Deve giocare la checca francese,1,ita,[LANG=ita] @USER @USER @USER @USER Deve giocare la checca francese,"[-5.174947261810303, 4.20505952835083]"
ita_c8fdc295ef227566b84ce5bc1b0f91e4,"@USER Odiano i nemici più di quanto amino i figli, o forse una figlia femmina vale poco o nulla, islam se lo conosci lo eviti",0,ita,"[LANG=ita] @USER Odiano i nemici più di quanto amino i figli, o forse una figlia femmina vale poco o nulla, islam se lo conosci lo eviti","[4.132676124572754, -3.6584792137145996]"
ita_c2413d489c1310c85a0feb71ce5fc125,Torre del Greco: minorenne rom arrestato dopo un furto @URL,0,ita,[LANG=ita] Torre del Greco: minorenne rom arrestato dopo un furto @URL,"[1.489760160446167, -1.9676692485809326]"
ita_7d84a48964f50d63e9ebf9048d131a7a,"Tanta nostra stampa ha ignorato che gran parte dei #ribelli #siriani non erano civili inermi, ma #terroristi @URL",0,ita,"[LANG=ita] Tanta nostra stampa ha ignorato che gran parte dei #ribelli #siriani non erano civili inermi, ma #terroristi @URL","[4.6352691650390625, -4.192275047302246]"
ita_7f9134cecd148424e074cd25c64272f7,@USER @USER Allegri hai rotto il cazzo ! Rabiot devi cacciarlo a calci in culo,0,ita,[LANG=ita] @USER @USER Allegri hai rotto il cazzo ! Rabiot devi cacciarlo a calci in culo,"[4.896824836730957, -4.627164363861084]"
ita_446f68c06b47f03d1c358d2581385431,Cosa ci aspettiamo più di questi immigrati ? Credo che siamo arrivati alla frutta ormai e oltretutto senza ritorno,0,ita,[LANG=ita] Cosa ci aspettiamo più di questi immigrati ? Credo che siamo arrivati alla frutta ormai e oltretutto senza ritorno,"[-3.4674384593963623, 2.80248761177063]"
ita_d785b064a55f46a95c751567218b08c4,"#Austria.
Nightclub a Regau.
Migrante viene cacciato dal locale.
Arrivano anche due poliziotte, ma lui se ne frega e prende a calci la porta.
Alla fine l'unica lingua possibile che capiscono é quella dei buttafuori...
         👇
@URL",1,ita,"[LANG=ita] #Austria.
Nightclub a Regau.
Migrante viene cacciato dal locale.
Arrivano anche due poliziotte, ma lui se ne frega e prende a calci la porta.
Alla fine l'unica lingua possibile che capiscono é quella dei buttafuori...
         👇
@URL","[-2.0171945095062256, 1.1315563917160034]"
ita_af4539768652fc632a1233f1a11da849,"#Matrix quella schifosa rom prende anche in giro, speriamo che cn i loro fuochi tossici si brucino e crepino tutti alla svelta, TOLLERANZA 0",0,ita,"[LANG=ita] #Matrix quella schifosa rom prende anche in giro, speriamo che cn i loro fuochi tossici si brucino e crepino tutti alla svelta, TOLLERANZA 0","[4.018118858337402, -3.336886167526245]"
ita_08e110bb2ed487a9a538c663ae024476,"Studentessa cinese morta a Roma: catturato un rom, denunciati altri due | @URL | #Secolo #liberetcogitans",1,ita,"[LANG=ita] Studentessa cinese morta a Roma: catturato un rom, denunciati altri due | @URL | #Secolo #liberetcogitans","[3.6836280822753906, -3.091447353363037]"
ita_fc94f860482f0138a0035502bc2e716e,"Pontina, caos al campo nomadi: ruabano a partecipenti maratona di Ostia e fuggono nei… @URL @URL",0,ita,"[LANG=ita] Pontina, caos al campo nomadi: ruabano a partecipenti maratona di Ostia e fuggono nei… @URL @URL","[3.692793130874634, -3.1932809352874756]"
ita_3fb6c784c709e797c917f53e4e024672,"@USER Nell'ordine hanno fatto peggio: pd forza italia lega fratelli d'italia pci e tutta la cricca degli speculatori rottinculo che hanno rovinato l'italia negli ultimi 50 anni. Valà, che non siamo mica tutti scemi!!!",1,ita,"[LANG=ita] @USER Nell'ordine hanno fatto peggio: pd forza italia lega fratelli d'italia pci e tutta la cricca degli speculatori rottinculo che hanno rovinato l'italia negli ultimi 50 anni. Valà, che non siamo mica tutti scemi!!!","[-5.293980121612549, 4.5795440673828125]"
ita_d78f251c14337a6e001e12949d7967ee,Quella bionda se li portasse tutti a casa gli immigrati e/o terroristi!! Stanno anche in mezzo a loro! Idiota! Poi entrano anche  #Mattino5,0,ita,[LANG=ita] Quella bionda se li portasse tutti a casa gli immigrati e/o terroristi!! Stanno anche in mezzo a loro! Idiota! Poi entrano anche  #Mattino5,"[-3.384906530380249, 2.904585361480713]"
ita_b70612e85a9209ac020d6551e107d2f2,"@USER @USER @USER @USER @USER @USER @USER @USER @USER @USER Non approvo l’idiozia , l’intolleranza verso le idee e temo l’Islam che ci st invadendo ci sottomette e distruggera’ la nostra civiltà illuminista e cristiana con la complicità di cretini ideologici fuori dalla realtà e dalla storia!",0,ita,"[LANG=ita] @USER @USER @USER @USER @USER @USER @USER @USER @USER @USER Non approvo l’idiozia , l’intolleranza verso le idee e temo l’Islam che ci st invadendo ci sottomette e distruggera’ la nostra civiltà illuminista e cristiana con la complicità di cretini ideologici fuori dalla realtà e dalla storia!","[-5.140716552734375, 4.299937725067139]"
ita_47192e8109fe26c9b63ce7dd137a90ea,"@USER @USER @USER ipocriti,falsi e menefreghisti. email e denunce fatte xke rom ci sommergono di immondizia ma nulla",1,ita,"[LANG=ita] @USER @USER @USER ipocriti,falsi e menefreghisti. email e denunce fatte xke rom ci sommergono di immondizia ma nulla","[-5.250871181488037, 4.3285298347473145]"
ita_3ce2aaecb92a9bf96083198900d023a2,@USER @USER scusate se le rom rubano la carta della differenziata voi licenziate i dipendenti ? Perché?,0,ita,[LANG=ita] @USER @USER scusate se le rom rubano la carta della differenziata voi licenziate i dipendenti ? Perché?,"[5.001952171325684, -4.682021617889404]"
ita_92a3f1ca4847f46911be3832c4b53a9a,"Vi prego ufficializzate #Pogba, mi sono rotto il cazzo di vedere tweet di quel rotto in culo di Dybala che va all'Inter #POGBACK",1,ita,"[LANG=ita] Vi prego ufficializzate #Pogba, mi sono rotto il cazzo di vedere tweet di quel rotto in culo di Dybala che va all'Inter #POGBACK","[3.240126609802246, -3.5416808128356934]"
ita_53c78cbb62587dee74f10b004b62f883,... purtroppo ha ragione Salvini: a Lodi alcune famiglie di stranieri non hanno voluto dichiarare i beni immobili che hanno in patria per poter usufruire del contributo comunale per l'accesso alla mensa  scolastica ... così facendo ledono i diritti di chi ha davvero bisogno!,0,ita,[LANG=ita] ... purtroppo ha ragione Salvini: a Lodi alcune famiglie di stranieri non hanno voluto dichiarare i beni immobili che hanno in patria per poter usufruire del contributo comunale per l'accesso alla mensa  scolastica ... così facendo ledono i diritti di chi ha davvero bisogno!,"[4.91710901260376, -4.474577903747559]"
ita_a9e479444ec9d1d3accbe3aacd32523b,Castel Romano - Atleti della Roma-Ostia derubati: i borsoni recuperati nel campo rom - Teleuniverso @URL,0,ita,[LANG=ita] Castel Romano - Atleti della Roma-Ostia derubati: i borsoni recuperati nel campo rom - Teleuniverso @URL,"[4.654045581817627, -4.453121662139893]"
ita_a33328d2840fd1606320ab377145a412,Se qualche luogo italiano subisse attentati e dei cittadini perdessero la vita x colpa di immigrati terroristi arrivati con barconi Ki paga,0,ita,[LANG=ita] Se qualche luogo italiano subisse attentati e dei cittadini perdessero la vita x colpa di immigrati terroristi arrivati con barconi Ki paga,"[-3.5153281688690186, 2.5440738201141357]"
ita_5523e45ac031ea9bbc7b633e5e5c4702,"Chi ha fatto la colonna sonora di ""Call Me By Your Name""? Ennio Ricchione",1,ita,"[LANG=ita] Chi ha fatto la colonna sonora di ""Call Me By Your Name""? Ennio Ricchione","[-4.157506942749023, 3.324348211288452]"
ita_7fa3ca1efc6412c138fdf76460087cb8,".@USER @USER Manconi, Radicali e Terzo settore presentano campagna “Ero straniero. l’umanità che fa bene” @URL",0,ita,"[LANG=ita] .@USER @USER Manconi, Radicali e Terzo settore presentano campagna “Ero straniero. l’umanità che fa bene” @URL","[5.648997783660889, -5.262685298919678]"
ita_c234e8cccae29ee4adf6a2163e12a181,"ACHTUNG profughi a Finale l'attacco del PD finalese ai grillini: ""Volete fare opposizione? fatela, ma non sul... @URL",0,ita,"[LANG=ita] ACHTUNG profughi a Finale l'attacco del PD finalese ai grillini: ""Volete fare opposizione? fatela, ma non sul... @URL","[4.673689842224121, -4.2761101722717285]"
ita_716711433d6c9c683e01e56816f410ac,"@USER è inutili che certi buonisti continuano a sentenziare su una 50ina di migranti. Questi migranti sono stati presi appositamente per creare il caso per cercare di rimuovere il blocco,CHE NON VA RIMOSSO,vanno respinti perché non sono andati a Malta? Siamo noi stupidi??",0,ita,"[LANG=ita] @USER è inutili che certi buonisti continuano a sentenziare su una 50ina di migranti. Questi migranti sono stati presi appositamente per creare il caso per cercare di rimuovere il blocco,CHE NON VA RIMOSSO,vanno respinti perché non sono andati a Malta? Siamo noi stupidi??","[-0.35940906405448914, 0.5156070590019226]"
ita_224579773ba1b089ab59e197367e5fc2,@USER @USER Aspettando che il @USER parli dei crimini dei clandestini e del fatto incontrovertibile che la MAGGIORANZA degli italiani non vuole più migranti economici. Il resto è fascismo.,0,ita,[LANG=ita] @USER @USER Aspettando che il @USER parli dei crimini dei clandestini e del fatto incontrovertibile che la MAGGIORANZA degli italiani non vuole più migranti economici. Il resto è fascismo.,"[-4.373940944671631, 3.5907323360443115]"
ita_d8770907a3f38aa1d6916eeb3ea4b1a6,"#Roma, cinese morta: da oggi la bonifica nel campo rom. I residenti: «Raggi venga a vedere» @URL @USER",1,ita,"[LANG=ita] #Roma, cinese morta: da oggi la bonifica nel campo rom. I residenti: «Raggi venga a vedere» @URL @USER","[4.843226909637451, -4.422222137451172]"
ita_0c0103207e949a923f8823f9e8c5f4bd,Gli ebrei portati contro la propria volontà. I migranti nei loro paesi spacciano stuprano e pagano scafisti per farsi portare in libya a spacciare e stuprare rubare e uccidono a chi va ad aiutarli nei loro paesi. I comunisti pd andavano nelle chiese e uccidevano i cristiani.,1,ita,[LANG=ita] Gli ebrei portati contro la propria volontà. I migranti nei loro paesi spacciano stuprano e pagano scafisti per farsi portare in libya a spacciare e stuprare rubare e uccidono a chi va ad aiutarli nei loro paesi. I comunisti pd andavano nelle chiese e uccidevano i cristiani.,"[-5.18327522277832, 4.457306861877441]"
ita_0ffe20f8d55e7a0d8ace3d0d9e800a7d,"Le aggressioni fatte da immigrati (in tutta Europa) contro i nostri figli sono ormai stillicidio quotidiano. Questa barbarie si chiama ""piccola Jihad"".
NON PUÒ ESISTERE INTEGRAZIONE CON CHI CI ODIA. 
Siamo in guerra ma non l'abbiamo dichiarata noi.

#NoGlobalCompact #NoIslam @URL",1,ita,"[LANG=ita] Le aggressioni fatte da immigrati (in tutta Europa) contro i nostri figli sono ormai stillicidio quotidiano. Questa barbarie si chiama ""piccola Jihad"".
NON PUÒ ESISTERE INTEGRAZIONE CON CHI CI ODIA. 
Siamo in guerra ma non l'abbiamo dichiarata noi.

#NoGlobalCompact #NoIslam @URL","[-4.793878555297852, 4.075563907623291]"
ita_418b1c7d58acc0aa32e268c362a91064,@USER Sei proprio una lesbica integralISTA,0,ita,[LANG=ita] @USER Sei proprio una lesbica integralISTA,"[5.7173871994018555, -5.312196254730225]"
ita_9319dcde56dc43f8a3aecb6437d27176,"Ma guarda guarda! Migliaia di bambini in tutta la Penisola che non possono accedere alla mensa scolastica e i media non ne parlano ? Ah, ma certo, non sono stranieri che ricevono il servizio gratuitamente, bensì italiani!",1,ita,"[LANG=ita] Ma guarda guarda! Migliaia di bambini in tutta la Penisola che non possono accedere alla mensa scolastica e i media non ne parlano ? Ah, ma certo, non sono stranieri che ricevono il servizio gratuitamente, bensì italiani!","[5.56566858291626, -5.23744535446167]"
ita_98582ee3e690decbef3bf8044a33b1ff,"@USER ennesimo immigrato che non è regolare, inutile per la società e per giunta anche omicida.",0,ita,"[LANG=ita] @USER ennesimo immigrato che non è regolare, inutile per la società e per giunta anche omicida.","[-5.10779333114624, 4.318167209625244]"
ita_a046ff9d4cbecc5f8cff658383bd310b,"Quando sarete veramente stufi, ma veramente stufi di vedere stranieri a spasso che col decreto di espulsione in tasca rubano, rapinano e uccidono, allora voterete CasaPound. Quando sarete stufi anche di giocare coi parolai. #Mirandola",0,ita,"[LANG=ita] Quando sarete veramente stufi, ma veramente stufi di vedere stranieri a spasso che col decreto di espulsione in tasca rubano, rapinano e uccidono, allora voterete CasaPound. Quando sarete stufi anche di giocare coi parolai. #Mirandola","[-4.786580562591553, 4.271932601928711]"
ita_32a73982d766923d11f60d6b34bf20f7,"@USER @USER ma come faccio a fidanzarmi con uno che non ho mai visto ma sei rotto in culo,impegnata≠fidanzata",1,ita,"[LANG=ita] @USER @USER ma come faccio a fidanzarmi con uno che non ho mai visto ma sei rotto in culo,impegnata≠fidanzata","[-4.769024848937988, 3.7903878688812256]"
ita_472227028e0fe6c632009b2592f568a7,@USER @USER @USER IN TUTTO QUESTO DIMENTICHI LO SCHIFO CREATO IN VIA DEI LUCANI IN ANNI DIVENTATO LUOGO DI CRIMINALITÀ SPACCIO E DEGRADO IN CUI UNA RAGAZZINA È STATA PRIMA DROGATA E POI STUPRATA DA IMMIGRATI IRREGOLARI CHE NEMMENO DOVEVANO ESSERE IN QUESTO PAESE!!! 😡😡😡😡😡😡😡😡😡😡😡😡😡😡😡,0,ita,[LANG=ita] @USER @USER @USER IN TUTTO QUESTO DIMENTICHI LO SCHIFO CREATO IN VIA DEI LUCANI IN ANNI DIVENTATO LUOGO DI CRIMINALITÀ SPACCIO E DEGRADO IN CUI UNA RAGAZZINA È STATA PRIMA DROGATA E POI STUPRATA DA IMMIGRATI IRREGOLARI CHE NEMMENO DOVEVANO ESSERE IN QUESTO PAESE!!! 😡😡😡😡😡😡😡😡😡😡😡😡😡😡😡,"[-3.304917097091675, 2.4444220066070557]"
ita_8fbeb6e2dae23237aca2a37c40351457,"@USER: sta arrivando un altro mezzo,un veliero,con 62 migranti,oltre a barche,barconi.Dove stiamo andando?Cosa diventa l'Italia,un lager di negri?Ci avviciniamo ad una rivolta sociale!",0,ita,"[LANG=ita] @USER: sta arrivando un altro mezzo,un veliero,con 62 migranti,oltre a barche,barconi.Dove stiamo andando?Cosa diventa l'Italia,un lager di negri?Ci avviciniamo ad una rivolta sociale!","[-4.8647685050964355, 3.9916460514068604]"
ita_ef4c548c52e7c6370ca0b98ccd690545,"@USER @USER @USER Basta migranti, voi e Bergoglio!

Bergoglio e i migranti 

Siccome stanno da me ben distanti
parlo sempre a favore dei migranti.",0,ita,"[LANG=ita] @USER @USER @USER Basta migranti, voi e Bergoglio!

Bergoglio e i migranti 

Siccome stanno da me ben distanti
parlo sempre a favore dei migranti.","[5.154205799102783, -4.782609462738037]"
ita_7e2e0fc9b7691aee80bb6f16a023b25c,tutti si svegliano .scoprono..gli italiani non vogliono immigrazione e terrorismo,0,ita,[LANG=ita] tutti si svegliano .scoprono..gli italiani non vogliono immigrazione e terrorismo,"[5.054831027984619, -4.67725944519043]"
ita_243d83ff99879f528d07e7cfe5a04733,"Il nome della #grattachecca deriva dal verbo grattare e da checca. Checca era il termine con cui si chiamava il grosso blocco di ghiaccio utilizzato per refrigerare gli alimenti. Il chiosco più antico è quello ""alla fonte d'oro"", invece il più famoso è ""la sora Maria"" #Roma [URL]",0,ita,"[LANG=ita] Il nome della #grattachecca deriva dal verbo grattare e da checca. Checca era il termine con cui si chiamava il grosso blocco di ghiaccio utilizzato per refrigerare gli alimenti. Il chiosco più antico è quello ""alla fonte d'oro"", invece il più famoso è ""la sora Maria"" #Roma [URL]","[5.640069007873535, -5.080561637878418]"
ita_47e1e7774bee8c267f2350f9a28bb2d2,Perchè studiare deve essere così difficile stressante doloroso rotto in culo orrendo orribile schifoso,1,ita,[LANG=ita] Perchè studiare deve essere così difficile stressante doloroso rotto in culo orrendo orribile schifoso,"[2.7652955055236816, -2.9824986457824707]"
ita_1fd412ef8f52e148091a9cd5387aec4c,@USER @USER @USER chiaramente un ricchione omofobo 👎,1,ita,[LANG=ita] @USER @USER @USER chiaramente un ricchione omofobo 👎,"[-5.387637615203857, 4.5803656578063965]"
ita_c5925245aee76cf8ef515294df5f7990,Un campo nomadi nel parcheggio dell'ospedale #pavia #italia #bhive @URL,0,ita,[LANG=ita] Un campo nomadi nel parcheggio dell'ospedale #pavia #italia #bhive @URL,"[3.553356409072876, -3.0971109867095947]"
ita_15306835a65eb0f1767d4ed6115f9350,La #Raggi dopo un anno comincia a far qualcosa. E comincia col dare le case ai rom. Contenti romani che l'avete votata? @USER,0,ita,[LANG=ita] La #Raggi dopo un anno comincia a far qualcosa. E comincia col dare le case ai rom. Contenti romani che l'avete votata? @USER,"[-0.7519488334655762, 0.33230310678482056]"
ita_3fb2a725c7b2f307cd3ceeec6500b177,Lavori da #rom @URL,1,ita,[LANG=ita] Lavori da #rom @URL,"[4.654094696044922, -4.112313747406006]"
ita_fc0c5fdaf347691b88c7e9adfce4082c,Musei Vaticani arrestate 3 nomadi borseggiatrici @URL #Roma #News #Notizie,1,ita,[LANG=ita] Musei Vaticani arrestate 3 nomadi borseggiatrici @URL #Roma #News #Notizie,"[1.2873802185058594, -1.8444550037384033]"
ita_6d4e676a84b0d9c4706ce4b9b93b2fd9,#portaaporta er bucaiolo ha paura del #terrorismo #islamico giusto dove va a tenere le sue strapagate conferenze,1,ita,[LANG=ita] #portaaporta er bucaiolo ha paura del #terrorismo #islamico giusto dove va a tenere le sue strapagate conferenze,"[-5.428505897521973, 4.512617588043213]"
ita_e8ff178ec17d34ab0b84c7ac038f534e,RT @USER Genitori che accoltellano la figlia in quanto lesbica. Queste sono #Devianze.,0,ita,[LANG=ita] RT @USER Genitori che accoltellano la figlia in quanto lesbica. Queste sono #Devianze.,"[5.695815563201904, -5.301078796386719]"
ita_929395c117f3db02f3406a69261fbcaf,"Si riaccende il dibattito su sicurezza e immigrazione, dopo l’omicidio di piazzale Loreto a Milano.  @USER ore… @URL",0,ita,"[LANG=ita] Si riaccende il dibattito su sicurezza e immigrazione, dopo l’omicidio di piazzale Loreto a Milano.  @USER ore… @URL","[5.681324481964111, -5.341660499572754]"
ita_f366085b996b9e5ec53f7940fc7b6514,"Desiree...
Fermati due immigrati clandestini senegalesi per quell’atroce omicidio!
Facciamo che cacciamo da questo paese tutti gli irregolari, e se ci ritornano li ricacciamo via facendoli scendere dall’aereo senza atterrare?",0,ita,"[LANG=ita] Desiree...
Fermati due immigrati clandestini senegalesi per quell’atroce omicidio!
Facciamo che cacciamo da questo paese tutti gli irregolari, e se ci ritornano li ricacciamo via facendoli scendere dall’aereo senza atterrare?","[2.890838861465454, -2.6327505111694336]"
ita_5cce4d914933e2d7bd42fd69be6a935d,"Roma, Politi: «La Raggi pensa ai rom e ai vegani e dimentica famiglie e periferie» - @URL @URL",1,ita,"[LANG=ita] Roma, Politi: «La Raggi pensa ai rom e ai vegani e dimentica famiglie e periferie» - @URL @URL","[-5.166783332824707, 4.389963626861572]"
ita_2b8d1be42872bd7eb3ad89764b63ea25,"@USER #CancelCulture è già il #PoliticamenteCorretto di #Censura come il termine #Queer , così ""trendy"" &amp; ""cool"" tra le #QuoteRosa arcobaleno 🌈 dell'Intellighenzia da apericena solidale, e l'edulcorato anglofono di ""Frocia"". 😂 [URL]",1,ita,"[LANG=ita] @USER #CancelCulture è già il #PoliticamenteCorretto di #Censura come il termine #Queer , così ""trendy"" &amp; ""cool"" tra le #QuoteRosa arcobaleno 🌈 dell'Intellighenzia da apericena solidale, e l'edulcorato anglofono di ""Frocia"". 😂 [URL]","[5.285119533538818, -4.5652570724487305]"
ita_2d14487d86e1fe96b8ab4a80f9557ac9,"I musulmani del cazzo in India legano i cani agli scooter x divertimento e li trascinano chilometri finché non muoiono. Una canina di recente madre di 6 cucciolini è morta così. Uccidere cani (esseri impuri in seno all'Islam) sarebbe un precetto della ""grande religione di pace"" @URL",1,ita,"[LANG=ita] I musulmani del cazzo in India legano i cani agli scooter x divertimento e li trascinano chilometri finché non muoiono. Una canina di recente madre di 6 cucciolini è morta così. Uccidere cani (esseri impuri in seno all'Islam) sarebbe un precetto della ""grande religione di pace"" @URL","[-3.978813409805298, 3.2206461429595947]"
ita_be632f806e6b48e62d9b24ee974756ea,"Vicenza, tabaccaia reagisce alla rapina: immigrato dell'est preso a sprangate in testa | Riscatto Nazionale @URL",1,ita,"[LANG=ita] Vicenza, tabaccaia reagisce alla rapina: immigrato dell'est preso a sprangate in testa | Riscatto Nazionale @URL","[2.098958969116211, -2.4906396865844727]"
ita_98aaccf9d5fb3f8d4e7042e640f9a11e,Visto che è vietata l apologia del fascismo siamo costretti a fare apologia del.nazismo per difenderci da democratici e musulmani,0,ita,[LANG=ita] Visto che è vietata l apologia del fascismo siamo costretti a fare apologia del.nazismo per difenderci da democratici e musulmani,"[5.287143707275391, -5.066399097442627]"
ita_199b670e2b190d78e1c457571ee0c00f,"@USER @USER @USER @USER @USER @USER @USER @USER Nessuno dovrebbe essere obbligato a sorbirsi immigrati che non vuole.
È fondamentale fare prevenzione in ingresso!",0,ita,"[LANG=ita] @USER @USER @USER @USER @USER @USER @USER @USER Nessuno dovrebbe essere obbligato a sorbirsi immigrati che non vuole.
È fondamentale fare prevenzione in ingresso!","[5.781763553619385, -5.290487289428711]"
ita_59e150d4b03af4e557de42378263ff31,il modo in cui i gay femminili sono sempre percepiti come cattivi ma proprio nel senso di meschini boh ok pack it up walt disney,0,ita,[LANG=ita] il modo in cui i gay femminili sono sempre percepiti come cattivi ma proprio nel senso di meschini boh ok pack it up walt disney,"[4.408314228057861, -3.7650129795074463]"
ita_72713798d8948242dd6568515d531962,"Il pianeta delle scimmie.
Guardate cosa succede solo a sparlare del Corano: Copenaghen messa a ferro e fuoco.
Non potremmo più aprire bocca, non potremmo più opporci a nulla. 
Questi sono fedeli SOLO al Corano.
SVEGLIATEVIIIIIIIIIIIIIII
@URL",1,ita,"[LANG=ita] Il pianeta delle scimmie.
Guardate cosa succede solo a sparlare del Corano: Copenaghen messa a ferro e fuoco.
Non potremmo più aprire bocca, non potremmo più opporci a nulla. 
Questi sono fedeli SOLO al Corano.
SVEGLIATEVIIIIIIIIIIIIIII
@URL","[-5.107838153839111, 4.449740409851074]"
ita_d8f0dc5e55fd198690581a6f12373e3c,@USER @USER C'è la convinzione anche che una donna lesbica non possa comunque non genuflettersi davanti al dio cazzo.,0,ita,[LANG=ita] @USER @USER C'è la convinzione anche che una donna lesbica non possa comunque non genuflettersi davanti al dio cazzo.,"[0.26803210377693176, -1.0657345056533813]"
ita_78bb7dea5dc4bf93f69fd341ccd406f4,ho trovato una ragazza attraente su tiktok e la fyp ha deciso di ricordarmi ancora una volta che sono ricchione e perennemente impanicato,0,ita,[LANG=ita] ho trovato una ragazza attraente su tiktok e la fyp ha deciso di ricordarmi ancora una volta che sono ricchione e perennemente impanicato,"[5.363938808441162, -4.655796527862549]"
ita_1ca31fa817ee59ede859bbb675050341,"@USER Vorrei quale gov, in una situazione del genere, invece di tassare avrebbe aiutato il popolo... nessuno! Qualunque gov, ci avrebbe rotto il culo a forza di tasse!!! Invece questo [con Draghi], nn solo da soldi, tassa pure i profitti delle compagnie petrolifere! Io parlo...",0,ita,"[LANG=ita] @USER Vorrei quale gov, in una situazione del genere, invece di tassare avrebbe aiutato il popolo... nessuno! Qualunque gov, ci avrebbe rotto il culo a forza di tasse!!! Invece questo [con Draghi], nn solo da soldi, tassa pure i profitti delle compagnie petrolifere! Io parlo...","[-3.7363693714141846, 2.9414167404174805]"
ita_fc860bc9c2cd45c1e5295552bcf95838,"Ero sempre malato, non stavo bene, ma tutto quello che volevo era solo morire. A scuola ed in giro ero sempre la “checca che voleva il cazzo nel culo”, dicevano questo. Ne parlai con mia zia e mia cugina (x me da sempre una sorella), scoppiarono a piangere, mi abbracciarono+",0,ita,"[LANG=ita] Ero sempre malato, non stavo bene, ma tutto quello che volevo era solo morire. A scuola ed in giro ero sempre la “checca che voleva il cazzo nel culo”, dicevano questo. Ne parlai con mia zia e mia cugina (x me da sempre una sorella), scoppiarono a piangere, mi abbracciarono+","[5.32643461227417, -4.820960521697998]"
ita_4022da1dedbeb10783db1a22b8aaa896,I dipinti offendono i musulmani. E il museo li copre - La Verità . Sono gli islamici che offendono l’arte non il contrario. Coprire l’arte in un museo è patetico. Chiudete il museo allora e Islam vincerà . È questo che vogliono. Lo ottengono per gradi.? @URL,0,ita,[LANG=ita] I dipinti offendono i musulmani. E il museo li copre - La Verità . Sono gli islamici che offendono l’arte non il contrario. Coprire l’arte in un museo è patetico. Chiudete il museo allora e Islam vincerà . È questo che vogliono. Lo ottengono per gradi.? @URL,"[-3.719430685043335, 3.1589608192443848]"
ita_798e75656c79a17211e5da799b0cc2b9,"Non vogliono essere sepolti vicino a noi perché per l’Islam noi cristiani siamo cani infedeli, portiamone ancora qualche milioncino in Europa e vedrete che disastroso futuro avremo#stopislam #stopimmigrazione @URL",0,ita,"[LANG=ita] Non vogliono essere sepolti vicino a noi perché per l’Islam noi cristiani siamo cani infedeli, portiamone ancora qualche milioncino in Europa e vedrete che disastroso futuro avremo#stopislam #stopimmigrazione @URL","[-5.193370819091797, 4.6273064613342285]"
ita_4def5df3834cbbe08d15ed4384d10f60,"@USER @USER @USER Oddio il vostro mondo è così complicato vi offendete subito.Effeminato ha atteggiamenti effeminati non mascolini come posso spiegarti, se vedessi uno così in giro penserei subito che è gay.",1,ita,"[LANG=ita] @USER @USER @USER Oddio il vostro mondo è così complicato vi offendete subito.Effeminato ha atteggiamenti effeminati non mascolini come posso spiegarti, se vedessi uno così in giro penserei subito che è gay.","[-4.020036697387695, 2.84562349319458]"
ita_2da51db0172e1246de411ac77e564a3c,"@USER bravo per il v/s ""giornalista"" il nomade che dopo essere scappato per la città ai 200 beccato dai carabinieri collabora!!??",0,ita,"[LANG=ita] @USER bravo per il v/s ""giornalista"" il nomade che dopo essere scappato per la città ai 200 beccato dai carabinieri collabora!!??","[3.7767374515533447, -3.2855875492095947]"
ita_613a5444ec988461819001a6f991ecc5,"Roma. Ragazza cinese morta. Fermato un rom, denunciato un 16enne: si cerca un terzo uomo - @URL @URL",0,ita,"[LANG=ita] Roma. Ragazza cinese morta. Fermato un rom, denunciato un 16enne: si cerca un terzo uomo - @URL @URL","[4.043376445770264, -3.5695950984954834]"
ita_d491a53cdc7b5cfc226ac3b3dc6257d0,Diceva che ero troppo effeminato tra le mani ha solo un pugno di mosche non sapeva che sono stato allevato dai più grandi figli di mignotta del Tufello.,0,ita,[LANG=ita] Diceva che ero troppo effeminato tra le mani ha solo un pugno di mosche non sapeva che sono stato allevato dai più grandi figli di mignotta del Tufello.,"[4.260406970977783, -3.4602696895599365]"
ita_1011e4ceea403b09097038e1409c2baf,qualcuno dica al forcio she/they che è perfettamente inutile accarezzare lo scroto degli eterazzi spicy che fanno le battute sul vaiolo delle scimmie perché tanto loro continuano a vederlo come un uomo gay e non lo percepiscono come essere umano perché omofobi,0,ita,[LANG=ita] qualcuno dica al forcio she/they che è perfettamente inutile accarezzare lo scroto degli eterazzi spicy che fanno le battute sul vaiolo delle scimmie perché tanto loro continuano a vederlo come un uomo gay e non lo percepiscono come essere umano perché omofobi,"[4.679915904998779, -3.9875147342681885]"
ita_5374b787b824f0086cfcc29b51cbc3a1,"#TorreMaura #NoToRacism 

“La storia insegna che i Rom ti rubano casa [...] Perche la cultura è la cosa principale nella vita,la vedo io.”

”Perché? Perché sono zingari,sono ladri,sono zozzi,sono sporchi,rubano e stuprano...”

e dalla Capitale è tutto! ?
@URL",0,ita,"[LANG=ita] #TorreMaura #NoToRacism 

“La storia insegna che i Rom ti rubano casa [...] Perche la cultura è la cosa principale nella vita,la vedo io.”

”Perché? Perché sono zingari,sono ladri,sono zozzi,sono sporchi,rubano e stuprano...”

e dalla Capitale è tutto! ?
@URL","[-4.948777675628662, 4.057308197021484]"
ita_9e576e965599127c984d69ea2d5429d5,"#Ohio #Abdul: ""Siete rassisti e islamofobi, Islam è religione di pace"" e 3 mesi dopo voleva la strage Ecce Islam @URL",1,ita,"[LANG=ita] #Ohio #Abdul: ""Siete rassisti e islamofobi, Islam è religione di pace"" e 3 mesi dopo voleva la strage Ecce Islam @URL","[-5.062934875488281, 4.381407737731934]"
ita_db1f9ff0d5320bcef4edd1c37b3dbd5b,#Milano Milano: sgomberate diverse roulottes dei nomadi in via Cusago e via Casasco @URL @URL,0,ita,[LANG=ita] #Milano Milano: sgomberate diverse roulottes dei nomadi in via Cusago e via Casasco @URL @URL,"[-3.0750887393951416, 1.9515488147735596]"
ita_60206f7adcd143581157e4b2beec85aa,"@USER Qui c'è un po' di confusione ma avevo capito che Bonolis aveva fatto una battuta.
A me ha dato fastidio il gesto dell'immigrata.
Si è alzata dallo sgabello. (I soliti migranti ""integrati"" a sinistra)
Per quello ho scritto che servirebbe un bel barcone...",0,ita,"[LANG=ita] @USER Qui c'è un po' di confusione ma avevo capito che Bonolis aveva fatto una battuta.
A me ha dato fastidio il gesto dell'immigrata.
Si è alzata dallo sgabello. (I soliti migranti ""integrati"" a sinistra)
Per quello ho scritto che servirebbe un bel barcone...","[5.188515663146973, -4.968782424926758]"
ita_202c639eb80ec50089e85a9997878fe8,"Quindi. per la sinistra lo spray al peperoncino andrebbe proibito perché ""pericoloso"" ma i loro amati ""migranti"" che girano con machete, coltelli, tirapugni, qualcuno anche fucili, e spacciano 24 ore su 24 vanno bene? Ma che problemi mentali avete? #Corinaldo",1,ita,"[LANG=ita] Quindi. per la sinistra lo spray al peperoncino andrebbe proibito perché ""pericoloso"" ma i loro amati ""migranti"" che girano con machete, coltelli, tirapugni, qualcuno anche fucili, e spacciano 24 ore su 24 vanno bene? Ma che problemi mentali avete? #Corinaldo","[-5.1911773681640625, 4.500457763671875]"
ita_9feb731aad1e4dc1ccbdbddb99f51827,"@USER sono gli Africani, rom, zingari e altri disadattati ... da sbattere fuori anche x tanti altri motivi",0,ita,"[LANG=ita] @USER sono gli Africani, rom, zingari e altri disadattati ... da sbattere fuori anche x tanti altri motivi","[-4.913185119628906, 3.9256858825683594]"
ita_a2ec9bba5ae9ef82ad9a294f820669b2,"@USER Poi liberiamola dagli accattoni, dai rom, dai barboni e da tutti quelli che la deturpano. Facciamola tormare Caput mundi",1,ita,"[LANG=ita] @USER Poi liberiamola dagli accattoni, dai rom, dai barboni e da tutti quelli che la deturpano. Facciamola tormare Caput mundi","[4.004889488220215, -3.3685946464538574]"
ita_a517f46e7867463f3f11f089c4201c56,"@USER @USER Papampero a San Vittore e festa del Pd? Te credo! I detenuti, difatti, votano tutti a sinistra, pure rom e islamici.",1,ita,"[LANG=ita] @USER @USER Papampero a San Vittore e festa del Pd? Te credo! I detenuti, difatti, votano tutti a sinistra, pure rom e islamici.","[-0.5406925678253174, 0.179671972990036]"
ita_db8d7735f59ed675a35bf2022f546901,"500ml in 6 anni, l'europa vuole che ci occupiamo dei profughi e anche che garantiamo le loro frontiere. E una fetta di culo su un vassoio?",0,ita,"[LANG=ita] 500ml in 6 anni, l'europa vuole che ci occupiamo dei profughi e anche che garantiamo le loro frontiere. E una fetta di culo su un vassoio?","[3.8815767765045166, -3.356285810470581]"
ita_efffbd7a7c35330f15130965599be325,@USER e grazie ai giudici li rilasceranno pagando loro il rientro a casa loro il biglietto del rientro in prima classe.e intanto i migranti arrivano e bla bla.lei parla bene come renzi.saluto,0,ita,[LANG=ita] @USER e grazie ai giudici li rilasceranno pagando loro il rientro a casa loro il biglietto del rientro in prima classe.e intanto i migranti arrivano e bla bla.lei parla bene come renzi.saluto,"[4.680941581726074, -3.9091687202453613]"
ita_fd5eb7971217b434ceaf9e3104e69304,"#Librandi, per non farsi mancare nulla, è anche filo-rom... MA PERCHE' NON VAI A CAGARE? #dallavostraparte",1,ita,"[LANG=ita] #Librandi, per non farsi mancare nulla, è anche filo-rom... MA PERCHE' NON VAI A CAGARE? #dallavostraparte","[2.9544873237609863, -2.7406089305877686]"
ita_384bb9bb75468ca6f2c7f0b1e02e2469,"Frosinone – Ora i profughi ci portano anche la tubercolosi, caso accertato a Fiuggi @URL",1,ita,"[LANG=ita] Frosinone – Ora i profughi ci portano anche la tubercolosi, caso accertato a Fiuggi @URL","[4.707419395446777, -4.232215404510498]"
ita_5f07727641938d359f434fcbc31d7661,Sergio il pedofilo non solo ricchione!,1,ita,[LANG=ita] Sergio il pedofilo non solo ricchione!,"[-5.323827266693115, 4.681976318359375]"
ita_51128e9023e130a59cb2f1d0651f234c,"Però sono brave persone vero sinistri maledetti, vero Bergoglio che li hai invitati in Vaticano?
Questi sono i rom e questa è la loro vera natura. Gentaglia che vive di espedienti, derubando cittadini ITALIANI INNOCENTI. @URL",0,ita,"[LANG=ita] Però sono brave persone vero sinistri maledetti, vero Bergoglio che li hai invitati in Vaticano?
Questi sono i rom e questa è la loro vera natura. Gentaglia che vive di espedienti, derubando cittadini ITALIANI INNOCENTI. @URL","[-5.246901988983154, 4.5761942863464355]"
ita_ed2731e2aa5e0cd4f90ac6c39d71611d,Per tutto il viaggio in motore ho tenuto così una rosa che sarà stata per settimane chissà dove nel culo del marocchino da cui l'ho comprata solo per portarla intatta a mio patrigno come patetico tentativo di scusarmi per aver rotto la poltrona [URL],0,ita,[LANG=ita] Per tutto il viaggio in motore ho tenuto così una rosa che sarà stata per settimane chissà dove nel culo del marocchino da cui l'ho comprata solo per portarla intatta a mio patrigno come patetico tentativo di scusarmi per aver rotto la poltrona [URL],"[5.358496189117432, -5.092639446258545]"
ita_f2b68712bc087ca7ca21c6b70a1329d4,Oltre A ROMA CASE POPOLARI AI ROM E IMMIGRATI PURE LAVORO DETENUTI E IMMIGRATI ROMANI DIFENDIAMO LA NOSTRA CITTÀ. DAGLI INVASORI,1,ita,[LANG=ita] Oltre A ROMA CASE POPOLARI AI ROM E IMMIGRATI PURE LAVORO DETENUTI E IMMIGRATI ROMANI DIFENDIAMO LA NOSTRA CITTÀ. DAGLI INVASORI,"[5.577096462249756, -5.090882778167725]"
ita_f00299f163c5cbc9de5beb167c3eabdc,"@USER @USER Al momento i ""bianchi"" vengono discriminati un po' in tutto il mondo a favore di rom,ne… @URL",1,ita,"[LANG=ita] @USER @USER Al momento i ""bianchi"" vengono discriminati un po' in tutto il mondo a favore di rom,ne… @URL","[4.977385997772217, -4.63229513168335]"
ita_ddd1adc31b947fe1b6141316c8206143,"I NIGERIANI IN ITALIA HANNO RAGGIUNTO
LA CIFRA DI 60.000. GESTISCONO
SPACCIO, PROSTITUZIONE, ACCATTONAGGIO 
Potenza, spaccia eroina, arrestata ""risorsa"" nigeriana @URL",0,ita,"[LANG=ita] I NIGERIANI IN ITALIA HANNO RAGGIUNTO
LA CIFRA DI 60.000. GESTISCONO
SPACCIO, PROSTITUZIONE, ACCATTONAGGIO 
Potenza, spaccia eroina, arrestata ""risorsa"" nigeriana @URL","[-3.7153754234313965, 2.8587818145751953]"
ita_ab43b24263e505f8b164e7fa68c12562,@USER Infatti hai più cazzo di me travione....,1,ita,[LANG=ita] @USER Infatti hai più cazzo di me travione....,"[-3.3469083309173584, 2.354667901992798]"
ita_422eac5098a9a5a841e2dbe41ce777a8,@USER nn lo conosco... vbb io sì voglio rivivere perché potrei avere una vita migliore di questa e magari essere anche ricca sfondata spero solo che se abbiamo altre vite di essere lesbica in ognuna di quelle,0,ita,[LANG=ita] @USER nn lo conosco... vbb io sì voglio rivivere perché potrei avere una vita migliore di questa e magari essere anche ricca sfondata spero solo che se abbiamo altre vite di essere lesbica in ognuna di quelle,"[4.614297389984131, -4.275589942932129]"
ita_3870523dcf348be84d72cd07000a8a43,e ditelo agli etero che vi devo dire smettetela di fare terapia di conversione alle lesbiche [URL],0,ita,[LANG=ita] e ditelo agli etero che vi devo dire smettetela di fare terapia di conversione alle lesbiche [URL],"[4.082172393798828, -3.363068103790283]"
ita_661d8fa8c7f0aa943a180fce2cc1c164,@USER che la piglia pure per il culo tirando in ballo Mercedesz e la sua esultanza . Penosa [URL],0,ita,[LANG=ita] @USER che la piglia pure per il culo tirando in ballo Mercedesz e la sua esultanza . Penosa [URL],"[4.7118611335754395, -4.226654529571533]"
ita_f238f7d26ede188ad621fe0af277619e,"Noi facciamo di tutto per l'#integrazione, ma loro mandano tutto al macero #ChalieHebdo  #islamistheproblem #Francia altra #poliziotta morta",1,ita,"[LANG=ita] Noi facciamo di tutto per l'#integrazione, ma loro mandano tutto al macero #ChalieHebdo  #islamistheproblem #Francia altra #poliziotta morta","[-4.944401264190674, 4.292656421661377]"
ita_1758c7c6446301080c54e86ce1168489,@USER qualcuno ha parlato di clandestini? Sono tutti gli immigrati a mangiarsi il nostro welfare!  @USER @USER,1,ita,[LANG=ita] @USER qualcuno ha parlato di clandestini? Sono tutti gli immigrati a mangiarsi il nostro welfare!  @USER @USER,"[-4.507607936859131, 3.6856424808502197]"
ita_33b015807ee45c5381084ee9ad01fcb4,Le vittime del #terrorismo dell'#Isis in #Turquia oltre a fare vittime fra # stranieri hanno ammazzato anche turisti di religione #islamica,0,ita,[LANG=ita] Le vittime del #terrorismo dell'#Isis in #Turquia oltre a fare vittime fra # stranieri hanno ammazzato anche turisti di religione #islamica,"[-3.689561128616333, 2.853593587875366]"
ita_d8caaf96ca8bd65e031dcc41ae3e4a70,"@USER @USER Scritte da repubblica poi 😂😂😂 che ipocrita rottinculo che sei Enrì…sei deviato mentalmente! Il giorno in cui trapasserai,satana ti aspetterà a braccia aperte!!",1,ita,"[LANG=ita] @USER @USER Scritte da repubblica poi 😂😂😂 che ipocrita rottinculo che sei Enrì…sei deviato mentalmente! Il giorno in cui trapasserai,satana ti aspetterà a braccia aperte!!","[-5.152166366577148, 4.48035192489624]"
ita_a1b7ff4b5c35610754f9350c161befd2,"Tor Sapienza, commissione sulle periferie nel campo rom Salviati. Boccuzzi: “L’immondizia sarà #news #Roma @URL",0,ita,"[LANG=ita] Tor Sapienza, commissione sulle periferie nel campo rom Salviati. Boccuzzi: “L’immondizia sarà #news #Roma @URL","[4.911540985107422, -4.718039512634277]"
ita_1e62042e19b38094bfdbb8aa4f9222b1,"PARADOSSO : Dopo aver diffuso nomi e fotografie degli agenti aggrediti dal terrorista , ora sono iniziati... @URL",0,ita,"[LANG=ita] PARADOSSO : Dopo aver diffuso nomi e fotografie degli agenti aggrediti dal terrorista , ora sono iniziati... @URL","[2.295151472091675, -2.3150975704193115]"
ita_f1179a8de6120233aef9ed8a8469d0f8,"\""@USER: I talebani massacrano i cristiani a Lahore ed il PD sta riempiendo l'Italia di musulmani. Affinità...\""",0,ita,"[LANG=ita] \""@USER: I talebani massacrano i cristiani a Lahore ed il PD sta riempiendo l'Italia di musulmani. Affinità...\""","[5.565837860107422, -5.310483455657959]"
ita_7ec71fd754bdb6260f20c67cb7c5c960,"Nord Italia, operazione nei campi rom: sequestrati beni per 9 milioni di euro @URL @URL",0,ita,"[LANG=ita] Nord Italia, operazione nei campi rom: sequestrati beni per 9 milioni di euro @URL @URL","[1.547891616821289, -1.6421841382980347]"
ita_340468ed06ed223eca28d13dda76806b,"all'arrivo dei #carabinieri le #donne #immigrate li hanno aggrediti con morsi, bastoni, calci e pugni @URL",1,ita,"[LANG=ita] all'arrivo dei #carabinieri le #donne #immigrate li hanno aggrediti con morsi, bastoni, calci e pugni @URL","[4.1905293464660645, -3.8832075595855713]"
ita_7b262f7abe8bc00f6cc98bf9839afc13,No vabbè questi hanno vinto tutto ahhhahhaahahhahaaahahahah #CarnevaleVenezia2017 #carnevale #Lidl #rom… @URL,0,ita,[LANG=ita] No vabbè questi hanno vinto tutto ahhhahhaahahhahaaahahahah #CarnevaleVenezia2017 #carnevale #Lidl #rom… @URL,"[4.411337852478027, -3.7765796184539795]"
ita_243ffca6763aff07e9be9402f7f55e13,Dobbiamo iniziare a colpire tutti i musulmani perché sono terroristi voi state male e siete scemi. #Berlino,0,ita,[LANG=ita] Dobbiamo iniziare a colpire tutti i musulmani perché sono terroristi voi state male e siete scemi. #Berlino,"[-4.482327938079834, 3.6052768230438232]"
ita_bd7793d16bd981928b8a227118786008,Senti ma se ho la vce bassa e sto morendo di ansia prova a capirmi brutta frocia di mrrda non è colpa mia se sei sorda menomale che non ti ved mai più e non ti verrò a trovare sappilo,1,ita,[LANG=ita] Senti ma se ho la vce bassa e sto morendo di ansia prova a capirmi brutta frocia di mrrda non è colpa mia se sei sorda menomale che non ti ved mai più e non ti verrò a trovare sappilo,"[4.30943489074707, -3.5351240634918213]"
ita_3ea29c4ca283db46919a51149e857953,@USER @USER @USER I mostri figli pagheranno le vostre politiche sciagurate l'invasione di immigrati che avete provocato e il servilismo all'unione europea delle banche,1,ita,[LANG=ita] @USER @USER @USER I mostri figli pagheranno le vostre politiche sciagurate l'invasione di immigrati che avete provocato e il servilismo all'unione europea delle banche,"[-4.480156421661377, 3.763167142868042]"
ita_c8119c89b59cae9cd8bfa42d35cf8706,"@USER @USER @USER @USER Salah ha solo ereditato la vecchia passione per Pisapippa  per i Rom 
Uniti alla sua per i Musulmani (Arabi, Africani, asiatici, baste che siano adoratori di Allah) fanno una bella miscela",0,ita,"[LANG=ita] @USER @USER @USER @USER Salah ha solo ereditato la vecchia passione per Pisapippa  per i Rom 
Uniti alla sua per i Musulmani (Arabi, Africani, asiatici, baste che siano adoratori di Allah) fanno una bella miscela","[5.2939043045043945, -4.805374622344971]"
ita_46b89f4e116b3e0aef7a616a3f790117,"AVEVO 13 ANNI. LE PERVERSE LECCAFIGA MARINA BERLUSCONI #MARINABERLUSCONI E CRISTINA ROSSELLO #CRISTINAROSSELLO MI PORTAVANO IN LORO VILLA A CHATEAUNEUF-GRASSE. LI SNIFFAVAMO COCAINA E SCOPAVAMO CON MARIA DE FILIPPI #MARIADEFILIPPI, #FRANCESCAPASCALE, #PAOLABARALE &amp; #ALBAPARIETTI! [URL]",0,ita,"[LANG=ita] AVEVO 13 ANNI. LE PERVERSE LECCAFIGA MARINA BERLUSCONI #MARINABERLUSCONI E CRISTINA ROSSELLO #CRISTINAROSSELLO MI PORTAVANO IN LORO VILLA A CHATEAUNEUF-GRASSE. LI SNIFFAVAMO COCAINA E SCOPAVAMO CON MARIA DE FILIPPI #MARIADEFILIPPI, #FRANCESCAPASCALE, #PAOLABARALE &amp; #ALBAPARIETTI! [URL]","[5.330618858337402, -4.921248435974121]"
ita_646f3fd0ad02767e821b80fce35ba848,Fuggono in auto dopo un furto: rom 17enni inseguiti e poi bloccati @URL @USER,0,ita,[LANG=ita] Fuggono in auto dopo un furto: rom 17enni inseguiti e poi bloccati @URL @USER,"[3.368443012237549, -3.0036511421203613]"
ita_62010b12168fecdf578d8a520ee6ff56,#dallavostraparte signora lasci suo figlio nei campi rom qualche giorno vediamo che ne pensa dopo,1,ita,[LANG=ita] #dallavostraparte signora lasci suo figlio nei campi rom qualche giorno vediamo che ne pensa dopo,"[3.7507784366607666, -3.4621329307556152]"
ita_a361d4c2a04f2305caa19485aaa5bc1d,"Dopo lo spazio di ieri cosa abbiamo imparato? Se ha Harry Styles come immagine del profilo è una finta lesbica. Perché ""finta""? Perché in realtà sono verginelle impaurite.",0,ita,"[LANG=ita] Dopo lo spazio di ieri cosa abbiamo imparato? Se ha Harry Styles come immagine del profilo è una finta lesbica. Perché ""finta""? Perché in realtà sono verginelle impaurite.","[-4.913900852203369, 4.179664611816406]"
ita_1372e1eb6d1b0cc865b345617313fee0,Che schifo i musulmani che inducono le donne a portare l'hijab @URL,0,ita,[LANG=ita] Che schifo i musulmani che inducono le donne a portare l'hijab @URL,"[-3.0420591831207275, 2.187279224395752]"
ita_768fc1df2c5091c40225d62eabb098dd,@USER Non ci stavano dubbi!! @USER siete 3 grandissime troie rotto in culo!! Super sfondate,0,ita,[LANG=ita] @USER Non ci stavano dubbi!! @USER siete 3 grandissime troie rotto in culo!! Super sfondate,"[-4.998156547546387, 3.9803149700164795]"
ita_eb97f4cb0a3c2ab3cca37dc23b05a349,"@USER @USER.. non postati notizie senza senso per favore... i commenti che hanno fatto non hanno nulla che fare con l'immigrazione (che io non approvo, sia chiaro).
La peste suna africana ce l'avevamo già, in Sardegna, da una vita.. con alcuni focolai nel continente da anni",0,ita,"[LANG=ita] @USER @USER.. non postati notizie senza senso per favore... i commenti che hanno fatto non hanno nulla che fare con l'immigrazione (che io non approvo, sia chiaro).
La peste suna africana ce l'avevamo già, in Sardegna, da una vita.. con alcuni focolai nel continente da anni","[4.974937915802002, -4.481914043426514]"
ita_63cc0197d0cead962a318ea35dd5bed8,"Traduco: ""Ci sono tanti edifici vuoti, perchè dobbiamo dormire per strada?"" dicono i rom sgomberati a Giuanturco @URL",0,ita,"[LANG=ita] Traduco: ""Ci sono tanti edifici vuoti, perchè dobbiamo dormire per strada?"" dicono i rom sgomberati a Giuanturco @URL","[4.325981140136719, -3.7569804191589355]"
ita_3f14a5176c6c01c44f39e0db83277b48,#lariachetira rom a vagonate in italia mandano bimbi a elemosinare rubare spacciare e x i giudici e lo stato è nella loro cultura?,1,ita,[LANG=ita] #lariachetira rom a vagonate in italia mandano bimbi a elemosinare rubare spacciare e x i giudici e lo stato è nella loro cultura?,"[-5.2756476402282715, 4.557297706604004]"
ita_077fb351427f05186ba1497a124e9b7d,@USER anche vero che ci sono i femminielli ma non le maschielle,0,ita,[LANG=ita] @USER anche vero che ci sono i femminielli ma non le maschielle,"[5.306436538696289, -4.9542036056518555]"
ita_83fcbcee484b982e957593e2c11eeb4c,Vogliono fare stragi/atti di terrorismo vedi in Germania #ATTO POLITICO SERIO MANDARE I NOSTRI SOLDATI NEI PAESI A… @URL,0,ita,[LANG=ita] Vogliono fare stragi/atti di terrorismo vedi in Germania #ATTO POLITICO SERIO MANDARE I NOSTRI SOLDATI NEI PAESI A… @URL,"[2.8699753284454346, -2.6481149196624756]"
ita_017e38b7a5df0b20b8c8ea6ac5e15c3e,"E comunque, di tutta sta storia, mi fa rosicare solo che goda quel rotto in culo del ballerino brizzolato. #Dybala #dybalaroma",1,ita,"[LANG=ita] E comunque, di tutta sta storia, mi fa rosicare solo che goda quel rotto in culo del ballerino brizzolato. #Dybala #dybalaroma","[4.178241729736328, -3.884814500808716]"
ita_5393ad55d1795e2a79d85bb123ef40cf,"Liliana Segre: ""Oggi con i migranti, come ieri con gli ebrei, è tragica l'indifferenza""
@URL
#LilianaSegre per Lei è sinonimo di indifferenza MANTENERE 600.000 clandestini?
E non sfrutti gli ebrei uccisi dai nazisti per fare propaganda immigrazionista! 🤔",1,ita,"[LANG=ita] Liliana Segre: ""Oggi con i migranti, come ieri con gli ebrei, è tragica l'indifferenza""
@URL
#LilianaSegre per Lei è sinonimo di indifferenza MANTENERE 600.000 clandestini?
E non sfrutti gli ebrei uccisi dai nazisti per fare propaganda immigrazionista! 🤔","[4.930238246917725, -4.50050687789917]"
ita_fdd0048f86b8846e27f869e86edeed1e,Vada a farsi fottere sto coglione rotto in culo [URL],1,ita,[LANG=ita] Vada a farsi fottere sto coglione rotto in culo [URL],"[-5.160007476806641, 4.516456127166748]"
ita_405fa55c59a311d7130bb81bc088acd2,@USER che si è rotto il cazzo di prenderla sembra re in culo perché è l'unico a fare gioco di squadra. ecco la mia interpretazione,0,ita,[LANG=ita] @USER che si è rotto il cazzo di prenderla sembra re in culo perché è l'unico a fare gioco di squadra. ecco la mia interpretazione,"[5.160874843597412, -4.783984184265137]"
ita_a140a4f3ab6c33f13570071d9365b149,"Vede Meluzzi,grazie alla chiesa attuale e i radical chic, ci siamo riempiti il territorio con delle bestie-assassine e con un islam che nel giro di pochi anni ci faranno sparare nelle strade x doverci difendere  !!",0,ita,"[LANG=ita] Vede Meluzzi,grazie alla chiesa attuale e i radical chic, ci siamo riempiti il territorio con delle bestie-assassine e con un islam che nel giro di pochi anni ci faranno sparare nelle strade x doverci difendere  !!","[-5.241341590881348, 4.560166358947754]"
ita_8782f39f41e3234f5fa690c977160786,Semi-unpopular opinion: Bibbitaro ~= Ciccione ~= Checca (chissà se sono riuscito a esprimerla bene),1,ita,[LANG=ita] Semi-unpopular opinion: Bibbitaro ~= Ciccione ~= Checca (chissà se sono riuscito a esprimerla bene),"[-4.062816619873047, 2.9500181674957275]"
ita_9b5af4b1e5bbea47e76cde6d0eb0b96a,"@USER E grave tutto questo, loro devono rimanere nel loro mondo e noi nel nostro. Ma l'Islam difficilmente si integra. Le donne sono maltrattate sono violentate, le sposano bambine. La nostra cultura è intoccabile. Non vogliamo il velo.",1,ita,"[LANG=ita] @USER E grave tutto questo, loro devono rimanere nel loro mondo e noi nel nostro. Ma l'Islam difficilmente si integra. Le donne sono maltrattate sono violentate, le sposano bambine. La nostra cultura è intoccabile. Non vogliamo il velo.","[-3.449867010116577, 2.494825601577759]"
ita_11d874a34a2505c82b7ef53109726071,Il bove che dice ricchione all'asino [URL] [URL],1,ita,[LANG=ita] Il bove che dice ricchione all'asino [URL] [URL],"[2.9357714653015137, -2.614677667617798]"
ita_83e87096ebb0fd507c52f466636eb04e,@USER nn solo terrorismo consideri l 'idea lanciata di fare 5figli a testa per comandarci a breve con le loro leggi islamiche,1,ita,[LANG=ita] @USER nn solo terrorismo consideri l 'idea lanciata di fare 5figli a testa per comandarci a breve con le loro leggi islamiche,"[3.319422960281372, -2.704432249069214]"
ita_611f943eb2a848dc45c7ddd60fe6398b,mi hanno dato della frocia neoliberale perché ho detto che mi piace starbucks. [URL],0,ita,[LANG=ita] mi hanno dato della frocia neoliberale perché ho detto che mi piace starbucks. [URL],"[5.2817606925964355, -4.872797012329102]"
ita_3730c0aff71446163f421ecc42a02815,@USER La maggior parte dei stupratori : o romeni o immigrati africani ( fateci caso ). Limitiamo questo reato con pene più severe e condanne veloci,1,ita,[LANG=ita] @USER La maggior parte dei stupratori : o romeni o immigrati africani ( fateci caso ). Limitiamo questo reato con pene più severe e condanne veloci,"[-3.7803006172180176, 2.8707919120788574]"
ita_f4bdb1ae9665d983a00592467694e9d9,@USER Vai a fare in culo hai rotto il cazzo,0,ita,[LANG=ita] @USER Vai a fare in culo hai rotto il cazzo,"[5.406955242156982, -5.004550933837891]"
ita_fdd77f8aa053400613bcd84ebb7f9ce2,Lulic sei un rom puoi fare il razzista tu???? Metti il gasolio al gommone,0,ita,[LANG=ita] Lulic sei un rom puoi fare il razzista tu???? Metti il gasolio al gommone,"[5.2361674308776855, -4.814514636993408]"
ita_6acf645e5a086e5768aca02a1b2ddbba,Vacca boia interrompono #DrHouse xk gli islamici non hanno altro da fare che uccidere gente! Ma cazzo ma xk non vi uccidete tra di voi!,0,ita,[LANG=ita] Vacca boia interrompono #DrHouse xk gli islamici non hanno altro da fare che uccidere gente! Ma cazzo ma xk non vi uccidete tra di voi!,"[-3.679269313812256, 2.8894102573394775]"
ita_dff179e258418a0786a428fe66c6e9df,@USER @USER @USER @USER @USER @USER @USER @USER @USER Quindi dare del negro di merda o del ricchione a una persona è libertà di espressione? Perché è questo il significato. Anche costituzione e legge Scelba pongono un limite alla libertà di espressione. E direi che la citazione ci azzecchi in pieno.,0,ita,[LANG=ita] @USER @USER @USER @USER @USER @USER @USER @USER @USER Quindi dare del negro di merda o del ricchione a una persona è libertà di espressione? Perché è questo il significato. Anche costituzione e legge Scelba pongono un limite alla libertà di espressione. E direi che la citazione ci azzecchi in pieno.,"[4.296788692474365, -3.992096185684204]"
ita_6e8f2ddef77f6a7d65ec953d04becbf3,"avete rotto le palle ogni volta tra matrimoni, figli, relazioni e puttanate varie dei calciatori fatevelo buttare in culo da un camionista di Viterbo e non rompeteci i coglioni",0,ita,"[LANG=ita] avete rotto le palle ogni volta tra matrimoni, figli, relazioni e puttanate varie dei calciatori fatevelo buttare in culo da un camionista di Viterbo e non rompeteci i coglioni","[4.927164077758789, -4.414512634277344]"
ita_47b5ae224d8e17c76578923701f88e0f,"@USER @USER altro che islam o cristianesimo!!! ...a c dobbiamo sorbire anche ""dell'ignorante"" : islam è  uno solo!!",1,ita,"[LANG=ita] @USER @USER altro che islam o cristianesimo!!! ...a c dobbiamo sorbire anche ""dell'ignorante"" : islam è  uno solo!!","[3.8297955989837646, -3.073897123336792]"
ita_fb43ac8e450d60d3914cdec1854c910b,#Nigeria: che fine ha fatto Buhari? Cristiani e musulmani intanto pregano assieme @URL,0,ita,[LANG=ita] #Nigeria: che fine ha fatto Buhari? Cristiani e musulmani intanto pregano assieme @URL,"[5.23942756652832, -4.884132385253906]"
ita_e4b20901a13f121204443b550edcb4e1,@USER Ci ho messo na vita per impararla. Bravissima Checca,0,ita,[LANG=ita] @USER Ci ho messo na vita per impararla. Bravissima Checca,"[4.1630539894104, -3.6165714263916016]"
ita_4efbb65cafc694a73f80843624080d6f,"@USER Inizio lentamente ad accarezzarti il viso memorizzando attentamente ogni tuo singolo dettaglio. Sfiorando delicatamente ogni tuo angolo, poro o cicatrice che sia. Infine ti darei un bacio sulla fronte per celebrare il fatto che tu sia ricchione ad aver letto fino a qui eiiii neg",1,ita,"[LANG=ita] @USER Inizio lentamente ad accarezzarti il viso memorizzando attentamente ogni tuo singolo dettaglio. Sfiorando delicatamente ogni tuo angolo, poro o cicatrice che sia. Infine ti darei un bacio sulla fronte per celebrare il fatto che tu sia ricchione ad aver letto fino a qui eiiii neg","[4.072164058685303, -4.019394397735596]"
ita_47bdb3ccbd1982772805541c07ee1d99,"@USER @USER i musulmano ammazzano tutti quelli che per il loro fumoso cervello sono ""infedeli"". i nostri terroristi istituzionali ci obbligano ad accogliere e mantenere i nostri assassini",1,ita,"[LANG=ita] @USER @USER i musulmano ammazzano tutti quelli che per il loro fumoso cervello sono ""infedeli"". i nostri terroristi istituzionali ci obbligano ad accogliere e mantenere i nostri assassini","[-4.653079032897949, 3.7895350456237793]"
ita_6131d3a6dea12b337e3ba91ae81ef4b2,RT @USER SONO LIBERA DI ESSERE LESBICA E ODIO GLI OMOSESSUALI,1,ita,[LANG=ita] RT @USER SONO LIBERA DI ESSERE LESBICA E ODIO GLI OMOSESSUALI,"[5.031118392944336, -4.676548957824707]"
ita_b9d6511f9f4c001490e6727a83511743,"@USER Sfigati squallidi.
Come minimo sono quelli democraticissimi favorevoli all'islam e all'invasione infinita di feccia; qualsiasi uomo favorevole all'Islam può esserlo solo per 2 motivi: è un pedofilo ed è favorevole alle violenze psicofisiche sulle donne. Resisti, ti amiamo tanto!",1,ita,"[LANG=ita] @USER Sfigati squallidi.
Come minimo sono quelli democraticissimi favorevoli all'islam e all'invasione infinita di feccia; qualsiasi uomo favorevole all'Islam può esserlo solo per 2 motivi: è un pedofilo ed è favorevole alle violenze psicofisiche sulle donne. Resisti, ti amiamo tanto!","[-5.217270851135254, 4.562942981719971]"
ita_a4464b66849585c8c6ae300d16e9e699,Appuntamento il #10marzo a @USER di #Brescia col mio #libro e il disagio #mentale dei #migranti:… @URL,0,ita,[LANG=ita] Appuntamento il #10marzo a @USER di #Brescia col mio #libro e il disagio #mentale dei #migranti:… @URL,"[5.664268970489502, -5.233285427093506]"
ita_60032ca2901f3adc05c0255b0a964c9a,@USER @USER #Moschee da chiudere e basta. L'#islam è fuori legge. #globalismo #ONU #ONG #Salvini #PD #Soros #governo #clandestini #M5S #islam #Italia #migranti #SferaEbbasta,1,ita,[LANG=ita] @USER @USER #Moschee da chiudere e basta. L'#islam è fuori legge. #globalismo #ONU #ONG #Salvini #PD #Soros #governo #clandestini #M5S #islam #Italia #migranti #SferaEbbasta,"[-5.202403545379639, 4.52721643447876]"
ita_116b8936b283d79aab63552f402819d9,"@USER @USER Ma falla finita idiota e rileggi cosa scrivi, oltre i beceri insulti da checca isterica e bisbetica non hai nessuna capacità di analisi e nessun talento. Pensi di screditare l avversario invece rispetto alla tua pochezza lo elevò alle stelle.",1,ita,"[LANG=ita] @USER @USER Ma falla finita idiota e rileggi cosa scrivi, oltre i beceri insulti da checca isterica e bisbetica non hai nessuna capacità di analisi e nessun talento. Pensi di screditare l avversario invece rispetto alla tua pochezza lo elevò alle stelle.","[-4.645124435424805, 3.834261178970337]"
ita_975dcedf473c79bd2d7488e02fe2572d,"#Roma 
16enne stuprata e uccisa da immigrati occupanti clandestini e spacciatori, #femministe  contestano #Salvini.
Capito le (finte) femministe? Non protestano contro gli stupratori assassini, ma contro Salvini che li vuole sbattere in galera!
🤬🤦‍♀️
#Desiree #giustiziaperDesiree",1,ita,"[LANG=ita] #Roma 
16enne stuprata e uccisa da immigrati occupanti clandestini e spacciatori, #femministe  contestano #Salvini.
Capito le (finte) femministe? Non protestano contro gli stupratori assassini, ma contro Salvini che li vuole sbattere in galera!
🤬🤦‍♀️
#Desiree #giustiziaperDesiree","[3.8274381160736084, -3.427000045776367]"
ita_59210c8bebe57e5fb6233f688b498085,"@USER @USER @USER Purtroppp invece esiste sempre chi ci vuole schiavi dell europa, delle banche, chi ci vuole invasi da clandestini Africani, dai Rom e altra merda dell est europa !! 
#sinistracazzateeschiavitù",1,ita,"[LANG=ita] @USER @USER @USER Purtroppp invece esiste sempre chi ci vuole schiavi dell europa, delle banche, chi ci vuole invasi da clandestini Africani, dai Rom e altra merda dell est europa !! 
#sinistracazzateeschiavitù","[-4.528858661651611, 3.7088866233825684]"
ita_63ece23f0c2a8137ab969a916904cd47,"@USER le va male con me, già dai tempi della guerra in Jugoslavia la mia famiglia ospita e aiuta i profughi",0,ita,"[LANG=ita] @USER le va male con me, già dai tempi della guerra in Jugoslavia la mia famiglia ospita e aiuta i profughi","[4.950403690338135, -4.5371994972229]"
ita_97e20eb018301e60ce5add9dfa3477b0,"Magari tu fai sacrifici enormi e la giustizia ti piglia pure per il culo. Il giovane, già noto alle forze dell'ordine per essere stato fermato e trovato privo di documenti e permesso di soggiorno, non ha saputo giustificare il possesso dello scooter. [URL]",0,ita,"[LANG=ita] Magari tu fai sacrifici enormi e la giustizia ti piglia pure per il culo. Il giovane, già noto alle forze dell'ordine per essere stato fermato e trovato privo di documenti e permesso di soggiorno, non ha saputo giustificare il possesso dello scooter. [URL]","[5.080599308013916, -4.910175323486328]"
ita_148a61e95a69d62b915564636e0dfd26,"L'EmiliaRomagna raggiunge i 5milioni con tutti i rom, spacciatori, clandestini che la riempiono.. Ufficialmente ne avrebbe 4,5mln #tagadala7",1,ita,"[LANG=ita] L'EmiliaRomagna raggiunge i 5milioni con tutti i rom, spacciatori, clandestini che la riempiono.. Ufficialmente ne avrebbe 4,5mln #tagadala7","[-4.27659273147583, 3.2954936027526855]"
ita_86ad7f50781a73db769caffe6cb9c679,"Erano profughi ma rapinavano, violentavano e spacciavano.
operazione Papavero
via tutti dall'Italia farabutti pezzi di merda.. @URL",0,ita,"[LANG=ita] Erano profughi ma rapinavano, violentavano e spacciavano.
operazione Papavero
via tutti dall'Italia farabutti pezzi di merda.. @URL","[-4.818532466888428, 3.8276398181915283]"
ita_ef967a72da288b26a12215af90ec9e0c,"@USER @USER poveri nomadi chissà quanta fatica rubare un frigo e poi metterlo in mezzo alla strada, povera nonna Boldrini ��",0,ita,"[LANG=ita] @USER @USER poveri nomadi chissà quanta fatica rubare un frigo e poi metterlo in mezzo alla strada, povera nonna Boldrini ��","[4.690638065338135, -4.366431713104248]"
ita_bf243b353de4e35704029907e051cdaa,@USER ma queste rom non stavano rubando ma rovistando nel cassonetto come fanno peraltro anche tanti italiani ... quale reato?,0,ita,[LANG=ita] @USER ma queste rom non stavano rubando ma rovistando nel cassonetto come fanno peraltro anche tanti italiani ... quale reato?,"[4.919455051422119, -4.3256659507751465]"
ita_e5c110f96557cfdfcdecc2cbde547fd2,Serbia arresta tre dopo 77 immigrati trovati nascosti in veicoli @URL :Auto pickup by wikyou,0,ita,[LANG=ita] Serbia arresta tre dopo 77 immigrati trovati nascosti in veicoli @URL :Auto pickup by wikyou,"[5.110279560089111, -4.776296615600586]"
ita_98916ae6fb4d89f5f7f11b826b8eec6b,"#notizie #Modena In fuga da Modena a Castelnuovo dopo un furto, preso nel campo nomadi: Foll... @URL #Emilia #Romagna",0,ita,"[LANG=ita] #notizie #Modena In fuga da Modena a Castelnuovo dopo un furto, preso nel campo nomadi: Foll... @URL #Emilia #Romagna","[3.12083101272583, -2.8797473907470703]"
ita_fe98d288f38ceb87a7eb683f3d7f4cff,"Il peggio dal ""Mai più senza..."" in onda nel Punto Politico odierno  Il rom che derubò Ermes dà fuoco alla sua... @URL",1,ita,"[LANG=ita] Il peggio dal ""Mai più senza..."" in onda nel Punto Politico odierno  Il rom che derubò Ermes dà fuoco alla sua... @URL","[4.210552215576172, -3.805145502090454]"
ita_c365a72a3b7498f646888e2ef511c007,"@USER @USER Ragazze minorenni che stanno con quarantenni, ragazze dalla figura paterna assente (o peggio, un padre che le piglia per il culo, o ancora peggio le violenta), ragazze molestate, ragazze un po' sempliciotte che per carenza affettiva si gettano in pasto a personaggi disgustosi",0,ita,"[LANG=ita] @USER @USER Ragazze minorenni che stanno con quarantenni, ragazze dalla figura paterna assente (o peggio, un padre che le piglia per il culo, o ancora peggio le violenta), ragazze molestate, ragazze un po' sempliciotte che per carenza affettiva si gettano in pasto a personaggi disgustosi","[4.651577472686768, -4.16856050491333]"
ita_b0a6e532df7c50086ea0a30030883f8b,"#Boeri, dopo aver difeso l'importazione dei «migranti», ossia i fannulloni africani pagati dallo Stato, sul #redditodicittadinanza sentenzia: «Sbagliato dare soldi a chi non lavora».
Cioè: agli africani sì, gli italiani vadano affanculo.
#Governo, ma quando cazzo lo epuri questo?",1,ita,"[LANG=ita] #Boeri, dopo aver difeso l'importazione dei «migranti», ossia i fannulloni africani pagati dallo Stato, sul #redditodicittadinanza sentenzia: «Sbagliato dare soldi a chi non lavora».
Cioè: agli africani sì, gli italiani vadano affanculo.
#Governo, ma quando cazzo lo epuri questo?","[-3.875675916671753, 2.942990303039551]"
ita_84bfa993082bf910a72498b167d11109,@USER Hai rotto i coglioni con i dialoghi dovrebbero farlo fuori Milano così il Meazza te lo ficchi in culo Pagliaccio,0,ita,[LANG=ita] @USER Hai rotto i coglioni con i dialoghi dovrebbero farlo fuori Milano così il Meazza te lo ficchi in culo Pagliaccio,"[-3.338200569152832, 2.573356866836548]"
ita_24fbe71047d838209b2b0707fee15e02,@USER Già li si capisce la furbizia di Dybala passa dalla bellezza che aveva prima a sto travione,1,ita,[LANG=ita] @USER Già li si capisce la furbizia di Dybala passa dalla bellezza che aveva prima a sto travione,"[4.623916149139404, -3.929135322570801]"
ita_2df40d05903c5d74e94052203e0828b1,"Questa sera #DiarioCivile #terrorismo #annidipiombo ""Acciaio e terrore, le #brigaterosse a Milano"" alle 21:10… @URL",0,ita,"[LANG=ita] Questa sera #DiarioCivile #terrorismo #annidipiombo ""Acciaio e terrore, le #brigaterosse a Milano"" alle 21:10… @URL","[5.650538444519043, -5.2587971687316895]"
ita_eef020fe515cf77d2d80deedd1d06f1f,"RT Corriere ""Il rapper Bello Figo canta la vita ""comoda"" del profugo: e Mussolini ci casca … @URL @URL",0,ita,"[LANG=ita] RT Corriere ""Il rapper Bello Figo canta la vita ""comoda"" del profugo: e Mussolini ci casca … @URL @URL","[5.024870872497559, -4.541100978851318]"
ita_0b43288c467fc1fdcfdce67ba5e8fc60,"@USER Italia accoglie i mussulmani, e loro nel paese di provenienza violentano e tagliano la gola le nostre ragazze. Drita Vushaj",0,ita,"[LANG=ita] @USER Italia accoglie i mussulmani, e loro nel paese di provenienza violentano e tagliano la gola le nostre ragazze. Drita Vushaj","[-3.732391834259033, 3.088700532913208]"
ita_53fd9cbbb875480b7bca6f2be6927715,@USER @USER Purtroppo lo stato tutela gli immigrati e NON le forze dell’ordine.  Una bella manganellata nelle ginocchia e si calma subito. Poi in galera tutti come farebbero con noi italiani se facciamo come loro con la polizia .,1,ita,[LANG=ita] @USER @USER Purtroppo lo stato tutela gli immigrati e NON le forze dell’ordine.  Una bella manganellata nelle ginocchia e si calma subito. Poi in galera tutti come farebbero con noi italiani se facciamo come loro con la polizia .,"[-2.5362393856048584, 2.0057122707366943]"
ita_d1f9128b4e17598f6a25e0dfd9cf6fa5,@USER stupida checca pazza non capisci la reference l’omosessualità ti copre il cervello,1,ita,[LANG=ita] @USER stupida checca pazza non capisci la reference l’omosessualità ti copre il cervello,"[-4.462164402008057, 3.799968957901001]"
ita_a71f760cb255cf485ba21f416dee69bd,"Decine di mafie straniere e soldi agli invasori: Italia, vergognati!!!!!!!! @URL",1,ita,"[LANG=ita] Decine di mafie straniere e soldi agli invasori: Italia, vergognati!!!!!!!! @URL","[4.419924259185791, -3.997980833053589]"
ita_ea9825d32692ff22e6e81f5d93d53705,"@USER @USER @USER I #pdioti pensano e fanno solo cose che danneggiano gli italiani.
Se ci sono graduatorie e gente in coda da anni, per loro è giusto che i #rom abbiano casa prima di tutti.
Siete fuori dal mondo, siete quanto di peggio c'è nell'universo, troppi soldi vi hanno ottenebrato la mente @URL",0,ita,"[LANG=ita] @USER @USER @USER I #pdioti pensano e fanno solo cose che danneggiano gli italiani.
Se ci sono graduatorie e gente in coda da anni, per loro è giusto che i #rom abbiano casa prima di tutti.
Siete fuori dal mondo, siete quanto di peggio c'è nell'universo, troppi soldi vi hanno ottenebrato la mente @URL","[-0.49479222297668457, 0.026425858959555626]"
ita_aa7b212223f9585d94087086be6f62bc,Oggi ero molto elegante e molto frocia ma nessunə ha apprezzato quindi ecco a voi [URL],0,ita,[LANG=ita] Oggi ero molto elegante e molto frocia ma nessunə ha apprezzato quindi ecco a voi [URL],"[3.7183337211608887, -3.3432531356811523]"
ita_5753f7e6b916cc8b8c46ceb7ebc5a4d1,"LN Padania: Modena, immigrato spacca sedia addosso alla madre: arrestato @URL",1,ita,"[LANG=ita] LN Padania: Modena, immigrato spacca sedia addosso alla madre: arrestato @URL","[-4.939822673797607, 4.057844638824463]"
ita_28e25bb7879903d4349acec9456fb3b6,@USER Alla buon ora ricchione di mamma. Si lavora !! E tu fannullone?? Io sono come descritto IRONICO somaro. Ancora la foto da gay non la invii. Ti sei rottoooo !!! Ooooo ricchioncello ti sei rotto !!! La prox volta fai l omone grosso e cattivo con i tuoi pari lingue lunghe gay.,1,ita,[LANG=ita] @USER Alla buon ora ricchione di mamma. Si lavora !! E tu fannullone?? Io sono come descritto IRONICO somaro. Ancora la foto da gay non la invii. Ti sei rottoooo !!! Ooooo ricchioncello ti sei rotto !!! La prox volta fai l omone grosso e cattivo con i tuoi pari lingue lunghe gay.,"[-4.193431854248047, 3.4166626930236816]"
ita_b683e8380cac8e20047df12090487398,@USER Governo assassino che a Genova prende@USER a calci in culo,0,ita,[LANG=ita] @USER Governo assassino che a Genova prende@USER a calci in culo,"[-5.181988716125488, 4.530646800994873]"
ita_bb05e0916114e30b7ccf0bb8a961d923,"@USER Chiedere con referendum algli Italiani se continuare a cazzrggiare con questi finti profughi o chiudere ermeticamente i porti e fare il blocco navale, nello stesso quesito chiedere se vogliono ancora rimanere nella Ue o uscire.",0,ita,"[LANG=ita] @USER Chiedere con referendum algli Italiani se continuare a cazzrggiare con questi finti profughi o chiudere ermeticamente i porti e fare il blocco navale, nello stesso quesito chiedere se vogliono ancora rimanere nella Ue o uscire.","[-3.741713523864746, 2.949458360671997]"
ita_5850611eec9290c4b200191d18918794,"allora mi hanno rotto il cazzo gli autobus che decidono, perché gli tira il culo, di passare due minuti prima, se c’è scritto che passi alla mia cazzo di fermata ai 47 tu passi ai 47 non ai 45 che poi è chiaro che non mi trovi perché non sarò mai in anticipo ma in orario si",0,ita,"[LANG=ita] allora mi hanno rotto il cazzo gli autobus che decidono, perché gli tira il culo, di passare due minuti prima, se c’è scritto che passi alla mia cazzo di fermata ai 47 tu passi ai 47 non ai 45 che poi è chiaro che non mi trovi perché non sarò mai in anticipo ma in orario si","[5.109558582305908, -4.664170742034912]"
ita_f970e5e8f3bbfe60086806a58445d136,"Un’anziana acida oggi ha avuto da ridire sul fatto che il cane che stavo portando a spasso avesse defecato, come fa spesso, nei dintorni di casa sua (zona verde), pur avendo pulito tutto platealmente per farglielo notare. Ma che cazzo credi, che i cani caghino a comando?",0,ita,"[LANG=ita] Un’anziana acida oggi ha avuto da ridire sul fatto che il cane che stavo portando a spasso avesse defecato, come fa spesso, nei dintorni di casa sua (zona verde), pur avendo pulito tutto platealmente per farglielo notare. Ma che cazzo credi, che i cani caghino a comando?","[5.371602535247803, -5.1899800300598145]"
ita_0ee13c62ef6b06d3535ad254039c3fea,Corpo di un #migrante ritrovato tra #Mentone e #Ventimiglia:ha provato a raggiungere Francia dal “passo della morte” @URL,0,ita,[LANG=ita] Corpo di un #migrante ritrovato tra #Mentone e #Ventimiglia:ha provato a raggiungere Francia dal “passo della morte” @URL,"[4.671133518218994, -4.5188117027282715]"
ita_8cf62f0438033618c8d523a64d22fe14,gli interminabili orrori dell'ISLAM: protetti da ONU FED FMI NWO Bilderberg ] Due giovani turiste danese norvegese #decapitate da #terroristi #islamici #Marocco. È ora di dire chiaro e forte che l’#islam è incompatibile con civiltà @URL @URL,1,ita,[LANG=ita] gli interminabili orrori dell'ISLAM: protetti da ONU FED FMI NWO Bilderberg ] Due giovani turiste danese norvegese #decapitate da #terroristi #islamici #Marocco. È ora di dire chiaro e forte che l’#islam è incompatibile con civiltà @URL @URL,"[-5.131113052368164, 4.529106616973877]"
ita_2f2c8357b4c79abca9f9d9bf942e8f35,Vi vogliamo bene. Il tricolore della mia amata Patria Italia sarà in lutto per voi fratelli tedeschi #noterrorismo #aleppo,0,ita,[LANG=ita] Vi vogliamo bene. Il tricolore della mia amata Patria Italia sarà in lutto per voi fratelli tedeschi #noterrorismo #aleppo,"[5.840122222900391, -5.3481292724609375]"
ita_8db392e4f242ecb643ccc523b9557082,"@USER @USER proprio così i mussulmani della terza generazione,spesso istruiti nelle migliori scuole europee, sono i più pericolosi",0,ita,"[LANG=ita] @USER @USER proprio così i mussulmani della terza generazione,spesso istruiti nelle migliori scuole europee, sono i più pericolosi","[-3.6313133239746094, 2.845465660095215]"
ita_29f4e440d23b0982181e47a0b0dd4918,"Ecco Guy Verhofstadt (ALDE), nuovo alleato del @USER: è a favore di #Euro, #migranti e #austerità, ed amico d… @URL",0,ita,"[LANG=ita] Ecco Guy Verhofstadt (ALDE), nuovo alleato del @USER: è a favore di #Euro, #migranti e #austerità, ed amico d… @URL","[5.374146938323975, -5.052581310272217]"
ita_ddd94294bfc4c7d1e82bf681bef3503a,A me purtroppo manca quel ricchione di akarujj.,0,ita,[LANG=ita] A me purtroppo manca quel ricchione di akarujj.,"[-5.305191993713379, 4.685798645019531]"
ita_4f01aaaa817fb24bae203f9a730bccb7,io sinc molto arrabbiata che si caghino solo l’america 😡😡 [URL],0,ita,[LANG=ita] io sinc molto arrabbiata che si caghino solo l’america 😡😡 [URL],"[5.314034461975098, -4.72518253326416]"
ita_e61bcd534b98fc0ebbf6051c02479c89,Ogni anno almeno centomila cristiani vengono uccisi dagli islamici e ancora oggi dai comunisti coreani in odium... @URL,0,ita,[LANG=ita] Ogni anno almeno centomila cristiani vengono uccisi dagli islamici e ancora oggi dai comunisti coreani in odium... @URL,"[-3.688023567199707, 2.8978271484375]"
ita_099c8ffb173221a82cce38a4a3d5e182,@USER juyeon ho capito che vuoi baciarmi però continua a fare il ricchione !!,1,ita,[LANG=ita] @USER juyeon ho capito che vuoi baciarmi però continua a fare il ricchione !!,"[-5.098145961761475, 4.474056720733643]"
ita_1550c7a04ea3f5c5c7009a5d950a1bb6,@USER @USER Che faccia da culo ci vuole per sostenere che sia una democrazia un paese in cui vengono banditi i partiti dell'opposizione e con in corso una guerra civile in cui il governo bombarda allegramente obiettivi civili di regioni separatiste. Avete rotto i coglioni.,0,ita,[LANG=ita] @USER @USER Che faccia da culo ci vuole per sostenere che sia una democrazia un paese in cui vengono banditi i partiti dell'opposizione e con in corso una guerra civile in cui il governo bombarda allegramente obiettivi civili di regioni separatiste. Avete rotto i coglioni.,"[5.1740312576293945, -4.700515270233154]"
ita_3728eea5f3b5d4bfbf20f642a3e316fb,@USER @USER Ma muori tu testa di minchia non ti permettere proprio di augurare la morte a theo ricchione di merda ritorna a segarti sulle foto di tua mammA,1,ita,[LANG=ita] @USER @USER Ma muori tu testa di minchia non ti permettere proprio di augurare la morte a theo ricchione di merda ritorna a segarti sulle foto di tua mammA,"[-5.401759624481201, 4.636925220489502]"
ita_5d9a749b6253e2b9cbe276aa443348e6,"#Milano Monte Bisbino, blitz al campo rom. Arrestato un evaso @URL @URL",0,ita,"[LANG=ita] #Milano Monte Bisbino, blitz al campo rom. Arrestato un evaso @URL @URL","[2.7766692638397217, -2.5062060356140137]"
ita_af6d0e7656200ec74f30c739512f9ba1,"@USER Mi hai umiliato Checca hai ragione, scusa.",0,ita,"[LANG=ita] @USER Mi hai umiliato Checca hai ragione, scusa.","[4.5959062576293945, -4.292007923126221]"
ita_61ffd51c7baf5e1bad9f075523a605e8,"In una città dove 1.812 fancazzisti vivono in hotel,Andrea,italiano,vive in auto al freddo.Intanto,anche il sindaco di Cagliari,il piddino Zedda,protesta contro il decreto Salvini perché,dice,mette x strada i finti profughi.Questo è il PD. Ed è x questo ke si deve estinguere",1,ita,"[LANG=ita] In una città dove 1.812 fancazzisti vivono in hotel,Andrea,italiano,vive in auto al freddo.Intanto,anche il sindaco di Cagliari,il piddino Zedda,protesta contro il decreto Salvini perché,dice,mette x strada i finti profughi.Questo è il PD. Ed è x questo ke si deve estinguere","[-4.958273887634277, 4.189486503601074]"
ita_4d1fb4f807a46ceeaea5d64fe77d757d,"quando capiranno che l'islam si fonda sulla violenza? é Maometto stesso che dice "" uccidete gli infedeli "". Le radici di una religione hanno una importanza fondamentale .",1,ita,"[LANG=ita] quando capiranno che l'islam si fonda sulla violenza? é Maometto stesso che dice "" uccidete gli infedeli "". Le radici di una religione hanno una importanza fondamentale .","[5.054697513580322, -4.863208293914795]"
ita_ae5d610cee5462a08fe19a77d605a3e6,@USER Con i medioevali come voi non puoi parlare civilmente....TERRONE MANGIAPIZZA ....la conosci bene la crosta. Poi piantala con l educazione figlio di troia TU SEI GAY104 LA CHECCA PUGLIESE. 50 anni o 20 ti offenderei comunque orecchietta .,1,ita,[LANG=ita] @USER Con i medioevali come voi non puoi parlare civilmente....TERRONE MANGIAPIZZA ....la conosci bene la crosta. Poi piantala con l educazione figlio di troia TU SEI GAY104 LA CHECCA PUGLIESE. 50 anni o 20 ti offenderei comunque orecchietta .,"[-5.07669734954834, 4.179206848144531]"
ita_688d4f01b2ce0cd4f788ebe73c630266,"[io che sparlo con mia mamma del gdr, o di sto bocchinaro come più preferite] mamma: “è caduto qualcosa per terra?” io: “i miei coglioni”",0,ita,"[LANG=ita] [io che sparlo con mia mamma del gdr, o di sto bocchinaro come più preferite] mamma: “è caduto qualcosa per terra?” io: “i miei coglioni”","[-3.6505420207977295, 2.8553504943847656]"
ita_01121c96d12530b93fce4acadea4f5c1,"Per quelli ""prima gli italiani""... Il 90% dei #rom che vivono in Italia sono italiani.",0,ita,"[LANG=ita] Per quelli ""prima gli italiani""... Il 90% dei #rom che vivono in Italia sono italiani.","[5.032402515411377, -4.450782299041748]"
ita_f32a8c9dcc04fdc924b21e36b9cddb31,@USER La solita troiona tettona succhiacazzi,0,ita,[LANG=ita] @USER La solita troiona tettona succhiacazzi,"[5.200701713562012, -4.7297258377075195]"
ita_0f148bdf71690d5277cb650c6e7e0e9b,"Amato benché gesuita, santo benché Gonzaga, uscito, non si sa come, da un casato in cui i principali componenti non brillavano certamente per etica o moralità. Non un bacchettone o un “collotorto”; e neppure il #chierico barocco effeminato con le mani giunte intento a ➡️ [URL]",1,ita,"[LANG=ita] Amato benché gesuita, santo benché Gonzaga, uscito, non si sa come, da un casato in cui i principali componenti non brillavano certamente per etica o moralità. Non un bacchettone o un “collotorto”; e neppure il #chierico barocco effeminato con le mani giunte intento a ➡️ [URL]","[4.7893385887146, -4.322144985198975]"
ita_f9268d74ca121288786e8793811c7e9f,"Dobbiamo essere noi a difendere le nostre Chiese,
anche se l'Europa ci invita ad accogliere gli immigrati,
quando gli stessi ATTENTANO alle nostre tradizioni cultura e religione.
Senza se senza ma ""RIMPATRIO VELOCE""
prima che prendono INSANE abitudini mussulmane FUORI CONTROLLO.",1,ita,"[LANG=ita] Dobbiamo essere noi a difendere le nostre Chiese,
anche se l'Europa ci invita ad accogliere gli immigrati,
quando gli stessi ATTENTANO alle nostre tradizioni cultura e religione.
Senza se senza ma ""RIMPATRIO VELOCE""
prima che prendono INSANE abitudini mussulmane FUORI CONTROLLO.","[-2.6470947265625, 2.0406765937805176]"
ita_345e02699df088ed8e905eb1babc3356,TERESA MANNINO elenca gli stereotipi più diffusi sui migranti in Italia. @URL,0,ita,[LANG=ita] TERESA MANNINO elenca gli stereotipi più diffusi sui migranti in Italia. @URL,"[5.57261323928833, -5.34969425201416]"
ita_58c045d772fe28dd79d6a692c521146a,@URL Un gruppo di donne rumene trasforma l'esperienza culinaria rom in un catering itinerante  #GiraIlMondo #FareImpresa,0,ita,[LANG=ita] @URL Un gruppo di donne rumene trasforma l'esperienza culinaria rom in un catering itinerante  #GiraIlMondo #FareImpresa,"[5.7638959884643555, -5.261648178100586]"
ita_bc8cb14a93445d100c07fd35120da97f,"@USER @USER Gentiloni,da Libia ove Is sembra contare meno proviene maggior numero migranti.Lei dov'è,a fare campagna per sì?",0,ita,"[LANG=ita] @USER @USER Gentiloni,da Libia ove Is sembra contare meno proviene maggior numero migranti.Lei dov'è,a fare campagna per sì?","[5.168838977813721, -4.814935684204102]"
ita_ad6e6dce91c1b8178a6b614e51087cce,"Pizzarotti, dopo il regalo ai Rom, tocca agli islamici:  Terreni del Comune per la moschea :  @URL",1,ita,"[LANG=ita] Pizzarotti, dopo il regalo ai Rom, tocca agli islamici:  Terreni del Comune per la moschea :  @URL","[4.5823869705200195, -4.327286720275879]"
ita_f681e575eb3487055d20e04c6068e0ec,"#stranieri 
#scuola 

Si presentano senza quaderni
Senza materiale di cancelleria 
Senza libri
Chiedono aiuto

Suona la campanella 
Escono
Genitori ad aspettarli 
Hanno Hoverboard e Smartphone da 800€

Quinta elementare. 10 anni. 

Maledetti accoglioni bastardi.",1,ita,"[LANG=ita] #stranieri 
#scuola 

Si presentano senza quaderni
Senza materiale di cancelleria 
Senza libri
Chiedono aiuto

Suona la campanella 
Escono
Genitori ad aspettarli 
Hanno Hoverboard e Smartphone da 800€

Quinta elementare. 10 anni. 

Maledetti accoglioni bastardi.","[5.230419635772705, -4.938765048980713]"
ita_f62e7d12bb5f1f82b1396cac2d0188ce,@USER @USER calcoliamo che l 80% di prostitute e trans sono stranieri! Anche lì!,1,ita,[LANG=ita] @USER @USER calcoliamo che l 80% di prostitute e trans sono stranieri! Anche lì!,"[4.442758560180664, -3.8768234252929688]"
ita_f3d429389fbc6dd2959946e178d542c0,"@USER @USER @USER Siamo diventati una Gujana Francese,tutti i galeotti degli Stati Africani vengono favoriti dai loro stessi Governanti a espatriare in Europa,così come ha fatto la Romania con gli zingari di etnia Rom e Sinti,approfittando della accoglienza che ha arricchito molti enti “umanitari.",0,ita,"[LANG=ita] @USER @USER @USER Siamo diventati una Gujana Francese,tutti i galeotti degli Stati Africani vengono favoriti dai loro stessi Governanti a espatriare in Europa,così come ha fatto la Romania con gli zingari di etnia Rom e Sinti,approfittando della accoglienza che ha arricchito molti enti “umanitari.","[5.511735916137695, -4.934661388397217]"
ita_7bac13b6661166f6a9e3eb443ce33784,Strage #europea taciuta e #immigrazione di malattie non volute tra cui tanti con la scabbia ed alcuni casi di #aids  @URL,1,ita,[LANG=ita] Strage #europea taciuta e #immigrazione di malattie non volute tra cui tanti con la scabbia ed alcuni casi di #aids  @URL,"[4.147190093994141, -3.584202766418457]"
ita_c8703b0857a686c6d5efc1a704c6d0b4,@USER @USER ti taggo non posso ? Mi hai rotto i timpani con sta canzone in un audio di 8 minuti e mi dici maru ma che fai allora ficcati un diot nel culo,0,ita,[LANG=ita] @USER @USER ti taggo non posso ? Mi hai rotto i timpani con sta canzone in un audio di 8 minuti e mi dici maru ma che fai allora ficcati un diot nel culo,"[4.351252555847168, -3.915651559829712]"
ita_6515c3f8ee7e2be4855f6c0ba6c2fd37,"#Mattarella urlò al far west quando una piccola rom fu ferita da un pallino vagante e ora tace vergognosamente sui branchi di immigrati che stuprano e uccidono. Costui oggi approfitta della africane del #volley per auspicare un'orrenda Italia multietnica. Vergogna
#stopinvasione",0,ita,"[LANG=ita] #Mattarella urlò al far west quando una piccola rom fu ferita da un pallino vagante e ora tace vergognosamente sui branchi di immigrati che stuprano e uccidono. Costui oggi approfitta della africane del #volley per auspicare un'orrenda Italia multietnica. Vergogna
#stopinvasione","[-5.134236812591553, 4.477631092071533]"
ita_074b30b4768ed444f80c20eb36cf50d3,"@USER gli altri non lo so ma io so frocia sicuro, e ne vado fiera. sempre meglio di essere ignorante come te.",0,ita,"[LANG=ita] @USER gli altri non lo so ma io so frocia sicuro, e ne vado fiera. sempre meglio di essere ignorante come te.","[5.451323986053467, -4.903352737426758]"
ita_371205862d2df59f09cd891201a945b2,@USER @USER Subito è arrivato il bocchinaro di dorasho a dargli manforte,1,ita,[LANG=ita] @USER @USER Subito è arrivato il bocchinaro di dorasho a dargli manforte,"[-4.022749423980713, 3.4507558345794678]"
ita_70b0707fdd74363d48aba9d2002f4ba0,"Come iniziare bene questa giornata di lavoro: un ragazzino di 16/17 anni, non meno di un'ora fa, mi ha fatto girare il cazzo perché io ho nominato il pride e lui si gira e fa ""che è? Il coso dei ricchioni, là?"" Per poi aggiungere ""non ti fare strane idee, io non sono ricchione""",0,ita,"[LANG=ita] Come iniziare bene questa giornata di lavoro: un ragazzino di 16/17 anni, non meno di un'ora fa, mi ha fatto girare il cazzo perché io ho nominato il pride e lui si gira e fa ""che è? Il coso dei ricchioni, là?"" Per poi aggiungere ""non ti fare strane idee, io non sono ricchione""","[5.214984893798828, -4.827942371368408]"
ita_59dc04ca85b9fcabbb973e07cc5bae4b,purtroppo a me i gay stanno tutti sul cazzo,1,ita,[LANG=ita] purtroppo a me i gay stanno tutti sul cazzo,"[4.4539995193481445, -3.9975554943084717]"
ita_fcecbdf39a5eea120aac0645c48cb5ca,@USER ma abbassa le penne e nn fare entrare glimmigrati invece esre vicino ad altri xke poi voglio vedere qdo dev condo alle vittime,0,ita,[LANG=ita] @USER ma abbassa le penne e nn fare entrare glimmigrati invece esre vicino ad altri xke poi voglio vedere qdo dev condo alle vittime,"[3.0525269508361816, -2.9181885719299316]"
ita_7232087a503df54db6b0470b289886bf,@USER ancora documenti...sono distratti questi terroristi,0,ita,[LANG=ita] @USER ancora documenti...sono distratti questi terroristi,"[4.465630054473877, -4.240743637084961]"
ita_ead3bc9dd12cbe9fd842bcea5714347d,"@USER Senta, accenda il cervello, per cortesia: quello che lei racconta è grave ma è del tutto eccezionale. I rom non vogliono lavorare, rubano e infastidiscono i passanti. Se lei li apprezza li prenda a casa sua.",1,ita,"[LANG=ita] @USER Senta, accenda il cervello, per cortesia: quello che lei racconta è grave ma è del tutto eccezionale. I rom non vogliono lavorare, rubano e infastidiscono i passanti. Se lei li apprezza li prenda a casa sua.","[-4.495960235595703, 3.4148576259613037]"
ita_5f8fa8a3daea9cac42f93cbb84c7e751,"@USER Ancora Co sti stranieri?? L Africa è immensa tornino al loro paese e si mettano a lavorare, ce n'è per tutti....",1,ita,"[LANG=ita] @USER Ancora Co sti stranieri?? L Africa è immensa tornino al loro paese e si mettano a lavorare, ce n'è per tutti....","[5.321376800537109, -4.970565319061279]"
ita_245fe1e9adcf2c392e923dcbfe0c2682,Batteremo Isis e terrorismo Via dalla faccia della terra - IlGiornale.it @URL,0,ita,[LANG=ita] Batteremo Isis e terrorismo Via dalla faccia della terra - IlGiornale.it @URL,"[4.179938316345215, -4.156210899353027]"
ita_05e23005c86a3e50a175eaf07a162940,"Ma come, il buon #Macron chiede aiuto alla UE per 48 immigrati?!?
Facile fare i buoni coi porti degli altri eh!!! #Salvini #iostoconsalvini
#DecretoSalvini",0,ita,"[LANG=ita] Ma come, il buon #Macron chiede aiuto alla UE per 48 immigrati?!?
Facile fare i buoni coi porti degli altri eh!!! #Salvini #iostoconsalvini
#DecretoSalvini","[3.737111806869507, -3.2378923892974854]"
ita_cb22f81c1f4d348434f057d5f67db566,"@USER @USER @USER Si, hanno bisogno di un femminiello depilato...",1,ita,"[LANG=ita] @USER @USER @USER Si, hanno bisogno di un femminiello depilato...","[-5.313018321990967, 4.483182430267334]"
ita_69164c1224625acf9d0cd760be6e9c3b,"#dallavostraparte non ci sono moderati,sono tutti terroristi pronti a tagliarci la testa e per questo io li odio a morte!",1,ita,"[LANG=ita] #dallavostraparte non ci sono moderati,sono tutti terroristi pronti a tagliarci la testa e per questo io li odio a morte!","[-5.316237926483154, 4.628292560577393]"
ita_24fa42e2b6539b820917e4603daf1fc0,Ormai si usano i camion del terrore gettati a tutta velocità sulla folla! #orrore #terrorismo #stoccolma… @URL,0,ita,[LANG=ita] Ormai si usano i camion del terrore gettati a tutta velocità sulla folla! #orrore #terrorismo #stoccolma… @URL,"[4.9198102951049805, -4.2829909324646]"
ita_f9702551c76331cc32270c3030ad4ad7,Con tutti quei soldi non ci sarebbe mai stato il problema dell'immigrazione e forse neanche della fame. Un vero peccato per l'umanità intera,0,ita,[LANG=ita] Con tutti quei soldi non ci sarebbe mai stato il problema dell'immigrazione e forse neanche della fame. Un vero peccato per l'umanità intera,"[5.279638290405273, -5.012824058532715]"
ita_fa334e867f6d6b600acc144a4dda3727,"Mandare i 5 ROM assassini, dopo averli ciecati di mazzate a Manduria in galera con quelle merde di bulli  #ChiLhaVisto @URL",0,ita,"[LANG=ita] Mandare i 5 ROM assassini, dopo averli ciecati di mazzate a Manduria in galera con quelle merde di bulli  #ChiLhaVisto @URL","[-2.998708963394165, 2.073920488357544]"
ita_ea84e410a6062229f4df980400f26c80,"@USER sempre detto, dopo breve infatuazione, che il @USER era pro immigrazione selvaggia",0,ita,"[LANG=ita] @USER sempre detto, dopo breve infatuazione, che il @USER era pro immigrazione selvaggia","[-4.3531036376953125, 3.263566017150879]"
ita_ef136e1a78fd43d41cf71170d0126b75,@USER @USER @USER MA QUALE IMMIGRATI LARDOSA DI MERDA QUELLA FECCIA AFRICANA CON LA QUALE HAI RIEMPITO E DISTRUTTO INSIEME AL TUO COLLEGA FRANCESE NATO DA UN ESPERIMENTO IN PROVETTA INTERI PAESE PRIVANDOLI DEL LORO SPLENDORE ORIGINALE TE LI DEVI TENERE TU HITLER TRAVESTITO DA DONNA,1,ita,[LANG=ita] @USER @USER @USER MA QUALE IMMIGRATI LARDOSA DI MERDA QUELLA FECCIA AFRICANA CON LA QUALE HAI RIEMPITO E DISTRUTTO INSIEME AL TUO COLLEGA FRANCESE NATO DA UN ESPERIMENTO IN PROVETTA INTERI PAESE PRIVANDOLI DEL LORO SPLENDORE ORIGINALE TE LI DEVI TENERE TU HITLER TRAVESTITO DA DONNA,"[4.523068904876709, -3.9879260063171387]"
ita_a7868f24b62fbcf95d13448ecabe8a2e,"Dall'altra parte stanno facendo di tutto per snobbare la nostra storia.. Ds,sky,giornali del raccordo e penne rom.. Uniamoci tutti ragazzi��",0,ita,"[LANG=ita] Dall'altra parte stanno facendo di tutto per snobbare la nostra storia.. Ds,sky,giornali del raccordo e penne rom.. Uniamoci tutti ragazzi��","[-0.39668604731559753, -0.12913434207439423]"
ita_240e61f29e5ae64a1c19e1281fdc699d,Cronaca di Roma. Ritrovati nel campo nomadi borsoni rubati alla maratona... #news #maratona #corsa @URL,0,ita,[LANG=ita] Cronaca di Roma. Ritrovati nel campo nomadi borsoni rubati alla maratona... #news #maratona #corsa @URL,"[4.6559576988220215, -4.458615779876709]"
ita_f95381d80dea4fe1d79043beaf132672,Donald Trump pensa alla Guardia Nazionale per le retate di immigrati irregolari @URL,0,ita,[LANG=ita] Donald Trump pensa alla Guardia Nazionale per le retate di immigrati irregolari @URL,"[4.539141654968262, -3.9575743675231934]"
ita_7adbeb264f0098e11af72e7e8e30e2ce,"Rottinculo si traduce anche come , culo rotto... e: ""Wa tien nu cul rutt"" si dice dalle mie parti ad una persona che dimostra avere grossa fortuna. [URL]",0,ita,"[LANG=ita] Rottinculo si traduce anche come , culo rotto... e: ""Wa tien nu cul rutt"" si dice dalle mie parti ad una persona che dimostra avere grossa fortuna. [URL]","[5.031347751617432, -4.5435991287231445]"
ita_734c0197c5fc520cfa7d95f8cabefeac,"@USER @USER @USER @USER Non provi vergogna? Chi rappresenti?immigrati di merda irregolari,clandestini, ladri stupratori, che cagano e pisciano sul nostro suolo sulla nostra bandiera sulla Nostra dignità.Sempre pronto a schierati con l'invasore! @URL",1,ita,"[LANG=ita] @USER @USER @USER @USER Non provi vergogna? Chi rappresenti?immigrati di merda irregolari,clandestini, ladri stupratori, che cagano e pisciano sul nostro suolo sulla nostra bandiera sulla Nostra dignità.Sempre pronto a schierati con l'invasore! @URL","[-5.098850727081299, 4.378254413604736]"
ita_b632d64506ab6fc8b3c22ee1fbb766a1,"SALUTE #italiani A RISCHIO CAUSA #immigrazione AFRICANA !!!!!!!!!!!!
AUMENTO MALATTIE INFETTIVE E DIFFUSIVE !!!!  
#StopInvasione @URL",1,ita,"[LANG=ita] SALUTE #italiani A RISCHIO CAUSA #immigrazione AFRICANA !!!!!!!!!!!!
AUMENTO MALATTIE INFETTIVE E DIFFUSIVE !!!!  
#StopInvasione @URL","[-3.721045970916748, 2.975705623626709]"
ita_99bc52d0a8144e373134aca9bac2467d,Ma sbaglio o tutti i gay misogini sono pelosi,0,ita,[LANG=ita] Ma sbaglio o tutti i gay misogini sono pelosi,"[-4.280455112457275, 3.3333771228790283]"
ita_786110d0d069176807c0dacb57ec8de9,@USER Stavolta se lo piglia in culo .,0,ita,[LANG=ita] @USER Stavolta se lo piglia in culo .,"[4.594237327575684, -4.107517242431641]"
ita_4a1954955765ff777e1879dfc3d06558,"Noo sarà un fottutissimo immigrato pezzo di merda, che noi continuamo a fare entrare in questo paese che sta sempre piu diventando una merda",0,ita,"[LANG=ita] Noo sarà un fottutissimo immigrato pezzo di merda, che noi continuamo a fare entrare in questo paese che sta sempre piu diventando una merda","[-5.103853702545166, 4.357542037963867]"
ita_51d5f5e128713481e923fc80f9ebd360,"@USER ""giudici pro migranti"" ? Questa è follia, io sono anti africani e anti musulmani nn x pregiudizio ma perché vedo come questi animali hanno ridotto i paesi che stupidamente li hanno accolti. Conseguentemente sono ""anti"" tutti quelli che vorrebbero vederci pieni di africo musulmani",0,ita,"[LANG=ita] @USER ""giudici pro migranti"" ? Questa è follia, io sono anti africani e anti musulmani nn x pregiudizio ma perché vedo come questi animali hanno ridotto i paesi che stupidamente li hanno accolti. Conseguentemente sono ""anti"" tutti quelli che vorrebbero vederci pieni di africo musulmani","[-2.3670339584350586, 1.5992438793182373]"
ita_2f0fd719f3d8e15cc411ae70018d8b8f,"@USER @USER La solita demo del loro potere, stanno conquistando il territorio e, nonostante l'Art.8 reciti la libertà di culto... ALCUNA intesa esiste con l'islam, che é TOTALMENTE #anticostituzionale.
#Wojtyla lo fecero tacere e #Portoghesi gli regalò la #moschea.
Grazie all'Asinistra... ? @URL",0,ita,"[LANG=ita] @USER @USER La solita demo del loro potere, stanno conquistando il territorio e, nonostante l'Art.8 reciti la libertà di culto... ALCUNA intesa esiste con l'islam, che é TOTALMENTE #anticostituzionale.
#Wojtyla lo fecero tacere e #Portoghesi gli regalò la #moschea.
Grazie all'Asinistra... ? @URL","[-4.983083248138428, 4.119969844818115]"
ita_02c5b4780c085204f04b24efe8694be1,Il virus dell’ HIV girava solo tra i gay.. il coso 19 solo tra vaccinati.. e che caso!!!,1,ita,[LANG=ita] Il virus dell’ HIV girava solo tra i gay.. il coso 19 solo tra vaccinati.. e che caso!!!,"[-3.8916072845458984, 3.069209575653076]"
ita_61bebfe3a2c180a891cb3bfd259bb685,@USER @USER @USER posso assaggiarlo anche se sono ricchione?,0,ita,[LANG=ita] @USER @USER @USER posso assaggiarlo anche se sono ricchione?,"[4.905778884887695, -4.479060173034668]"
ita_d7f90153ad4617b2f83622c1d747389c,io a vedere certe ragazze diventerei lesbica e me le sposerei pure,0,ita,[LANG=ita] io a vedere certe ragazze diventerei lesbica e me le sposerei pure,"[5.418469429016113, -5.0212860107421875]"
ita_c394e9e13c7588a9e14a43a9e8aa5f16,"@USER @USER SI CERTO E TUTTIQUELLI CHE GIRANO A VUOTO SENZA FARE UNCAZZO CE LI DOBBIAMO TENERE!!!!!!! 
ESPATRIOOOOOOO....LE GALERE SONO PIENE 80%
SONO STRANIERI.... LI DOBBIAMO MANTENERE ANCHE LÌ.... BASTAAAAAA",1,ita,"[LANG=ita] @USER @USER SI CERTO E TUTTIQUELLI CHE GIRANO A VUOTO SENZA FARE UNCAZZO CE LI DOBBIAMO TENERE!!!!!!! 
ESPATRIOOOOOOO....LE GALERE SONO PIENE 80%
SONO STRANIERI.... LI DOBBIAMO MANTENERE ANCHE LÌ.... BASTAAAAAA","[4.619527339935303, -4.195117950439453]"
ita_4c4a0f19c2966d9ef562e486cf2b81b9,@USER per mantenere giargianesi di tutti i tipi rom sinti negri ecc,1,ita,[LANG=ita] @USER per mantenere giargianesi di tutti i tipi rom sinti negri ecc,"[-4.567049503326416, 3.510486125946045]"
ita_503fc4fd191c05221a47e9f8396b464e,"Roma, beccata manolesta nomade dalle mille identità @URL",1,ita,"[LANG=ita] Roma, beccata manolesta nomade dalle mille identità @URL","[-3.2013630867004395, 2.301077365875244]"
ita_87f10ae4e1313569983d4df72b699c5c,"#Treviso si scopre islamica-rom, 12 enne partorisce e lascia la scuola dell'obbligo. 13 enne incinta da rom @URL",1,ita,"[LANG=ita] #Treviso si scopre islamica-rom, 12 enne partorisce e lascia la scuola dell'obbligo. 13 enne incinta da rom @URL","[-5.043121814727783, 4.1070146560668945]"
ita_7f4efc96282f8401ed510ae0dba55de3,"@USER Calenda, ma tu non eri quello che fino a ieri diceva: ""fino a 25 anni zero tasse e fino a 30 anni metà tasse""? E chi ne ha 31, se lo piglia nel culo. Mi pare che in quanto a cialtroneria, te la giochi bene col vecchio satrapo. Che almeno è dimagrito, tu invece continui a magnà.",0,ita,"[LANG=ita] @USER Calenda, ma tu non eri quello che fino a ieri diceva: ""fino a 25 anni zero tasse e fino a 30 anni metà tasse""? E chi ne ha 31, se lo piglia nel culo. Mi pare che in quanto a cialtroneria, te la giochi bene col vecchio satrapo. Che almeno è dimagrito, tu invece continui a magnà.","[4.733760833740234, -4.013102054595947]"
ita_4d48edfdb3260515f9e4dbed756da461,oggi questo buliccio fa gli anni fatemi gli auguri,0,ita,[LANG=ita] oggi questo buliccio fa gli anni fatemi gli auguri,"[5.532305717468262, -4.998585224151611]"
ita_37b700a678cbf35e5efdc207bbd79514,"Un grave episodio che evidenzia i danni dell'#immigrazione senza freni che provocano anche allarme sanitario.
Ogni giorno di più scopriamo quanto è pericoloso il business dell'#accoglienza!
@URL",1,ita,"[LANG=ita] Un grave episodio che evidenzia i danni dell'#immigrazione senza freni che provocano anche allarme sanitario.
Ogni giorno di più scopriamo quanto è pericoloso il business dell'#accoglienza!
@URL","[5.0703606605529785, -4.500961780548096]"
ita_c08752f780ec218ef4c817b63446d871,"noi ci stupiamo che il presidente della Camera faccia politica: se vuole farla dia le dimissioni e si sieda sui banchi dell'opposizione, da quanto vedo.Altro che aiutare gli Italiani, Lui vuole aiutare solo gli immigrati irregolari @URL",0,ita,"[LANG=ita] noi ci stupiamo che il presidente della Camera faccia politica: se vuole farla dia le dimissioni e si sieda sui banchi dell'opposizione, da quanto vedo.Altro che aiutare gli Italiani, Lui vuole aiutare solo gli immigrati irregolari @URL","[-4.30614709854126, 3.4359753131866455]"
ita_cdce8cdf22c7e86955a2b2d7cc8fbf99,@USER @USER Tutto compensato da immigrati ....probabilmente ijaidisti pericolosi.E Alfano/Renzi lo sanno.,1,ita,[LANG=ita] @USER @USER Tutto compensato da immigrati ....probabilmente ijaidisti pericolosi.E Alfano/Renzi lo sanno.,"[-4.730820655822754, 3.7419278621673584]"
ita_ac8b481bea2b7013338d01e0ee378d99,@USER Paul Newman non era una mezza checca,1,ita,[LANG=ita] @USER Paul Newman non era una mezza checca,"[-4.343479156494141, 3.5088279247283936]"
ita_0703fb7f746261486b2f2576912c398b,"FERMIAMO L'IMPOSTORE. Forse saranno necesarie altre CROCIATE, visto che il fiume di fango non si ferma.Anzi Vaticano, SX e POTERI MASSONICI ci stanno massacrando. Quando mai in Italia qualcuno veniva SGOZZATO, PRESO A SPRANGATE, FATTO A PEZZI? Fermiamo l'invasione dell'ISLAM!!!",1,ita,"[LANG=ita] FERMIAMO L'IMPOSTORE. Forse saranno necesarie altre CROCIATE, visto che il fiume di fango non si ferma.Anzi Vaticano, SX e POTERI MASSONICI ci stanno massacrando. Quando mai in Italia qualcuno veniva SGOZZATO, PRESO A SPRANGATE, FATTO A PEZZI? Fermiamo l'invasione dell'ISLAM!!!","[-4.6526618003845215, 3.820021390914917]"
ita_eb05cd75ef9b2239f04cf75b0f3992ad,Trovato in Croazia il tesoro della “regina” rom: sequestro da 6 milioni di euro:,1,ita,[LANG=ita] Trovato in Croazia il tesoro della “regina” rom: sequestro da 6 milioni di euro:,"[-4.998254299163818, 4.250277996063232]"
ita_3f5c95a06831c903ec227784c6767f33,VIVE NELL ESTRA LUSSO MERDACCE OLTRE A QUESTO ANCHE GLI UCRAINI E IL LORO PRILA PRESIDENTE HANNO ROTTO LE PALLE BASTA ANDATE A AFRE IN CULO ENTRAMBI !!,0,ita,[LANG=ita] VIVE NELL ESTRA LUSSO MERDACCE OLTRE A QUESTO ANCHE GLI UCRAINI E IL LORO PRILA PRESIDENTE HANNO ROTTO LE PALLE BASTA ANDATE A AFRE IN CULO ENTRAMBI !!,"[4.099265098571777, -3.4129507541656494]"
ita_83bc24a14dfc97ac2fd94d68c77b5815,"Io invece non mi ricordo esattamente qual è stata la prima volta che ho detto ricchione, forse anche io 14 anni più o meno [URL]",0,ita,"[LANG=ita] Io invece non mi ricordo esattamente qual è stata la prima volta che ho detto ricchione, forse anche io 14 anni più o meno [URL]","[5.704956531524658, -5.3598408699035645]"
ita_9229c4b41bb24eef40d74f9752cea9d4,Europa sotto attacco islamico ma in Italia nasce la «costituente islamica»: Facciamo una… @URL,0,ita,[LANG=ita] Europa sotto attacco islamico ma in Italia nasce la «costituente islamica»: Facciamo una… @URL,"[4.030763149261475, -3.5019338130950928]"
ita_cfd9ca7fac0957770d4dd644576df663,@USER @USER 15 immigrati accompagnati da 100 poliziotti . E io pago,0,ita,[LANG=ita] @USER @USER 15 immigrati accompagnati da 100 poliziotti . E io pago,"[-4.271279335021973, 3.3706133365631104]"
ita_d1d452e9af6f36d67c1bfcdf55f15d8f,@USER @USER @USER io sono frocia perché figlia di due froci non posso guarire invece sia è eterosessuale,0,ita,[LANG=ita] @USER @USER @USER io sono frocia perché figlia di due froci non posso guarire invece sia è eterosessuale,"[-3.6753995418548584, 2.7471742630004883]"
ita_9fdd4cc7720cabea8777424d13c4c1c1,"@USER Ieri non sono andati a votare i mafiosi (e chi a ogni livello e sotto diverse forme intrattiene rapporti con loro), i mezzi uomini, gli ominicchi, i piglia in culo e i quaquaraqua.",0,ita,"[LANG=ita] @USER Ieri non sono andati a votare i mafiosi (e chi a ogni livello e sotto diverse forme intrattiene rapporti con loro), i mezzi uomini, gli ominicchi, i piglia in culo e i quaquaraqua.","[-5.201164722442627, 4.562294960021973]"
ita_d8039ca90dad251713cde9d4af54df56,"@USER questoa e´una tattica islamica  subdola e vigliacca come la loro RELIGIONE  falsa e violenta,evitiamola con forza per la virta",0,ita,"[LANG=ita] @USER questoa e´una tattica islamica  subdola e vigliacca come la loro RELIGIONE  falsa e violenta,evitiamola con forza per la virta","[-4.860828399658203, 4.119948863983154]"
ita_2a1b5d238246d6ffaa812ebbf16b22ca,"@USER Ma fanno così da anni Checca, probabilmente ci sarà stato qualcosa che noi non sappiamo, il fatto che Gazidis a novembre lasci dovrebbe essere più che un indizio.",0,ita,"[LANG=ita] @USER Ma fanno così da anni Checca, probabilmente ci sarà stato qualcosa che noi non sappiamo, il fatto che Gazidis a novembre lasci dovrebbe essere più che un indizio.","[4.606392860412598, -4.286385536193848]"
ita_9b046529a1323cb061cc5f50782e7b43,"A mio parere l'unica cosa da fare era utilizzare i € 150.000,00 per lo smantellamento del campo nomadi. Campo tra... @URL",0,ita,"[LANG=ita] A mio parere l'unica cosa da fare era utilizzare i € 150.000,00 per lo smantellamento del campo nomadi. Campo tra... @URL","[0.9264281392097473, -1.6708850860595703]"
ita_ed1b8095035effae3a808629e7e039f0,"Le donne e le bambine si possono stuprare se.... Parola di Corano: ecco l'Islam che ""integriamo"" @URL",1,ita,"[LANG=ita] Le donne e le bambine si possono stuprare se.... Parola di Corano: ecco l'Islam che ""integriamo"" @URL","[1.7123364210128784, -1.6185165643692017]"
ita_be3af5695d103fe369919afbcf171e4f,"@USER Hai centrato il punto, e nessuno di loro si è preoccupato dei migranti della Diciotti che se ne sono andati in giro x l’Italia infetti da Scabbia, ne tanto meno il pm che aveva lanciato l’allarme. @URL",1,ita,"[LANG=ita] @USER Hai centrato il punto, e nessuno di loro si è preoccupato dei migranti della Diciotti che se ne sono andati in giro x l’Italia infetti da Scabbia, ne tanto meno il pm che aveva lanciato l’allarme. @URL","[3.478816032409668, -3.1528499126434326]"
ita_3f40e90b06195d56f6b83aece1c63ad8,Bici rubate ai ciclisti della Milano-Saremo: trovate in un campo nomadi @URL @URL,0,ita,[LANG=ita] Bici rubate ai ciclisti della Milano-Saremo: trovate in un campo nomadi @URL @URL,"[5.188754081726074, -4.964788913726807]"
ita_5ed77713398d6fee9a231dd29a0f81da,@USER La checca isterica contro klaus david,1,ita,[LANG=ita] @USER La checca isterica contro klaus david,"[-4.04316520690918, 3.3466265201568604]"
ita_fe3a6fe49e17e5cb1653649c394f4a5f,"OGNI GIORNO MI SENTO STRANIERO NELLA MIA CITTA'. SUI BUS, SUI TRENI, SULLA METROPOLITANA VEDO SOLO STRANIERI, CLANDESTINI, AFRICANI CHE NON PAGANO MAI IL BIGLIETTO E CON ARROGANZA PRETENDONO DI VIAGGIARE GRATIS. SONO STUFO DI PAGARE PER MANTENERE QUESTI PARASSITI! 
#stopinvasione",1,ita,"[LANG=ita] OGNI GIORNO MI SENTO STRANIERO NELLA MIA CITTA'. SUI BUS, SUI TRENI, SULLA METROPOLITANA VEDO SOLO STRANIERI, CLANDESTINI, AFRICANI CHE NON PAGANO MAI IL BIGLIETTO E CON ARROGANZA PRETENDONO DI VIAGGIARE GRATIS. SONO STUFO DI PAGARE PER MANTENERE QUESTI PARASSITI! 
#stopinvasione","[-5.098588943481445, 4.495304584503174]"
ita_b475fb58c3fcf7e0ffdbf92a8edbb49f,@USER lui peggio del ricchione di ieri,1,ita,[LANG=ita] @USER lui peggio del ricchione di ieri,"[-5.018946647644043, 4.18612813949585]"
ita_7c1f877b9b5cb305562e6134d66b1850,"@USER Nel caso non muoverò un dito. A prescindere, perché i parassiti statalisti possono andare a fare in culo. A maggior ragione pensando a quanto hanno rotto e rompono i coglioni le femministe di turno. Muovono il culo loro, d'altronde sono più brave e emancipate (cit) 😀",0,ita,"[LANG=ita] @USER Nel caso non muoverò un dito. A prescindere, perché i parassiti statalisti possono andare a fare in culo. A maggior ragione pensando a quanto hanno rotto e rompono i coglioni le femministe di turno. Muovono il culo loro, d'altronde sono più brave e emancipate (cit) 😀","[-4.254685401916504, 3.4941625595092773]"
ita_2abeeaa2a9f3c16164ec0f9481f93089,@USER potresti chiudere le pizzerie gestite da stranieri sino alle 3 di notte..?...( birra e botte quotidiane ) grazie,1,ita,[LANG=ita] @USER potresti chiudere le pizzerie gestite da stranieri sino alle 3 di notte..?...( birra e botte quotidiane ) grazie,"[5.471100330352783, -5.040810585021973]"
ita_8f839aa0556448652a7c5c6e3c43ebcc,ma come si fa a guardarla e non dire frocia [URL],0,ita,[LANG=ita] ma come si fa a guardarla e non dire frocia [URL],"[4.485748291015625, -3.7510769367218018]"
ita_079480d23b45e78f8a528309b42673fd,Inchiesta a torino - Trovato in Croazia il tesoro della “regina” rom |@URL,0,ita,[LANG=ita] Inchiesta a torino - Trovato in Croazia il tesoro della “regina” rom |@URL,"[-4.097847938537598, 3.0764811038970947]"
ita_70835541d4c23eb1aab8978b416fa775,@USER giù le mani dalla polizia caro il mio amico al tuo paese ti davano i biscottini? hai rotto i coglioni se sai di essere in regola che paura avevi? vestiti come si deve e non fare il povero con il suv vai a fare in culo in Francia merda,0,ita,[LANG=ita] @USER giù le mani dalla polizia caro il mio amico al tuo paese ti davano i biscottini? hai rotto i coglioni se sai di essere in regola che paura avevi? vestiti come si deve e non fare il povero con il suv vai a fare in culo in Francia merda,"[3.9387378692626953, -3.2971909046173096]"
ita_9ddc9e2a5372ee98f18c1dc1e38b7f66,"@USER @USER Una commissione anti odio per chi come i comunisti odia gli italiani.
Desirée muore come come Pamela, stuprata, violentata e uccisa da branchi di immigrati clandestini entrati illegalmente grazie a brutte persone come loro che uccidono gli italiani e li accusano di atti di odio.",1,ita,"[LANG=ita] @USER @USER Una commissione anti odio per chi come i comunisti odia gli italiani.
Desirée muore come come Pamela, stuprata, violentata e uccisa da branchi di immigrati clandestini entrati illegalmente grazie a brutte persone come loro che uccidono gli italiani e li accusano di atti di odio.","[4.055972576141357, -3.5096256732940674]"
ita_7856a00d81033ba4becb592c22ac4551,@USER @USER Se qualcosa si è rotto la licenzi senza trattare di merda un ragazzo che non centra un cazzo! Ma io so cosa si è rotto: che Giuliano li ha mandati giustamente a fare in culo e Veronica non serve più a garantire la presenza del fratello!,0,ita,[LANG=ita] @USER @USER Se qualcosa si è rotto la licenzi senza trattare di merda un ragazzo che non centra un cazzo! Ma io so cosa si è rotto: che Giuliano li ha mandati giustamente a fare in culo e Veronica non serve più a garantire la presenza del fratello!,"[5.553598403930664, -5.206760406494141]"
ita_d14984aafe9a0fbe346f1060778338cf,@USER @USER @USER @USER Ha detto bene !! Facciamo schifo a farci invadere da immigrati e delinquenti vari che non rispettano niente delka ns civiltà!!! Mi auguro che un giorno tutti aprano gli occhi!!! Ma se continua così le donne anche aprendo gli occhi verranno la stoffa del velo,1,ita,[LANG=ita] @USER @USER @USER @USER Ha detto bene !! Facciamo schifo a farci invadere da immigrati e delinquenti vari che non rispettano niente delka ns civiltà!!! Mi auguro che un giorno tutti aprano gli occhi!!! Ma se continua così le donne anche aprendo gli occhi verranno la stoffa del velo,"[-4.175565719604492, 3.337660551071167]"
ita_783c11cdba3fa58e1a989d7e29f50d39,"@USER E se pensi,dici o scrivi che questi sciiti, islamici mussulmani sono dei bastardo merdosi che meritano di essere schiacciati nel frantoio, ti danno del razzista... ""COGLIONI QUELLI DELLA UE e Onu""",0,ita,"[LANG=ita] @USER E se pensi,dici o scrivi che questi sciiti, islamici mussulmani sono dei bastardo merdosi che meritano di essere schiacciati nel frantoio, ti danno del razzista... ""COGLIONI QUELLI DELLA UE e Onu""","[-5.327455520629883, 4.613804817199707]"
ita_28c4258f31b19f96ba0640e22c428713,"@USER @USER I mussulmani hanno rotto le balle. In Italia il maiale si mangia, se non gli va bene cazzi loro.",1,ita,"[LANG=ita] @USER @USER I mussulmani hanno rotto le balle. In Italia il maiale si mangia, se non gli va bene cazzi loro.","[4.884631156921387, -4.433197021484375]"
ita_27a1cd2bf5b7130e28cde07ff208ce47,"@USER SALVINI.Intanto uno in più uno in meno?Certo che ci mancavano pure Questi 51migranti !!Dai salvini!! In Africa sono milioni  che vorrebbero chiedere  asilo in italia .Apriamo anche corridoi umanitari,intanto in Italia non ci sono problemi economici e poi c'e ancora tanto posto.",0,ita,"[LANG=ita] @USER SALVINI.Intanto uno in più uno in meno?Certo che ci mancavano pure Questi 51migranti !!Dai salvini!! In Africa sono milioni  che vorrebbero chiedere  asilo in italia .Apriamo anche corridoi umanitari,intanto in Italia non ci sono problemi economici e poi c'e ancora tanto posto.","[4.504199504852295, -4.084203243255615]"
ita_378488f99dbe7b8f9fca35f5aea21afe,@USER e intanto si spendono milioni di euro per accogliere migranti e clandestini e gli italiani sono alla fame 😡,0,ita,[LANG=ita] @USER e intanto si spendono milioni di euro per accogliere migranti e clandestini e gli italiani sono alla fame 😡,"[-4.045907974243164, 3.4652724266052246]"
ita_e1b7c8763e7362fbacf4bdd92f5b514a,"@USER la gente se ne va xkè la qualità della vita in Italia fa schifo, sl clandestini e rom la feccia di qst paese",1,ita,"[LANG=ita] @USER la gente se ne va xkè la qualità della vita in Italia fa schifo, sl clandestini e rom la feccia di qst paese","[0.24304556846618652, -0.831807553768158]"
ita_917e1925a94bce5ff91dfe7830d58ecc,"Anello ferroviario,fascia verde,domeniche ecologiche.Tutte manovre per migliorare aria.Ma i campi rom possono bruciare tutto. @USER",1,ita,"[LANG=ita] Anello ferroviario,fascia verde,domeniche ecologiche.Tutte manovre per migliorare aria.Ma i campi rom possono bruciare tutto. @USER","[-1.5011024475097656, 0.9986873865127563]"
ita_35c50c1fbadad5b32b5761072fa72a2b,@USER @USER @USER @USER @USER @USER @USER @USER @USER @USER @USER Chiudete i porti chiudete i portafogli e spediteli a calci in culo nelle patrie galere..basta far finta che va tutto bene per evitare che comincia la psicosi terrorismo viviamo ogni giorno di sopprusi e angherie di mano islamica dobbiamo aspettare che ci fanno saltare anche qui?,1,ita,[LANG=ita] @USER @USER @USER @USER @USER @USER @USER @USER @USER @USER @USER Chiudete i porti chiudete i portafogli e spediteli a calci in culo nelle patrie galere..basta far finta che va tutto bene per evitare che comincia la psicosi terrorismo viviamo ogni giorno di sopprusi e angherie di mano islamica dobbiamo aspettare che ci fanno saltare anche qui?,"[3.547898530960083, -2.7226250171661377]"
ita_bcdfa225eb8d08b04ad4be589c51b8f6,"che diversità c'è tra loro e il pd, hanno firmato insieme per autirizzare l'invasoone di immigrati @URL",0,ita,"[LANG=ita] che diversità c'è tra loro e il pd, hanno firmato insieme per autirizzare l'invasoone di immigrati @URL","[3.8083133697509766, -3.2459604740142822]"
ita_8a07dcd62026546b7d6752ab3f558397,Insomma con sti finti profughi o con i barconi o con le barchette o con i corridoi umanitari nn se ne può più in ogni.modo trovano il sistema di islamizzarci nn c è un cazzo da fare,1,ita,[LANG=ita] Insomma con sti finti profughi o con i barconi o con le barchette o con i corridoi umanitari nn se ne può più in ogni.modo trovano il sistema di islamizzarci nn c è un cazzo da fare,"[-4.060534477233887, 3.362147092819214]"
ita_c9ca96434ada17280b67f1645ddc47d5,@USER checca ha pure senso come nome nel mio caso🤪🤪,0,ita,[LANG=ita] @USER checca ha pure senso come nome nel mio caso🤪🤪,"[3.6499433517456055, -2.953531265258789]"
ita_ac9cf921faeb788b7ff1e7baafc63b46,ma in sti giorni avete tutti i ricci su per il culo? madonna ma smettetela di fare drama per cose inutili avete rotto il cazzo,0,ita,[LANG=ita] ma in sti giorni avete tutti i ricci su per il culo? madonna ma smettetela di fare drama per cose inutili avete rotto il cazzo,"[5.282766819000244, -4.897894859313965]"
ita_6a8d4abebb71cc89da4e69924d10e3f7,"? Immagini violente ? 

La colazione islamica. Tè,schiaffoni e ciabattate

#AspettandoPrometeo

L'Islam nasce dalla pazzia di Maometto ???????

L'Islam è contro l'Umanità ???????

#UnaCrocePerFermareLinvasione

#ProntiPerLaDecima

#Trump2020 

#vivreensemble

#IVReich ?? UE #IslamVReich @URL",0,ita,"[LANG=ita] ? Immagini violente ? 

La colazione islamica. Tè,schiaffoni e ciabattate

#AspettandoPrometeo

L'Islam nasce dalla pazzia di Maometto ???????

L'Islam è contro l'Umanità ???????

#UnaCrocePerFermareLinvasione

#ProntiPerLaDecima

#Trump2020 

#vivreensemble

#IVReich ?? UE #IslamVReich @URL","[4.9581403732299805, -4.517214775085449]"
ita_b7b645704939702578f2d422cda2e516,@USER @USER Firenze dove il PD ha preso il 44% e poi l'ha riempita di immigrati... Non mi stupisce.,0,ita,[LANG=ita] @USER @USER Firenze dove il PD ha preso il 44% e poi l'ha riempita di immigrati... Non mi stupisce.,"[3.013875961303711, -2.752767324447632]"
ita_fc7a11049f7cf74bae1c0f9974277255,"@USER @USER Tipo nel film vieni avanti cretino quando cammina da donna e dice ""mi devono scambiare pure per ricchione""",0,ita,"[LANG=ita] @USER @USER Tipo nel film vieni avanti cretino quando cammina da donna e dice ""mi devono scambiare pure per ricchione""","[-3.5214929580688477, 2.863999843597412]"
ita_f77049fe5a69900e81be0b52ab8d9986,@USER @USER @USER MA CHI VOLETE PRENDERE PER IL CULO? Non avrete la mia marchetta frocia,0,ita,[LANG=ita] @USER @USER @USER MA CHI VOLETE PRENDERE PER IL CULO? Non avrete la mia marchetta frocia,"[3.2108166217803955, -2.6536998748779297]"
ita_65051aeb2848e18e3622d7d3d707c34e,"@USER Buongiorno sabato anche a te, sono d'accordo su tutto quello che hai detto, tranne vai a cagare, va mandato in mezzo alle sue risorse dove se lo inculano per bene, tanto un culo rotto in più che differenza può fare",1,ita,"[LANG=ita] @USER Buongiorno sabato anche a te, sono d'accordo su tutto quello che hai detto, tranne vai a cagare, va mandato in mezzo alle sue risorse dove se lo inculano per bene, tanto un culo rotto in più che differenza può fare","[3.7063755989074707, -3.1198532581329346]"
ita_ccd929ec233e35250188651c301d3946,&gt; Proteggere le donne &gt; Succhiacazzi / sbucciabanane / servette del pene Pick one,0,ita,[LANG=ita] &gt; Proteggere le donne &gt; Succhiacazzi / sbucciabanane / servette del pene Pick one,"[4.759665012359619, -4.4404449462890625]"
ita_31d5f074c908584cda61b0afee260e01,"@USER   Ma si tiene in albergo gli immigrati negri dotandoli di tutto,telefono compreso. Renzi ed Alfano: fate schifo!!",1,ita,"[LANG=ita] @USER   Ma si tiene in albergo gli immigrati negri dotandoli di tutto,telefono compreso. Renzi ed Alfano: fate schifo!!","[-4.397590637207031, 3.583750009536743]"
ita_4ae5648fb1e52dd75e59558e1215d97a,"viene sto tipo e mi urla ‘gay gin e bombay’, mi sono sentito sposato",0,ita,"[LANG=ita] viene sto tipo e mi urla ‘gay gin e bombay’, mi sono sentito sposato","[4.694995880126953, -4.1917877197265625]"
ita_e54703f943ed644544a3017bbc880bd8,"@USER @USER @USER @USER @USER @USER @USER @USER @USER @USER @USER @USER @USER @USER @USER @USER @USER Questa è la ""notizia"" più vomitevole del 2019. 
@USER dimissioni, appendi la croce al muro e vattene in Iran o in Egitto dai tuoi fratelli musulmani. Noi non possiamo permettere che chi ha in ""mano"" religione cattolica sia allo stesso tempo il cavallo di Troia dell'Islam.",0,ita,"[LANG=ita] @USER @USER @USER @USER @USER @USER @USER @USER @USER @USER @USER @USER @USER @USER @USER @USER @USER Questa è la ""notizia"" più vomitevole del 2019. 
@USER dimissioni, appendi la croce al muro e vattene in Iran o in Egitto dai tuoi fratelli musulmani. Noi non possiamo permettere che chi ha in ""mano"" religione cattolica sia allo stesso tempo il cavallo di Troia dell'Islam.","[-4.550799369812012, 3.612194538116455]"
ita_b66683469c97b7580e0fbfddf64034e9,#Berlino #Milano #sestosangiovanni #AnisAmri Ripropongo mia analisi su antiterrorismo italiano e ruolo della Liguria @URL,0,ita,[LANG=ita] #Berlino #Milano #sestosangiovanni #AnisAmri Ripropongo mia analisi su antiterrorismo italiano e ruolo della Liguria @URL,"[5.647872447967529, -5.294625282287598]"
ita_8d63bb7eead64a8e1a4372635aa75f44,Francia.... Tutti i mussulmani fuori dall'Europa e certe cose non succederebbero.....,0,ita,[LANG=ita] Francia.... Tutti i mussulmani fuori dall'Europa e certe cose non succederebbero.....,"[-3.450026750564575, 2.5801289081573486]"
ita_e96c0e6d7f8736a773337076ff572124,"Oriana Fallaci: i musulmani non sono tutti terroristi, ma tutti i terroristi sono musulmani #Portaaporta",0,ita,"[LANG=ita] Oriana Fallaci: i musulmani non sono tutti terroristi, ma tutti i terroristi sono musulmani #Portaaporta","[4.750785827636719, -4.418505668640137]"
ita_fde578554909b96535335254cddc61a9,"non può essere eterosessuale e nemmeno bisessuale, lei è lesbica obbligata al 100% ed è tutto uno stunt",0,ita,"[LANG=ita] non può essere eterosessuale e nemmeno bisessuale, lei è lesbica obbligata al 100% ed è tutto uno stunt","[3.6656997203826904, -2.9787769317626953]"
ita_25e907fc49f90366daffc4575a752712,"Io oggi ho i coglioni girati, continua così che ti mando a fare in culo a velocità luce che già mi hai rotto le palle.",0,ita,"[LANG=ita] Io oggi ho i coglioni girati, continua così che ti mando a fare in culo a velocità luce che già mi hai rotto le palle.","[5.756836414337158, -5.34972620010376]"
ita_9910560fe9f0ad853dc829cb7d9845a9,Rugantina Rosetta Minù Hermes ed Indio TIVOLI ROMA RUGANTINA proviene dall'ex campo rom di Stacchini Tiv @URL,0,ita,[LANG=ita] Rugantina Rosetta Minù Hermes ed Indio TIVOLI ROMA RUGANTINA proviene dall'ex campo rom di Stacchini Tiv @URL,"[5.091408729553223, -4.799342632293701]"
ita_b0511f1696d6edf92f0c7162d975c6b3,"Non sono poveri e non scappano dalla guerra né dalla fame, ecco perché i profughi vengono in Italia. - la VOCE del TRENTINO …",0,ita,"[LANG=ita] Non sono poveri e non scappano dalla guerra né dalla fame, ecco perché i profughi vengono in Italia. - la VOCE del TRENTINO …","[5.51424503326416, -4.952021598815918]"
ita_4d89c4cef55dff3719de371b6944944d,@USER @USER Vedo video di immigrati che girano nudi in tutta Italia se un Italiano si mette nudo su una spiaggia viene arrestato e multato e questi li dobbiamo far girare nudi x le strade?,0,ita,[LANG=ita] @USER @USER Vedo video di immigrati che girano nudi in tutta Italia se un Italiano si mette nudo su una spiaggia viene arrestato e multato e questi li dobbiamo far girare nudi x le strade?,"[3.414618730545044, -3.0225651264190674]"
ita_b8b993d5c1006f6a4562d07beebbcc70,"io sono contrario al suffragio universale, per colpa di elettori venduti e rottinculo simili, abbiamo avuto in tutti questi anni merde come M5S e PD, e ora si aggiungeranno i vari di centro destra. si sono adattati al sistema, perché sanno che molti elettori darebbero il culo.",1,ita,"[LANG=ita] io sono contrario al suffragio universale, per colpa di elettori venduti e rottinculo simili, abbiamo avuto in tutti questi anni merde come M5S e PD, e ora si aggiungeranno i vari di centro destra. si sono adattati al sistema, perché sanno che molti elettori darebbero il culo.","[-5.1564836502075195, 4.518396854400635]"
ita_bb89e8221f0e8038d0c3254c534671b9,"CASTEL VOLTURNO: GLI IMMIGRATI MINACCIANO: "" SE NON CI VERRA' CONCESSO DI RIMANERE QUI CON IL PERMESSO UMANITARIO SCATENEREMO IL CAOS"". 
QUESTI SI PERMETTONO DI MINACCIARE E DI COMANDARE A CASA NOSTRA! RIMANDIAMOLI AL LORO PAESE O IN QUALCHE ANNO SAREMO SOTTOMESSI DA QUESTE BELVE",1,ita,"[LANG=ita] CASTEL VOLTURNO: GLI IMMIGRATI MINACCIANO: "" SE NON CI VERRA' CONCESSO DI RIMANERE QUI CON IL PERMESSO UMANITARIO SCATENEREMO IL CAOS"". 
QUESTI SI PERMETTONO DI MINACCIARE E DI COMANDARE A CASA NOSTRA! RIMANDIAMOLI AL LORO PAESE O IN QUALCHE ANNO SAREMO SOTTOMESSI DA QUESTE BELVE","[2.9816741943359375, -2.8099477291107178]"
ita_f1e7d316abdc8db8c8bdaf1753b9fcf0,"@USER Qui il ""disturbo dei pro vax"" tocca vette altissime.🤣 Da un no vax che odia ogni singolo personaggetto che va ancora in TV a ricoprire la parte dei no vax. Bastava rimanere assenti da subito e la narrazione non avrebbe funzionato. Checca Paone che se la racconta con Bassetto.🤣",1,ita,"[LANG=ita] @USER Qui il ""disturbo dei pro vax"" tocca vette altissime.🤣 Da un no vax che odia ogni singolo personaggetto che va ancora in TV a ricoprire la parte dei no vax. Bastava rimanere assenti da subito e la narrazione non avrebbe funzionato. Checca Paone che se la racconta con Bassetto.🤣","[-4.434728622436523, 3.6790971755981445]"
ita_6f6984eb2d5dc5bc7e59c177ae662b73,"RT @USER Ecco un classico dei comunisti, fare il culattone col culo degli altri #Speranzaingalera #speranzaassassino",0,ita,"[LANG=ita] RT @USER Ecco un classico dei comunisti, fare il culattone col culo degli altri #Speranzaingalera #speranzaassassino","[1.755685806274414, -1.2999404668807983]"
ita_01ca8fabd2963ce27da64891cfa70bb3,"@USER @USER @USER SCARCERANO GLI STRANIERI E GLI ITALIANI LI LASCIANO MORIRE IN GALERA !!! RUBI UNA GALLINA ERGASTOLO ,PENSI AD UNA STRAGE ASSOLTO ...MA SOLO SE NON SEI ITALIANO",1,ita,"[LANG=ita] @USER @USER @USER SCARCERANO GLI STRANIERI E GLI ITALIANI LI LASCIANO MORIRE IN GALERA !!! RUBI UNA GALLINA ERGASTOLO ,PENSI AD UNA STRAGE ASSOLTO ...MA SOLO SE NON SEI ITALIANO","[5.480754852294922, -5.060088634490967]"
ita_7023ebd2d712a260a15881d17790bcf6,@USER @USER ma puppami la fava sto ricchione,1,ita,[LANG=ita] @USER @USER ma puppami la fava sto ricchione,"[-5.189408779144287, 4.485870838165283]"
ita_f6667b4d704036101efd1e1c8b5092cb,"Dal Minnesota alla Libia,  fino a Italia e Spagna:  le nuove culle della #Jihad #terrorismo @USER @URL",0,ita,"[LANG=ita] Dal Minnesota alla Libia,  fino a Italia e Spagna:  le nuove culle della #Jihad #terrorismo @USER @URL","[4.77151346206665, -4.410958290100098]"
ita_02055d79575ea1ec5e326f7bf43aa411,@USER @USER Ho deciso che la uso solo in vacanza così se mi danno del ricchione non mi vedono più,0,ita,[LANG=ita] @USER @USER Ho deciso che la uso solo in vacanza così se mi danno del ricchione non mi vedono più,"[5.539187908172607, -5.180757999420166]"
ita_94658240e4b575a9cfc7dde0e0116f94,dicendo al gay huggy waggy di infestarvi i sogni [URL],0,ita,[LANG=ita] dicendo al gay huggy waggy di infestarvi i sogni [URL],"[4.350869178771973, -3.6571438312530518]"
ita_81a598d9be0dd5250a242d6389bb48d8,@USER agente della polizia locale ucciso da un nomade a Milano non ha preso nessun risarcimento è giustizia questa?,1,ita,[LANG=ita] @USER agente della polizia locale ucciso da un nomade a Milano non ha preso nessun risarcimento è giustizia questa?,"[-3.4698169231414795, 2.36039137840271]"
ita_00155682ea29a06c4e3b491f7f0c2469,"Roma, Raggi annulla gli sgomberi dei campi rom: “Anche gli zingari hanno... @URL",0,ita,"[LANG=ita] Roma, Raggi annulla gli sgomberi dei campi rom: “Anche gli zingari hanno... @URL","[4.7666850090026855, -4.419852256774902]"
ita_90f93e1db1e4bb84d98901678112be5c,@USER: RT @USER: #Roma 20 anni di borseggi sui bus arrestata nomade: 8 anni e 3 mesi … @URL,1,ita,[LANG=ita] @USER: RT @USER: #Roma 20 anni di borseggi sui bus arrestata nomade: 8 anni e 3 mesi … @URL,"[4.670677185058594, -4.270425319671631]"
ita_b2107d52eeb30adb2a63b34ec233219e,La vecchia rom..deve essere avvelenata.....i prole royal stalla...devono pagare,0,ita,[LANG=ita] La vecchia rom..deve essere avvelenata.....i prole royal stalla...devono pagare,"[-4.572687149047852, 3.581238031387329]"
ita_755bc8ecd4bb4252207767010e29093b,"Ovunque arrivano gli islamici arriva la guerra, le lotte tra sette, la barbarie, l'intolleranza, l'obbligo a seguir… @URL",1,ita,"[LANG=ita] Ovunque arrivano gli islamici arriva la guerra, le lotte tra sette, la barbarie, l'intolleranza, l'obbligo a seguir… @URL","[-4.596040725708008, 3.751770257949829]"
ita_fc0ea5a4196ae9e34edd4376c285e11a,@USER In Italia i nomadi si possono permettere tutto quello che vogliono anche di prenderci in giro tanto governa la SX,1,ita,[LANG=ita] @USER In Italia i nomadi si possono permettere tutto quello che vogliono anche di prenderci in giro tanto governa la SX,"[-4.476498603820801, 3.5652410984039307]"
ita_42c009fe58b400f1e757c5390b30757e,L unica cosa che si può prendere dagli arabi e che chi ruba gli si taglia una mano nei campi rom sarebbero tutti monchi #quintacolonna,1,ita,[LANG=ita] L unica cosa che si può prendere dagli arabi e che chi ruba gli si taglia una mano nei campi rom sarebbero tutti monchi #quintacolonna,"[-5.121676921844482, 4.365668296813965]"
ita_129175b966b80a2e138b27e656c444aa,"@USER Ai tempi nostri si diceva ricchione eppure non c'è mai stata cattiveria, quella è arrivata con la propaganda LGBT, una vera e propria setta di individui che odiano e disprezzano gli eterosessuali e si sentono minacciati da essi senza motivo",1,ita,"[LANG=ita] @USER Ai tempi nostri si diceva ricchione eppure non c'è mai stata cattiveria, quella è arrivata con la propaganda LGBT, una vera e propria setta di individui che odiano e disprezzano gli eterosessuali e si sentono minacciati da essi senza motivo","[-4.638570785522461, 3.962096929550171]"
ita_70497f649afe624b43d3e4db535422f6,Giustizia per Desiree e per Pamela basta immigrati che drogano stuprano e ammazzano i nostri figli @USER @USER @USER @USER @USER @USER @USER @USER @USER @USER @USER @USER @USER @URL,1,ita,[LANG=ita] Giustizia per Desiree e per Pamela basta immigrati che drogano stuprano e ammazzano i nostri figli @USER @USER @USER @USER @USER @USER @USER @USER @USER @USER @USER @USER @USER @URL,"[-4.411221981048584, 3.5826568603515625]"
ita_3e5033a5cc70166097f7ef445e77698e,"Turchia: cacciate 4 ong straniere, anche una italiana @URL",0,ita,"[LANG=ita] Turchia: cacciate 4 ong straniere, anche una italiana @URL","[5.357172012329102, -4.891599655151367]"
ita_01cc3bda55f55d4f53461a7d4f143f63,Ma dimmi te se devo far ginnastica con tutti sti immigrati insopportabili,1,ita,[LANG=ita] Ma dimmi te se devo far ginnastica con tutti sti immigrati insopportabili,"[-4.875508785247803, 4.270573616027832]"
ita_cae245afdc29ddc77b2fd654583c6df3,@USER @USER @USER vabbe' poco male da noi vivono altrettanti migranti a spese dei contribuenti....mal comune mezzo gaudio...,0,ita,[LANG=ita] @USER @USER @USER vabbe' poco male da noi vivono altrettanti migranti a spese dei contribuenti....mal comune mezzo gaudio...,"[-4.419928550720215, 3.437681198120117]"
ita_24854766ebd56009dfc6ec706fb0ca8d,PORCO DIO ROTTO IN CULO DAL PADRE DEL DIO CANE LA MADONNA PUTTANA LEI E LA SANTA VERGINE MARIA DIO PORCO [URL],1,ita,[LANG=ita] PORCO DIO ROTTO IN CULO DAL PADRE DEL DIO CANE LA MADONNA PUTTANA LEI E LA SANTA VERGINE MARIA DIO PORCO [URL],"[-1.4491300582885742, 1.4606537818908691]"
ita_da2f1e0af6d204d5718964885be8ef9f,@USER Unica nota positiva della serata: sapere che l'anno prossimo il femminiello Dybala giocherà con loro. 😻😂,1,ita,[LANG=ita] @USER Unica nota positiva della serata: sapere che l'anno prossimo il femminiello Dybala giocherà con loro. 😻😂,"[-5.1857523918151855, 4.307972431182861]"
ita_21d90ab4135b780414956c24421b1c3f,"@USER @USER @USER  E sono diventati musulmani??? Se è così...beh, qualcuno bara...e chi è?? Roma, Città del Vaticano?😳😳😉",0,ita,"[LANG=ita] @USER @USER @USER  E sono diventati musulmani??? Se è così...beh, qualcuno bara...e chi è?? Roma, Città del Vaticano?😳😳😉","[-3.0311355590820312, 2.0308146476745605]"
ita_f1be6e07bcbd32f7256b1a9a3f193f99,@USER Adesso ci dobbiamo riprendere tutti i profughi che sono entrati in Germania? E tutti quelli che arrivano da noi chi li riprende???,1,ita,[LANG=ita] @USER Adesso ci dobbiamo riprendere tutti i profughi che sono entrati in Germania? E tutti quelli che arrivano da noi chi li riprende???,"[4.303776264190674, -3.749854326248169]"
ita_f30f00f3409a48567e9208106e70e1bb,"@USER forse è meglio rivedere le politiche, ecco cosa e' diventata l' italia grazie alle risorse di immigrati:@URL",1,ita,"[LANG=ita] @USER forse è meglio rivedere le politiche, ecco cosa e' diventata l' italia grazie alle risorse di immigrati:@URL","[5.425232887268066, -4.798454284667969]"
ita_b9e638053c2d8da8244063a1b81b7111,verga infame e rotto in culo letteralmente Nessuno che sia sano di mente lo sceglie 😭😭😭😭 #maturita2022,0,ita,[LANG=ita] verga infame e rotto in culo letteralmente Nessuno che sia sano di mente lo sceglie 😭😭😭😭 #maturita2022,"[4.02643346786499, -3.5021462440490723]"
ita_20e75a50a8a6947b085d1ce754fb0ca4,noi stronzi italiani paghiamo il ticket anche per una visita ambulatoriale del cazzo e per gli immigrati clandestini tutto GRATIS. Ma k cazzo di paese è questo? @URL,0,ita,[LANG=ita] noi stronzi italiani paghiamo il ticket anche per una visita ambulatoriale del cazzo e per gli immigrati clandestini tutto GRATIS. Ma k cazzo di paese è questo? @URL,"[-5.1742048263549805, 4.577880859375]"
ita_839add4b82403245bd39d80668ed6680,Tracce di casa prima dello sgombero al campo nomadi abusivo @URL @USER ph. Luca Zennaro @URL,0,ita,[LANG=ita] Tracce di casa prima dello sgombero al campo nomadi abusivo @URL @USER ph. Luca Zennaro @URL,"[4.867430210113525, -4.56997537612915]"
ita_adc1ce766d5bca44618b377962be3925,"@USER te li immagini i tagliagole islamici difensori dei maiali, gli inglesi hanno vietato il cartone di peppa  pig è tutto Dire",1,ita,"[LANG=ita] @USER te li immagini i tagliagole islamici difensori dei maiali, gli inglesi hanno vietato il cartone di peppa  pig è tutto Dire","[4.019649982452393, -3.4666290283203125]"
ita_5236859fd0fab5c8ac1ee158e1d78045,Il rom che derubò Ermes dà fuoco alla sua roulotte per ottenere una casa #Generale @URL,1,ita,[LANG=ita] Il rom che derubò Ermes dà fuoco alla sua roulotte per ottenere una casa #Generale @URL,"[4.103601932525635, -3.4852285385131836]"
ita_a7824225399f47cd29a4a8f8a561dc03,E si. Islam religione di pace. Questi si che sono veri SOVRANISTI. Loro devono mantere inalterate i loro usi e costumi. A costo di ammazzare. Integriamoli. Vogliamogli tanto ammmoreeeee @URL,0,ita,[LANG=ita] E si. Islam religione di pace. Questi si che sono veri SOVRANISTI. Loro devono mantere inalterate i loro usi e costumi. A costo di ammazzare. Integriamoli. Vogliamogli tanto ammmoreeeee @URL,"[-4.7858967781066895, 4.012588024139404]"
ita_b6390ed9a0044d8da5de5f19ef5115e8,"@USER l'Italia sogna che te ne vai a fare in culo in America, capito paraculo ci hai rotto il cazzo.",0,ita,"[LANG=ita] @USER l'Italia sogna che te ne vai a fare in culo in America, capito paraculo ci hai rotto il cazzo.","[4.791647434234619, -4.436577320098877]"
ita_43d956d2492a4de1772d82e12aefc179,@USER @USER @USER se la piglia in culo. Finalmente.,0,ita,[LANG=ita] @USER @USER @USER se la piglia in culo. Finalmente.,"[4.327606678009033, -3.7597527503967285]"
ita_dd15c9fd15a8144c41b4cedb68b11000,Benvenuti a tutti i nostri amici e amici stranieri che ci seguono attraverso Facebook e la nostra pagina sulla... @URL,0,ita,[LANG=ita] Benvenuti a tutti i nostri amici e amici stranieri che ci seguono attraverso Facebook e la nostra pagina sulla... @URL,"[5.827970504760742, -5.291438579559326]"
ita_f4dbf3c0a80d2e32c8e04213834d78f3,@USER @USER  Centinaia di migliaia di stranieri girano sapendosi impunibili in Italia. Ringraziamo istituzioni.,1,ita,[LANG=ita] @USER @USER  Centinaia di migliaia di stranieri girano sapendosi impunibili in Italia. Ringraziamo istituzioni.,"[5.600785732269287, -5.149097919464111]"
ita_d202b0cb527423a17b6335b68e90af5a,"#SeaWatch3 #migranti #siracusa @USER @USER fate togliere l'ancora a quei criminali e fateli allontanare,il maltempo è finito. Allontanate quella nave da Siracusa.",1,ita,"[LANG=ita] #SeaWatch3 #migranti #siracusa @USER @USER fate togliere l'ancora a quei criminali e fateli allontanare,il maltempo è finito. Allontanate quella nave da Siracusa.","[4.9791460037231445, -4.624709129333496]"
ita_d2167ebe5c4f03d02624e5c7f275fafc,Cmq Estefania è un culo rotto quella arriverà dritta in finale sicuro 🏝️#isola,0,ita,[LANG=ita] Cmq Estefania è un culo rotto quella arriverà dritta in finale sicuro 🏝️#isola,"[4.879247188568115, -4.504461288452148]"
ita_1e659483f1eb65937f28975c6328f46d,Non rompere le balle culattone che non sei altro [URL],1,ita,[LANG=ita] Non rompere le balle culattone che non sei altro [URL],"[-5.200986385345459, 4.580358028411865]"
ita_dc8f2be641d70db13c26ebc74fdef88d,Quando vedremo lo stessa tema portato in piazza con la stessa forza e determinazione? Mai credo. #stopislam… @URL,1,ita,[LANG=ita] Quando vedremo lo stessa tema portato in piazza con la stessa forza e determinazione? Mai credo. #stopislam… @URL,"[5.104043960571289, -4.768778324127197]"
ita_e5a55d94fe4b98835e538866507cc48b,Bravissimo!Un vero Talento!C'è veramente da imparare da questo eccellente succhiacazzi!Se tutto va bene oggi pomeriggio farò subito queste cose sul cazzo di un ragazzo a cui devo fare un bocchino con l'ingoio.Essere bocchinari è una cosa seria! Il cazzo va succhiato con rispetto! [URL],0,ita,[LANG=ita] Bravissimo!Un vero Talento!C'è veramente da imparare da questo eccellente succhiacazzi!Se tutto va bene oggi pomeriggio farò subito queste cose sul cazzo di un ragazzo a cui devo fare un bocchino con l'ingoio.Essere bocchinari è una cosa seria! Il cazzo va succhiato con rispetto! [URL],"[4.878990650177002, -4.447084903717041]"
ita_7bd69da0d9667e120cccfe640b2c6670,"In romania 200mila in piazza x protestar contro corruzione..In Italia 4 gov non eletti, disoccupazione, immigrazione e tasse al max, nulla 😈",1,ita,"[LANG=ita] In romania 200mila in piazza x protestar contro corruzione..In Italia 4 gov non eletti, disoccupazione, immigrazione e tasse al max, nulla 😈","[-4.695998191833496, 3.883709669113159]"
ita_d31e54d086299b78bdf84ddeb9e7fb13,Che schifo. ...russi sono già passati oltre. ..ma nato rom elite sta in trappola. .e morite cosi..giuro..a breve avrete la prova,0,ita,[LANG=ita] Che schifo. ...russi sono già passati oltre. ..ma nato rom elite sta in trappola. .e morite cosi..giuro..a breve avrete la prova,"[-5.054892539978027, 4.095344543457031]"
ita_16b3b386a58722ad4ebd57db2d883b1e,@USER @USER @USER Migrante è la versione piddina di clandestino; forse sarebbe meglio che iniziassimo tutti a chiamarli con il termine corretto: immigrati clandestini !,1,ita,[LANG=ita] @USER @USER @USER Migrante è la versione piddina di clandestino; forse sarebbe meglio che iniziassimo tutti a chiamarli con il termine corretto: immigrati clandestini !,"[-3.148963451385498, 2.293159008026123]"
ita_698dd37b661521c170d878f9ad8d48b7,"NO AL GLOBAL COMPACT sull'immigrazione. NO, NO, E NO. Non vogliamo piu' essere un cesso africano
@USER @USER @URL",0,ita,"[LANG=ita] NO AL GLOBAL COMPACT sull'immigrazione. NO, NO, E NO. Non vogliamo piu' essere un cesso africano
@USER @USER @URL","[4.928117752075195, -4.375446319580078]"
ita_9438a5ff98fc27b48523992464405207,"@USER @USER Basta con questi migranti e comunismo, avete il cervello come bambini, e ragionate come cretini, questi portano solo ignoranza e delinquenza, oltre a pulci zecche e pidocchi.",1,ita,"[LANG=ita] @USER @USER Basta con questi migranti e comunismo, avete il cervello come bambini, e ragionate come cretini, questi portano solo ignoranza e delinquenza, oltre a pulci zecche e pidocchi.","[-5.273341178894043, 4.566473960876465]"
ita_66e8ef242c6a355561d3fc5b6b73473c,Pazzesco come nel mio altro account mi caghino molto di più che su questo ahahahah [URL],0,ita,[LANG=ita] Pazzesco come nel mio altro account mi caghino molto di più che su questo ahahahah [URL],"[5.498075008392334, -5.11242151260376]"
ita_30fa4a0f59d5c3443566861a4846b8b6,"ECCO PERCHE' #IoStoConIsraele. PALESTINESE, TERRORISTA ISLAMICO, PREPARAVA ATTENTATO IN #Sardegna. E ORA FUORI DAI COGLIONI, TORNATENE IN ""Palestina"",pezzo di merda! @URL",0,ita,"[LANG=ita] ECCO PERCHE' #IoStoConIsraele. PALESTINESE, TERRORISTA ISLAMICO, PREPARAVA ATTENTATO IN #Sardegna. E ORA FUORI DAI COGLIONI, TORNATENE IN ""Palestina"",pezzo di merda! @URL","[-5.15304708480835, 4.558423042297363]"
ita_1c0da30fd8cb9e9e66d5942bd038078d,Notizie di questa settimana: A Bologna gli operai della Lamborghini fanno una colletta per consentire ad un collega musulmano di andare in,0,ita,[LANG=ita] Notizie di questa settimana: A Bologna gli operai della Lamborghini fanno una colletta per consentire ad un collega musulmano di andare in,"[4.854284286499023, -4.371577739715576]"
ita_a83f8c10781833c628b024b23f9b56eb,"Top #news: Roma, esposto 21 Luglio all' Anac su nuovo campo rom. ""Bando su misu… @URL see more @URL",0,ita,"[LANG=ita] Top #news: Roma, esposto 21 Luglio all' Anac su nuovo campo rom. ""Bando su misu… @URL see more @URL","[5.3264689445495605, -4.945542335510254]"
ita_597a9c8dabb5abec25dc2960d0eee4aa,"Roma, 2 ladri rom aggrediscono un 81enne: vengono bloccati e malmenati... @URL",1,ita,"[LANG=ita] Roma, 2 ladri rom aggrediscono un 81enne: vengono bloccati e malmenati... @URL","[3.427302122116089, -3.4245104789733887]"
ita_6fdf3c7fb9800a2db1f31a5d32b12c0c,"ECCO CHE ARRIVA KOKO CON IL VESTITO DA SPOSA PER IL SUO MATRIMONIO CON INUI,COMPLETAMENTE DISEGNATO E REALIZZATO DA MITSUYA ANCHE OGGI VIVA I KOKONUI E VIVA I GAY🏳️‍🌈🏳️‍🌈🏳️‍🌈🏳️‍🌈 #ESC2022 #EUROVISION",0,ita,"[LANG=ita] ECCO CHE ARRIVA KOKO CON IL VESTITO DA SPOSA PER IL SUO MATRIMONIO CON INUI,COMPLETAMENTE DISEGNATO E REALIZZATO DA MITSUYA ANCHE OGGI VIVA I KOKONUI E VIVA I GAY🏳️‍🌈🏳️‍🌈🏳️‍🌈🏳️‍🌈 #ESC2022 #EUROVISION","[4.4096269607543945, -3.3956382274627686]"
ita_b80c87dcd647c14ef95408c34212a88c,@USER #Medvedev è sempre più una checca isterica [URL],1,ita,[LANG=ita] @USER #Medvedev è sempre più una checca isterica [URL],"[-5.266229629516602, 4.613296031951904]"
ita_80478eee7b347237878c5831c9326908,@USER @USER ... ma tutti i psicolabili stranieri li dobbiamo tenere noi in Italia?... se non sanno reprimere i loro istinti vanno tenuti segregati per non nuocere più... invece stanno liberi...,1,ita,[LANG=ita] @USER @USER ... ma tutti i psicolabili stranieri li dobbiamo tenere noi in Italia?... se non sanno reprimere i loro istinti vanno tenuti segregati per non nuocere più... invece stanno liberi...,"[-4.997856140136719, 4.189929962158203]"
ita_d02b73f87c0d50ba7f3b9e7ab484f931,@USER @USER @USER Nei paesi musulmani del Nord Africa hai visto (piu' o meno tutti ..) che c'è una cultura diffusa da 1400 che istiga al terrorismo contro chi non è islamizzato? Nel M. O. non ne parliamo proprio.Non è meglio se hanno un visto ai Consolati italiani e poi un aereo che costa 100 E.?,1,ita,[LANG=ita] @USER @USER @USER Nei paesi musulmani del Nord Africa hai visto (piu' o meno tutti ..) che c'è una cultura diffusa da 1400 che istiga al terrorismo contro chi non è islamizzato? Nel M. O. non ne parliamo proprio.Non è meglio se hanno un visto ai Consolati italiani e poi un aereo che costa 100 E.?,"[2.8997561931610107, -2.3974978923797607]"
ita_903f8830196495f38c75e79ba4cc092d,via @USER “Tracing Bus” della Croce Rossa: la cabina telefonica itinerante per i migranti @URL,0,ita,[LANG=ita] via @USER “Tracing Bus” della Croce Rossa: la cabina telefonica itinerante per i migranti @URL,"[5.770125389099121, -5.3120646476745605]"
ita_0e21dca33859b5ad930dead4b835930f,@USER guarda che Trump spaccia il muro come soluzione contro illegal immigrants. E gli overstayers sono anche loro illegal immigrants,0,ita,[LANG=ita] @USER guarda che Trump spaccia il muro come soluzione contro illegal immigrants. E gli overstayers sono anche loro illegal immigrants,"[-1.4455646276474, 1.1536167860031128]"
ita_7370b4262d2adf4487a024ed4c6867e6,"@USER Io la""checca fredda""la faccio buonissima!!la preferisco all'insalata di riso👍",0,ita,"[LANG=ita] @USER Io la""checca fredda""la faccio buonissima!!la preferisco all'insalata di riso👍","[5.747302055358887, -5.287429332733154]"
ita_c727ecaaedfcd6afa8e648ac177fb028,@USER @USER @USER @USER @USER @USER @USER 👍👍👍👍Adoro i buddisti ed odio profondamente l’Islam ! Non capisco i buonisti rossi che aprono le braccia a gente che non intendono integrarsi.. basta parlare con loro e capire quello che vogliono. Un musulmano non accetterà mai le nostre leggi. Per loro esiste solo la SHARIA.,0,ita,[LANG=ita] @USER @USER @USER @USER @USER @USER @USER 👍👍👍👍Adoro i buddisti ed odio profondamente l’Islam ! Non capisco i buonisti rossi che aprono le braccia a gente che non intendono integrarsi.. basta parlare con loro e capire quello che vogliono. Un musulmano non accetterà mai le nostre leggi. Per loro esiste solo la SHARIA.,"[-5.272843360900879, 4.451691150665283]"
ita_c8320a62c1f61db288ddc9e911cdf6fb,@USER @USER @USER L'IMMIGRAZIONE C'E' STATO UN CALO FISIOLOGICO QUANTI RINPATRII HA FATTO ? CI SONO MIGLIAIA DI IMMIGRATI IRREGOLARI CHE DELINQUONO TUTTI I GIORNI SUL TERRITORIO ITALIANI NON POSSONO ESSERE PUNITI DALLA GIUSTIZIA IN QUANTO PROFUGHI QUINDI ?,1,ita,[LANG=ita] @USER @USER @USER L'IMMIGRAZIONE C'E' STATO UN CALO FISIOLOGICO QUANTI RINPATRII HA FATTO ? CI SONO MIGLIAIA DI IMMIGRATI IRREGOLARI CHE DELINQUONO TUTTI I GIORNI SUL TERRITORIO ITALIANI NON POSSONO ESSERE PUNITI DALLA GIUSTIZIA IN QUANTO PROFUGHI QUINDI ?,"[4.638195991516113, -4.037378311157227]"
ita_a37e206a3cfa6f894ac567a21bc4c811,quanto sono carine le rom della #Lidl ?!,0,ita,[LANG=ita] quanto sono carine le rom della #Lidl ?!,"[5.431111812591553, -5.004237651824951]"
ita_2f0aeb64f38640657d9ff08197bc2054,@USER @USER Grazie per farmi vedere che hai un altro profilo fake così ti blocco anche qui e rotto in culo lo dici a quel coglione di tuo padre che ha messo al mondo uno schifoso come te,1,ita,[LANG=ita] @USER @USER Grazie per farmi vedere che hai un altro profilo fake così ti blocco anche qui e rotto in culo lo dici a quel coglione di tuo padre che ha messo al mondo uno schifoso come te,"[2.7597193717956543, -2.5013082027435303]"
ita_d6878ff76fc10c9064f9acf57138b8fe,"Fonte : ""responsabili prima accoglienza migranti""  TUTTI HANNO IL CELLULARE   🔹Chi glielo ha dato❓  🔹Che SIM hanno visto che chiamano da 🇮🇹❓",0,ita,"[LANG=ita] Fonte : ""responsabili prima accoglienza migranti""  TUTTI HANNO IL CELLULARE   🔹Chi glielo ha dato❓  🔹Che SIM hanno visto che chiamano da 🇮🇹❓","[5.021371841430664, -4.520023345947266]"
ita_73d66c889a5dee892f657806cb5565aa,"Roma, presa la banda dei topi d'auto: arrestati 3 rom - Il Messaggero @URL #Roma #news",1,ita,"[LANG=ita] Roma, presa la banda dei topi d'auto: arrestati 3 rom - Il Messaggero @URL #Roma #news","[-3.9954071044921875, 2.990567684173584]"
ita_deb47c5279d2c1522ddf59d6894850fb,Ddl di Calderoli: “Il velo islamico e l’apologia della Sharia diventino reato”. Siete d’accordo? @URL,0,ita,[LANG=ita] Ddl di Calderoli: “Il velo islamico e l’apologia della Sharia diventino reato”. Siete d’accordo? @URL,"[4.709933280944824, -4.4907708168029785]"
ita_e889c8bcdd6f76cca53d29f2e1605e8e,"comunque mi sono rotto il cazzo basta, ogni volta che qualcosa sembra vada per il verso giusto lo prendo sempre in culo, non ne vale proprio la pena, ormai non mi entusiasma più nulla",0,ita,"[LANG=ita] comunque mi sono rotto il cazzo basta, ogni volta che qualcosa sembra vada per il verso giusto lo prendo sempre in culo, non ne vale proprio la pena, ormai non mi entusiasma più nulla","[5.676427841186523, -5.305150508880615]"
ita_b932af033ad05a102821c8266db7bdae,@USER L'attentato di Berlino dimostra ancora una volta che i profughi islamici sono pericolosi per la società civile e vanno cacciati!,1,ita,[LANG=ita] @USER L'attentato di Berlino dimostra ancora una volta che i profughi islamici sono pericolosi per la società civile e vanno cacciati!,"[-4.9555511474609375, 4.069276332855225]"
ita_4043ae62a5c3f2e412860eb1be3f0280,"@USER e bravo Mineo: perchè la casa ai rom si e agli italiani no? dai anche la risposta per favore, perchè no agli italiani?",0,ita,"[LANG=ita] @USER e bravo Mineo: perchè la casa ai rom si e agli italiani no? dai anche la risposta per favore, perchè no agli italiani?","[1.940673828125, -2.3377790451049805]"
ita_05ccbf59ad456458415a73779f96d309,@USER @USER Ricchione chiaro che ci vado ahaha compleanno,1,ita,[LANG=ita] @USER @USER Ricchione chiaro che ci vado ahaha compleanno,"[-4.926593780517578, 4.0273284912109375]"
ita_dbdeeb126b51173803ef2cc1e38db4bf,Mattinata di ieri passata in un'aula di tribunale. 23 udienze al ruolo. Imputati stranieri 19; imputati italiani 4. Imputati stranieri presenti 0; imputati italiani presenti 4. Conclusione (del tutto personale); vengono tutti a delinquere qua e se ne fregano della nostra giustiz,1,ita,[LANG=ita] Mattinata di ieri passata in un'aula di tribunale. 23 udienze al ruolo. Imputati stranieri 19; imputati italiani 4. Imputati stranieri presenti 0; imputati italiani presenti 4. Conclusione (del tutto personale); vengono tutti a delinquere qua e se ne fregano della nostra giustiz,"[4.703591823577881, -4.248362064361572]"
ita_4784aa9cf29b3015c2f28859d211ee03,"@USER @USER Un vero papa lo farebbe subito. Ma invece lui corre a leccare i piedi ai mussulmani, che distruggono le chiese cattoliche , e martirizzano i cristiani. Loro sono i veri sostenitori della fede, i veri martiri moderni. Ha una bella faccia tosta!",0,ita,"[LANG=ita] @USER @USER Un vero papa lo farebbe subito. Ma invece lui corre a leccare i piedi ai mussulmani, che distruggono le chiese cattoliche , e martirizzano i cristiani. Loro sono i veri sostenitori della fede, i veri martiri moderni. Ha una bella faccia tosta!","[-3.790445327758789, 3.0382347106933594]"
ita_69e47cc7fac030187aa5043bc1bcd5b4,Film generico di ozpetek: uomo sposato con una donna viaggia e si scopre gay,0,ita,[LANG=ita] Film generico di ozpetek: uomo sposato con una donna viaggia e si scopre gay,"[4.714395523071289, -4.199397087097168]"
ita_fb668d5c9b3bcd5bee115769a67f701c,"#palermo 2 minorenni di etnia #rom uccidono un senzatetto, immagino che ora il sindaco Orlando voglia regalare una villa anche a loro giusto?",1,ita,"[LANG=ita] #palermo 2 minorenni di etnia #rom uccidono un senzatetto, immagino che ora il sindaco Orlando voglia regalare una villa anche a loro giusto?","[-3.6739649772644043, 2.987623929977417]"
ita_7e31e0cd46a3f95c765892c78a2540ab,@USER basta profughi in Italia perfavore basta,0,ita,[LANG=ita] @USER basta profughi in Italia perfavore basta,"[-2.684157609939575, 1.6076313257217407]"
ita_bb5f51949469ff772398923be2808108,"Roma, cinese morta, blitz al campo rom: davanti alla Questura resta una discarica... #news #Roma @URL",1,ita,"[LANG=ita] Roma, cinese morta, blitz al campo rom: davanti alla Questura resta una discarica... #news #Roma @URL","[-1.5327759981155396, 0.9238715171813965]"
ita_61476e2f938a88fcc2b02b651d0f9618,"@USER @USER I #rom stranieri, dopo 3 mesi di "" roaming"", dovrebbero essere rispediti al loro paese",0,ita,"[LANG=ita] @USER @USER I #rom stranieri, dopo 3 mesi di "" roaming"", dovrebbero essere rispediti al loro paese","[3.9900307655334473, -3.6762540340423584]"
ita_c05826ee3092b7f8c3e8970e1ad882e3,"@USER Ma noi continuiamo a rompere le palle x uno scontrino.....
Le cifre che girano sono da pauraaaaaaaa!!
Gli stranieri non pagano le tasse x 2 anni ! Basta privilegi!!",0,ita,"[LANG=ita] @USER Ma noi continuiamo a rompere le palle x uno scontrino.....
Le cifre che girano sono da pauraaaaaaaa!!
Gli stranieri non pagano le tasse x 2 anni ! Basta privilegi!!","[-3.9882595539093018, 2.9750936031341553]"
ita_ed61ec59530797c71264c73d0b6da7b0,"Uccise immigrato: 4 anni e permesso di lavorare, alla vittima 5 mila euro @URL @URL",0,ita,"[LANG=ita] Uccise immigrato: 4 anni e permesso di lavorare, alla vittima 5 mila euro @URL @URL","[3.2842445373535156, -2.83583402633667]"
