id,text,stereotype,vilification,dehumanization,extreme_language,lack_of_empathy,invalidation,language,input_text,logits
urd_9c2b2aaf19f86d007e36a06aec85e5f6,ملک سے غداری اپنی جگہ مگر مہاجر قوم کی لاشوں کا حساب کون دے گا,1,1,1,1,1,1,urd,[LANG=urd] ملک سے غداری اپنی جگہ مگر مہاجر قوم کی لاشوں کا حساب کون دے گا,"[1.1822466850280762, 0.96026611328125, 1.239220380783081, 1.0336277484893799, 0.8506731390953064, 0.967048704624176]"
urd_82fd3b5a662dbb52c1898daef7cb47ec,وزیراعظم نوازشریف جس نے اس عوام کو ایٹمی قوت بنایا۔ #شیر_آ_رہا_ہے,1,1,1,1,1,1,urd,[LANG=urd] وزیراعظم نوازشریف جس نے اس عوام کو ایٹمی قوت بنایا۔ #شیر_آ_رہا_ہے,"[-1.3641992807388306, -1.3699785470962524, -1.7420183420181274, -1.6470167636871338, -1.7269446849822998, -1.5550998449325562]"
urd_f80d2e1957491533515cc96ef9d87d44,نوازا لوہار اور اس کے ساتھی وطن فروش وطن فروش وطن فروش,1,1,1,1,1,1,urd,[LANG=urd] نوازا لوہار اور اس کے ساتھی وطن فروش وطن فروش وطن فروش,"[1.6266001462936401, 2.046767234802246, 1.3269673585891724, 1.8758811950683594, 1.437276840209961, 1.4976638555526733]"
urd_303ea49bbe996377554e21c8ba0743c3,کیا حسین شام ہے ۔۔نیا پاکستان جو ہے ۔۔,0,0,0,0,0,0,urd,[LANG=urd] کیا حسین شام ہے ۔۔نیا پاکستان جو ہے ۔۔,"[-2.452699661254883, -2.4544427394866943, -3.1270534992218018, -2.910585880279541, -2.797992706298828, -2.4600799083709717]"
urd_a3f55a9363e1a32c466f3344fe25e8ba,بے حیا اپوزیشن سن @URL پاکستان تا قیامت قائم ودائم رہے گا. #OppositionIndiaBhaiBhai,1,1,1,1,1,1,urd,[LANG=urd] بے حیا اپوزیشن سن @URL پاکستان تا قیامت قائم ودائم رہے گا. #OppositionIndiaBhaiBhai,"[1.6925063133239746, 2.1632463932037354, 1.441557765007019, 2.1869044303894043, 1.4536372423171997, 1.5093833208084106]"
urd_ad79c0d02d8cb46a6b0971362c5c79c8,صفائی نصف ایمان والے مسلمانوں کی پھیلائی گندگی اقلیت صاف کررہے ہیں,1,1,0,1,1,1,urd,[LANG=urd] صفائی نصف ایمان والے مسلمانوں کی پھیلائی گندگی اقلیت صاف کررہے ہیں,"[1.9142616987228394, 1.9081575870513916, 1.3405437469482422, 1.3583543300628662, 1.4115389585494995, 1.3166755437850952]"
urd_80607fb10f2a4c01d7f2f42e6baf04c0,یہود و نصاریٰ کو خوش کرنے لیے ایسا کیوں جو یہود کی پیدا وار ہے وہ یہود کے پاس چلا جائے  #لبیک_پرموشن  #فرانس_کایار_عمران_غدار,1,1,1,1,1,1,urd,[LANG=urd] یہود و نصاریٰ کو خوش کرنے لیے ایسا کیوں جو یہود کی پیدا وار ہے وہ یہود کے پاس چلا جائے  #لبیک_پرموشن  #فرانس_کایار_عمران_غدار,"[1.5898187160491943, 1.6368515491485596, 1.3310424089431763, 1.064760684967041, 1.2461532354354858, 1.1114161014556885]"
urd_06406757767979eb5556900197fbb839,جو افغانی کا یار ہے وہ قوم کا غدّار ہے,1,1,1,1,1,1,urd,[LANG=urd] جو افغانی کا یار ہے وہ قوم کا غدّار ہے,"[0.5449063181877136, 0.43508437275886536, 0.4629153907299042, 0.6904356479644775, 0.08672400563955307, 0.5401188731193542]"
urd_b113b795b1867440cd799ac4ec342897,نیازی کنجر کو این آر او نہیں ملنا چاہیے #NoNROForFitnaKhan,1,1,1,1,1,1,urd,[LANG=urd] نیازی کنجر کو این آر او نہیں ملنا چاہیے #NoNROForFitnaKhan,"[1.4487042427062988, 1.985906720161438, 1.565637230873108, 1.9236664772033691, 1.473586916923523, 1.5492864847183228]"
urd_ccab34add4a0827ae70b40f4e0915580,چند خواتین کو عورت مارچ کےرستے میں بھی مسکان بن کر کھڑا ہونا ہوگا ، یہ کام جماعت اسلامی کی مجاہدات ہی بہترین طور پر سرانجام دے سکتی ہیں,1,1,1,1,1,1,urd,[LANG=urd] چند خواتین کو عورت مارچ کےرستے میں بھی مسکان بن کر کھڑا ہونا ہوگا ، یہ کام جماعت اسلامی کی مجاہدات ہی بہترین طور پر سرانجام دے سکتی ہیں,"[1.4174188375473022, 0.8951123952865601, 0.9662042856216431, 0.8842785358428955, 0.8791712522506714, 0.8482663035392761]"
urd_e8b68f1774225f93101c320e7e3a9515,آپریشن رجیم چینج ریورس کا پہلا قدم مبارک✌️,1,0,0,0,1,0,urd,[LANG=urd] آپریشن رجیم چینج ریورس کا پہلا قدم مبارک✌️,"[-2.9392619132995605, -2.706470489501953, -3.212538480758667, -3.0596632957458496, -3.0377726554870605, -2.984539270401001]"
urd_cf4ca7860e74cc11de3cc5d5ed8ed25e,خان صاحب آپکے سوشل میڈیا ایکٹوسٹ کا ریویو آرٹیکل میں %80 پلیجرزم آرہا ہے۔ 😭😭😂😂😂 #NPA,1,1,1,1,1,1,urd,[LANG=urd] خان صاحب آپکے سوشل میڈیا ایکٹوسٹ کا ریویو آرٹیکل میں %80 پلیجرزم آرہا ہے۔ 😭😭😂😂😂 #NPA,"[1.5532501935958862, 1.9730409383773804, 1.3628922700881958, 1.6627702713012695, 1.3222553730010986, 1.352779746055603]"
urd_cabf6df38fc383638a310bdb1d4ceb6f,#FiveYearsOfFailureپورے پنجاب میں جہاں سے بھی قوم لوط کے کردار والا پکڑا جائے تو وہ ن لیگ کا عہدیدار نکلتا ہے,1,1,1,1,1,1,urd,[LANG=urd] #FiveYearsOfFailureپورے پنجاب میں جہاں سے بھی قوم لوط کے کردار والا پکڑا جائے تو وہ ن لیگ کا عہدیدار نکلتا ہے,"[1.043318271636963, 0.5361624360084534, 0.41187915205955505, 0.47473588585853577, 0.7225876450538635, 0.663179337978363]"
urd_40972899ca082e60920deb87fd0fbb6f,عوام کے ذہنوں سے کھیلنے والے قلم فروش حقیقتا پھانسی کے حقدار ہیں۔ #قلم_فروش,1,1,1,1,1,1,urd,[LANG=urd] عوام کے ذہنوں سے کھیلنے والے قلم فروش حقیقتا پھانسی کے حقدار ہیں۔ #قلم_فروش,"[1.6939369440078735, 1.6086934804916382, 1.4441167116165161, 1.6646630764007568, 1.3137390613555908, 1.4151079654693604]"
urd_b8560bc1f44176b26736509515796351,حامد میر جعفر معافی کب مانگ رہا ہے شہبازشریف سے,1,1,1,1,1,1,urd,[LANG=urd] حامد میر جعفر معافی کب مانگ رہا ہے شہبازشریف سے,"[-0.4431951940059662, 0.19121019542217255, -0.3612121045589447, -0.24394291639328003, 0.01159973070025444, -0.06049008294939995]"
urd_30c3cf822a7b3b6a2eb34cde8667ad09,یہ وکلاء ہیں یا کالے کوٹ میں چھپے جاہل، ہسپتال کے اندر جہالت کے گھٹیا ترین مظاہرے۔ کالا کوٹ آج واقعی کالا نکلا۔ #کالا_کوٹ_کالے_کرتوت,1,1,1,1,1,1,urd,[LANG=urd] یہ وکلاء ہیں یا کالے کوٹ میں چھپے جاہل، ہسپتال کے اندر جہالت کے گھٹیا ترین مظاہرے۔ کالا کوٹ آج واقعی کالا نکلا۔ #کالا_کوٹ_کالے_کرتوت,"[1.8342130184173584, 2.0444912910461426, 1.4432848691940308, 1.859965443611145, 1.5043213367462158, 1.6083635091781616]"
urd_5639fd5b656f99fc73d199ba3bd1cd65,کوالا لمپور:روہنگیامسلمانوں پرمظالم نسل کشی کےمترادف ہیں،نجیب رزاق,0,0,0,0,0,0,urd,[LANG=urd] کوالا لمپور:روہنگیامسلمانوں پرمظالم نسل کشی کےمترادف ہیں،نجیب رزاق,"[1.0409438610076904, 0.5872699618339539, 0.4433777332305908, 0.7464828491210938, 0.40091413259506226, 0.29746147990226746]"
urd_911d882d48a126375cff1a29f74336d4,#Save_Pakistan پہلے پشتون کے حقوق پھر پاک فوج کو گالی پھر دشمن سے مدد پھر جھوٹ کا سہارا کوئی چال نہ چل سکی تو اب مذہب کارڈ کا استمعال,1,1,1,1,1,1,urd,[LANG=urd] #Save_Pakistan پہلے پشتون کے حقوق پھر پاک فوج کو گالی پھر دشمن سے مدد پھر جھوٹ کا سہارا کوئی چال نہ چل سکی تو اب مذہب کارڈ کا استمعال,"[1.159353256225586, 1.2633708715438843, 0.9734814763069153, 1.1386724710464478, 0.9746881127357483, 0.7764081358909607]"
urd_5f72c6cd0073503a6b49652489a5bc1d,قومیت کی سیاست کرنے والوں پر لعنت چاہے وہ سندھی ہو پنجابی ہو، بلوچی، پشتون یا مہاجر - ایسی جماعتوں پر پابندی لگا دینی چائیے,1,1,1,1,1,1,urd,[LANG=urd] قومیت کی سیاست کرنے والوں پر لعنت چاہے وہ سندھی ہو پنجابی ہو، بلوچی، پشتون یا مہاجر - ایسی جماعتوں پر پابندی لگا دینی چائیے,"[1.5050816535949707, 1.335210919380188, 1.1710021495819092, 1.5108444690704346, 1.2313437461853027, 1.0714030265808105]"
urd_c25f5c246fa62da812e9603070d3155c,میرا جسم میری مرضی تو پھر میری زبان میری @USER #khalilurrehmanqamar #YouBeauty,0,0,0,0,0,0,urd,[LANG=urd] میرا جسم میری مرضی تو پھر میری زبان میری @USER #khalilurrehmanqamar #YouBeauty,"[0.7522749900817871, 1.3503749370574951, 0.8364445567131042, 1.170673131942749, 0.617281973361969, 0.6873108148574829]"
urd_015b0802218ba0047ca9f73550ca9276,کوئی یوتھیابتاےٴگاننکانہ صاحب جیسےدئہاتی وضع قطع رکھنےوالےشہرمیں اتنی ماڈرن خواتین کہاں سےلائی گئ ہیں پھرکہتےہیں نوازلیگ کواتنےووٹ کیسےپڑگئے,1,1,1,1,1,1,urd,[LANG=urd] کوئی یوتھیابتاےٴگاننکانہ صاحب جیسےدئہاتی وضع قطع رکھنےوالےشہرمیں اتنی ماڈرن خواتین کہاں سےلائی گئ ہیں پھرکہتےہیں نوازلیگ کواتنےووٹ کیسےپڑگئے,"[1.9664466381072998, 2.044083595275879, 1.6356130838394165, 1.594936728477478, 1.4760825634002686, 1.500150203704834]"
urd_8f631ccce8108c47adfc7a8fd6143ee0,باجوہ ڈاکٹرائن مین آف دی میچ کالا کوٹ کالا قانون تھنک یو سو مچ 🖐️🖐️🖐️,1,1,0,1,0,1,urd,[LANG=urd] باجوہ ڈاکٹرائن مین آف دی میچ کالا کوٹ کالا قانون تھنک یو سو مچ 🖐️🖐️🖐️,"[0.987517237663269, 2.0258350372314453, 1.2024699449539185, 1.9388782978057861, 1.2461262941360474, 1.2929531335830688]"
urd_fed3649252d9cf99feb91cdef804aebb,غریدہ فاروقی تو رات بھی ڈگی میں گزارتی ہے چیری بلاسم کے ساتھ #ڈگی_والا,1,1,1,1,1,0,urd,[LANG=urd] غریدہ فاروقی تو رات بھی ڈگی میں گزارتی ہے چیری بلاسم کے ساتھ #ڈگی_والا,"[1.7609214782714844, 2.1089353561401367, 1.7773280143737793, 1.904995083808899, 1.5915677547454834, 1.7026805877685547]"
urd_9638d488685ac1cc629389742ef0ca07,عورت کارڈ غیر موضوع ہے کیونکہ ہمارا معاشرہ بہترین ہے گھریلو عورت ہو یا ورکنگ وومن، جو عزت یہاں ہے اس کا باہر تصور بھی محال @USER,1,1,1,1,1,1,urd,[LANG=urd] عورت کارڈ غیر موضوع ہے کیونکہ ہمارا معاشرہ بہترین ہے گھریلو عورت ہو یا ورکنگ وومن، جو عزت یہاں ہے اس کا باہر تصور بھی محال @USER,"[1.450792908668518, 1.498579502105713, 1.5165208578109741, 1.2734575271606445, 1.191053867340088, 1.2699533700942993]"
urd_90a1a4bfb3be1bfef3dd302cbff5af53,چلو بھئی بکاریو تمہارا پی ایم آ رہا ہے ہم تو وطن فروش پر لعنت بھی نہیں بھیجتے #امپورٹڈ_حکومت_نامنظور,0,1,0,1,0,1,urd,[LANG=urd] چلو بھئی بکاریو تمہارا پی ایم آ رہا ہے ہم تو وطن فروش پر لعنت بھی نہیں بھیجتے #امپورٹڈ_حکومت_نامنظور,"[1.512965202331543, 2.025543212890625, 1.431369423866272, 2.0920157432556152, 1.5013351440429688, 1.6452555656433105]"
urd_4fea65243736c37e3fa74685fd9decae,چوروں کو ڈیفینڈ ذہنی غلام کرتے @USER اور شکر ہے ہم ذہنی غلام نہیں,0,1,1,0,0,0,urd,[LANG=urd] چوروں کو ڈیفینڈ ذہنی غلام کرتے @USER اور شکر ہے ہم ذہنی غلام نہیں,"[1.582101821899414, 1.8521479368209839, 1.3139525651931763, 1.6660394668579102, 1.4173386096954346, 1.494631052017212]"
urd_f12e0097e7b92692d23d0f3d54aebe56,الباکستان کی فوج کی فوج کی طرف سے اپنے ہی ملک کے سندھیوں ، بلوچوں ، اردو ااسپیکرس ، اور پٹھاںوں کی نسل کشی کے @USER @USER,1,1,1,1,1,1,urd,[LANG=urd] الباکستان کی فوج کی فوج کی طرف سے اپنے ہی ملک کے سندھیوں ، بلوچوں ، اردو ااسپیکرس ، اور پٹھاںوں کی نسل کشی کے @USER @USER,"[0.4987172782421112, 1.1215529441833496, 0.05346309393644333, 0.7416292428970337, 0.5598277449607849, 0.12120050191879272]"
urd_c842588b658b8210c519c1867a66e130,ہندو بچیوں کے مسلمان ہونےپر ناچنے والے اس وقت کہاں تھےجب میری تحصیل میں ایک کولہی لڑکا مسلمان ہوا کسی نےرشتہ نادیا،واپس ہندو ہوگیا,0,0,0,0,0,0,urd,[LANG=urd] ہندو بچیوں کے مسلمان ہونےپر ناچنے والے اس وقت کہاں تھےجب میری تحصیل میں ایک کولہی لڑکا مسلمان ہوا کسی نےرشتہ نادیا،واپس ہندو ہوگیا,"[1.253748893737793, 0.8335254788398743, 0.656232476234436, 0.47385814785957336, 0.795876681804657, 0.7850467562675476]"
urd_e8ae6c52a3edafc5a96b13504f2048aa,میری نظر میں اچکزئی غدار ہے اپنے گھر والوں پہ بھوکنے والا نمک حرام کتا.,1,1,0,1,0,1,urd,[LANG=urd] میری نظر میں اچکزئی غدار ہے اپنے گھر والوں پہ بھوکنے والا نمک حرام کتا.,"[1.653179407119751, 2.036011219024658, 1.7859437465667725, 2.072761058807373, 1.4898717403411865, 1.7703479528427124]"
urd_d1d33fe929b61099e21f8f0234fedbda,بنوں ایک بار پھر سے اس نعرے سے گونج اٹھے گا کہ نر پشتون بہادر پشتون منظور پشتون منظور پشتون ✌✌✌,1,1,1,1,1,1,urd,[LANG=urd] بنوں ایک بار پھر سے اس نعرے سے گونج اٹھے گا کہ نر پشتون بہادر پشتون منظور پشتون منظور پشتون ✌✌✌,"[-1.2032458782196045, -2.1248316764831543, -2.404564619064331, -1.542549729347229, -2.375837802886963, -2.370072364807129]"
urd_155dfb19bfb5d30161fdd05fc890f472,علی وزیر: ’ریاست مخالف نہیں، لوگوں کے حقوق کی بات کی تھی‘ @USER,0,0,0,0,0,0,urd,[LANG=urd] علی وزیر: ’ریاست مخالف نہیں، لوگوں کے حقوق کی بات کی تھی‘ @USER,"[-2.760161876678467, -2.2572884559631348, -3.196470022201538, -2.705197811126709, -2.858027935028076, -2.7266881465911865]"
urd_c7cd6e555c80529820998a2717c81c7d,صیہونی حکومت کا جنگی جنون انتہا پر، مظلوم فلسطینیوں کی شہادتیں 500 سے تجاوز کرگئیں @USER,1,1,1,1,1,1,urd,[LANG=urd] صیہونی حکومت کا جنگی جنون انتہا پر، مظلوم فلسطینیوں کی شہادتیں 500 سے تجاوز کرگئیں @USER,"[-2.567112445831299, -2.3162856101989746, -3.1439385414123535, -2.3551459312438965, -2.4574437141418457, -2.632993459701538]"
urd_99481212fbbf4c2618974b62e4dfe798,مولوی برقعہ وغیرہ کو کوئی خطرہ نہیں کیونکہ وہ توہین مذہب کرتے ہیں البتہ موچی خطرے میں تھا کیونکہ وہ توہین مقدس گائے کرتا تھا,1,1,1,1,1,1,urd,[LANG=urd] مولوی برقعہ وغیرہ کو کوئی خطرہ نہیں کیونکہ وہ توہین مذہب کرتے ہیں البتہ موچی خطرے میں تھا کیونکہ وہ توہین مقدس گائے کرتا تھا,"[1.7585363388061523, 2.049501895904541, 1.668599009513855, 1.7502838373184204, 1.5799808502197266, 1.6970388889312744]"
urd_09f8edae5ca78de4203efa1867beba9c,لانگ مارچ سےمتعلق تفصیلات12جنوری کوبتاؤں گا،ڈاکٹرطاہرالقادری,0,0,0,0,0,0,urd,[LANG=urd] لانگ مارچ سےمتعلق تفصیلات12جنوری کوبتاؤں گا،ڈاکٹرطاہرالقادری,"[-2.5382962226867676, -2.946800708770752, -3.1282107830047607, -2.9358203411102295, -3.097970485687256, -2.775329828262329]"
urd_215c828d9cee606fd3dde5948dd149fa,قوم یوتھ سے ایک معصومانہ سوال مزہ آ رہا ہے 😂 #وزیرِاعظم_شہبازشریف,1,1,1,1,1,1,urd,[LANG=urd] قوم یوتھ سے ایک معصومانہ سوال مزہ آ رہا ہے 😂 #وزیرِاعظم_شہبازشریف,"[0.330906480550766, 0.5096099376678467, 0.0072257076390087605, -0.12817800045013428, 0.11803805083036423, -0.2473810762166977]"
urd_a40ff6057a1f79b2df99feb9151e2f19,فتنہ خان نے لانگ مارچ کے لیے چندہ جمع کرنا شروع کر دیا 😂,1,1,1,1,1,1,urd,[LANG=urd] فتنہ خان نے لانگ مارچ کے لیے چندہ جمع کرنا شروع کر دیا 😂,"[1.7403415441513062, 2.2514076232910156, 1.3490090370178223, 1.64836585521698, 1.4988293647766113, 1.4247955083847046]"
urd_99f98653793d16ce194f4f9846472ffd,پانامہ کیس میں تو #جھوٹے_ہوئے_بےنقاب ڈان لیکس میں جھوٹے کب بے نقاب ہونگے?,1,1,1,1,1,1,urd,[LANG=urd] پانامہ کیس میں تو #جھوٹے_ہوئے_بےنقاب ڈان لیکس میں جھوٹے کب بے نقاب ہونگے?,"[1.5284314155578613, 1.507629632949829, 1.0287681818008423, 1.3288863897323608, 1.2012403011322021, 1.2746305465698242]"
urd_67a32119dab250036e258d035d578893,عمران خان۔ دراصل پاکستانی معاشرے کا اصلی ترین چہرہ ھے۔ایک کنفیوزڈ ۔ منافق۔جعلی مذھبی سوڈو لبرل جو ذاتی طور پر بےسمت بےمہار ھے,1,1,1,1,1,1,urd,[LANG=urd] عمران خان۔ دراصل پاکستانی معاشرے کا اصلی ترین چہرہ ھے۔ایک کنفیوزڈ ۔ منافق۔جعلی مذھبی سوڈو لبرل جو ذاتی طور پر بےسمت بےمہار ھے,"[1.8785560131072998, 2.187959909439087, 1.395564317703247, 2.001657009124756, 1.523350715637207, 1.6479390859603882]"
urd_88f3851ff99752146d97ea479764b3d1,بچوں سے زیادتی اور ہم جنس پرستی ایک نہیں ہیں ، بچوں سے زیادتی ایک جرم ہے جبکہ بالغوں کی ہمجنس پرستی چوائس ہے,1,1,1,1,1,1,urd,[LANG=urd] بچوں سے زیادتی اور ہم جنس پرستی ایک نہیں ہیں ، بچوں سے زیادتی ایک جرم ہے جبکہ بالغوں کی ہمجنس پرستی چوائس ہے,"[-1.893188238143921, -2.097524404525757, -2.3741190433502197, -2.4404964447021484, -1.8316073417663574, -1.6982314586639404]"
urd_a23c7cf488b9bd102b79234a26c2616a,#زنجیروں_میں_جکڑا_میڈیا کو آزاد میڈیا بولنا کہا کا انصاف ہے,0,0,0,0,0,0,urd,[LANG=urd] #زنجیروں_میں_جکڑا_میڈیا کو آزاد میڈیا بولنا کہا کا انصاف ہے,"[1.920508623123169, 2.0433712005615234, 1.6474323272705078, 1.6565611362457275, 1.4710216522216797, 1.5694657564163208]"
urd_59d67a26073a131c9f70c4009e8291b5,فاتح قادیانیت حضرت پیر. ہر علی شاہ گیلانی رحمت اللہ علیہ @USER #اجماع_امت_قادیانی_کافر @USER,1,1,0,1,1,0,urd,[LANG=urd] فاتح قادیانیت حضرت پیر. ہر علی شاہ گیلانی رحمت اللہ علیہ @USER #اجماع_امت_قادیانی_کافر @USER,"[1.7218765020370483, 2.315061569213867, 0.9169919490814209, 2.0054984092712402, 1.0532335042953491, 0.9087761044502258]"
urd_2180f185e5462dde35a305c1057608b2,اب کی بار رحمت کے دروازے کھلیں تو منی ٹریل تیار رکھیے گا #BBC 😝😝😝😝😝 #AllahAlHaqHai,1,0,0,0,0,0,urd,[LANG=urd] اب کی بار رحمت کے دروازے کھلیں تو منی ٹریل تیار رکھیے گا #BBC 😝😝😝😝😝 #AllahAlHaqHai,"[-0.8797659873962402, -0.916626513004303, -1.572250485420227, -0.9975674748420715, -1.3654568195343018, -1.136609435081482]"
urd_d768460940e86cbccaf9d6e2676a8217,وکیل ناموس صحابہ حضرت علامہ علی شیرحیدری شہیدرح میں نوکر صحابہ دا,0,0,0,0,0,0,urd,[LANG=urd] وکیل ناموس صحابہ حضرت علامہ علی شیرحیدری شہیدرح میں نوکر صحابہ دا,"[-2.3858227729797363, -1.8306795358657837, -2.8349335193634033, -2.311394214630127, -2.796485662460327, -2.950077772140503]"
urd_916838f9a89ea434a275bcf417faf2ec,#WriteForRights بلوچ قوم کا نسل کشی  دنیا کے دہشت گرد پاکستانی فورسز کے ہاتھوں کئ سالوں سے جاری ہے #HRAbusesInBalochistan #EU #UK #USA #hrw,1,1,1,1,1,1,urd,[LANG=urd] #WriteForRights بلوچ قوم کا نسل کشی  دنیا کے دہشت گرد پاکستانی فورسز کے ہاتھوں کئ سالوں سے جاری ہے #HRAbusesInBalochistan #EU #UK #USA #hrw,"[1.8227554559707642, 1.9352316856384277, 1.3312535285949707, 1.7341365814208984, 1.4179925918579102, 1.3242524862289429]"
urd_e06a14cc100b6224293ff56ff77dd94d,اسد عمر جذبات میں این آر او کا اقرار کر گئے,0,1,0,0,0,0,urd,[LANG=urd] اسد عمر جذبات میں این آر او کا اقرار کر گئے,"[-2.3129663467407227, -2.3018887042999268, -2.7176127433776855, -2.5225086212158203, -2.506471633911133, -2.4155967235565186]"
urd_d93351a92d581afd77f51496537fdf87,واشنگٹن:امریکاکاپاکستان میں مذہبی آزادی کی صورتحال پرعدم اطمینان,0,0,0,0,0,0,urd,[LANG=urd] واشنگٹن:امریکاکاپاکستان میں مذہبی آزادی کی صورتحال پرعدم اطمینان,"[-2.6963937282562256, -2.673123598098755, -2.545886754989624, -2.896059036254883, -2.2591490745544434, -2.04030442237854]"
urd_d5aa21de2304a1c17a7ccc1c4ecbb360,ترکمن نژاد افغانیوں کا طالبان حملے کا مقابلہ، مدد کے منتظر  @URL,0,0,0,0,0,0,urd,[LANG=urd] ترکمن نژاد افغانیوں کا طالبان حملے کا مقابلہ، مدد کے منتظر  @URL,"[-2.1028575897216797, -2.7199485301971436, -3.1287267208099365, -2.707880973815918, -2.5677759647369385, -2.5054080486297607]"
urd_60f45b26a7af05f51fa583c29127a3a4,2018ع کے عام انتخابات جیالوں کے لیئے بڑا امتحان ہے: بلاول بھٹو زرداری,1,1,1,1,1,1,urd,[LANG=urd] 2018ع کے عام انتخابات جیالوں کے لیئے بڑا امتحان ہے: بلاول بھٹو زرداری,"[-1.9788408279418945, -2.3654463291168213, -2.994736433029175, -1.9545602798461914, -2.397303342819214, -2.070674180984497]"
urd_c74a8c9fd47f968b5eb6bee42a175b2b,38 چنانچہ اس نے بھی خود کو ٹرانس جینڈر عورت کے طور پر نادرا کے آفس میں رجسٹر کروا لیا۔ #بےہودہ_بل_واپس_لو @USER #Tanveer642,1,1,1,1,1,1,urd,[LANG=urd] 38 چنانچہ اس نے بھی خود کو ٹرانس جینڈر عورت کے طور پر نادرا کے آفس میں رجسٹر کروا لیا۔ #بےہودہ_بل_واپس_لو @USER #Tanveer642,"[1.8295515775680542, 2.220449209213257, 1.681705355644226, 1.7341662645339966, 1.5258173942565918, 1.5160446166992188]"
urd_098ab0c2177c855f67e3a00241dd55da,احتساب عدالت میں ہنگامہ میں وہی گلو بٹ شامل ہیں جو لاہور میں وکلاء کنونشن میں کالے کوٹ پہن کر آئے تھے #JamhoriatZindabad,1,0,0,1,0,0,urd,[LANG=urd] احتساب عدالت میں ہنگامہ میں وہی گلو بٹ شامل ہیں جو لاہور میں وکلاء کنونشن میں کالے کوٹ پہن کر آئے تھے #JamhoriatZindabad,"[1.5951488018035889, 1.9379081726074219, 1.7365078926086426, 1.5995994806289673, 1.3525080680847168, 1.566094994544983]"
urd_599d4da732c9c67b2f77475eccf18669,شہبازگِل بھارتی ایجنٹ کے الزامات ثابت کریں ورنہ آپ کے گھر کا گھیراؤ کریں گے 👇👇 عطاءﷲ تارڑ 🐅✊#محب_وطن_نوازشریف,1,1,1,1,1,1,urd,[LANG=urd] شہبازگِل بھارتی ایجنٹ کے الزامات ثابت کریں ورنہ آپ کے گھر کا گھیراؤ کریں گے 👇👇 عطاءﷲ تارڑ 🐅✊#محب_وطن_نوازشریف,"[1.256075143814087, 1.6154576539993286, 0.9349476099014282, 1.2555699348449707, 0.9483162760734558, 0.9006233811378479]"
urd_2a9852d544b5b194bb00d5ca891c9c6b,اگر مذہب کا دفاع کریں تو مذہب کارڈ!۔ لیکن جب مذہبی معاملات میں ٹانگ اڑایا جائے تو کہاں ہیں مولانا فضل الرحمان! #عقیدہ_ختم_نبوت_محورایمان,0,0,0,0,0,0,urd,[LANG=urd] اگر مذہب کا دفاع کریں تو مذہب کارڈ!۔ لیکن جب مذہبی معاملات میں ٹانگ اڑایا جائے تو کہاں ہیں مولانا فضل الرحمان! #عقیدہ_ختم_نبوت_محورایمان,"[1.443082571029663, 1.5215505361557007, 1.2679861783981323, 1.231583833694458, 1.2089238166809082, 1.1396058797836304]"
urd_09300941ee1c3a5c1d1370d70a8e499f,ریحام خان کی کتاب کے مسودے کے اقتباسات سن کر کنفیوژڈ ہوں کہ یہ قوم یوتھ ہے یا قوم لوط!,1,1,1,1,1,1,urd,[LANG=urd] ریحام خان کی کتاب کے مسودے کے اقتباسات سن کر کنفیوژڈ ہوں کہ یہ قوم یوتھ ہے یا قوم لوط!,"[-0.30990561842918396, 0.16752083599567413, -0.6602039337158203, -0.4655546545982361, -0.11360011249780655, -0.22914551198482513]"
urd_73e6c50a334b4273f796378c7964c2cb,پشاورمیں درجنوں نمک حرام افغان باشندوں کا جلوس  پاکستان کیخلاف نعرے بازی، ہوائی فائرنگ,1,1,0,1,0,0,urd,[LANG=urd] پشاورمیں درجنوں نمک حرام افغان باشندوں کا جلوس  پاکستان کیخلاف نعرے بازی، ہوائی فائرنگ,"[-0.5999016165733337, -0.4905664026737213, -1.1922285556793213, -0.056779034435749054, -0.8121637105941772, -1.413748860359192]"
urd_f95a92e04d51d80fb4f3ffaf195b80c5,مرزائی کیسے نہ چیخیں احمدی کہہ کر چھپ رہے تھے یہ ٹائٹل بھی علامہ رضوی صاحب نے چھین لیا احمدی ہم ہیں احمد نبیؐ کانام ہے تسی کافر ہو #اجماع_امت_قادیانی_کافر,1,1,1,1,1,1,urd,[LANG=urd] مرزائی کیسے نہ چیخیں احمدی کہہ کر چھپ رہے تھے یہ ٹائٹل بھی علامہ رضوی صاحب نے چھین لیا احمدی ہم ہیں احمد نبیؐ کانام ہے تسی کافر ہو #اجماع_امت_قادیانی_کافر,"[1.8022911548614502, 2.0678915977478027, 1.4242981672286987, 1.972722053527832, 1.5394015312194824, 1.5698916912078857]"
urd_e9782c1ca70e6a0ef565f4b75a823646,#stop_geert_welders اس گستاخ رسول ﷺ کو سزا دو اور تعلقات ختم کرو۔۔۔ @USER,1,1,1,1,1,1,urd,[LANG=urd] #stop_geert_welders اس گستاخ رسول ﷺ کو سزا دو اور تعلقات ختم کرو۔۔۔ @USER,"[1.221181035041809, 1.5337051153182983, 1.2663201093673706, 1.5670108795166016, 1.0899677276611328, 1.2366830110549927]"
urd_a42ef7c9610cd93ef7479420a0f11c69,جو خلفاء راشدین کی خلافت کا منکر ھو بھلا وہ مسلمان رہ سکتا ھے ؟ #تحفظ_اسلام_بل_سےکافرپریشان,1,1,1,1,1,1,urd,[LANG=urd] جو خلفاء راشدین کی خلافت کا منکر ھو بھلا وہ مسلمان رہ سکتا ھے ؟ #تحفظ_اسلام_بل_سےکافرپریشان,"[1.6800624132156372, 1.7925046682357788, 1.4318526983261108, 2.0173072814941406, 1.4536645412445068, 1.6417725086212158]"
urd_d1472286e608cee6c5ce2d5d22bdda3b,وزیراعلیٰ آئین کی خلاف ورزی کر رہے ہیں ،فیصل سبزواری,0,0,0,0,0,0,urd,[LANG=urd] وزیراعلیٰ آئین کی خلاف ورزی کر رہے ہیں ،فیصل سبزواری,"[1.4414758682250977, 1.5547621250152588, 0.6449697017669678, 0.841336190700531, 1.0564146041870117, 1.0257480144500732]"
urd_81fcdf8606bbbea3ac9727a53fbc3bc8,کہاں ہیں وہ قومی ہیروز جو ایک منتخب وزیراعظم کو گارڈ فادر کا لقب دیا کرتے تھے اب ان کی زبان بندی کس نے کر دی ہے,1,1,1,1,1,1,urd,[LANG=urd] کہاں ہیں وہ قومی ہیروز جو ایک منتخب وزیراعظم کو گارڈ فادر کا لقب دیا کرتے تھے اب ان کی زبان بندی کس نے کر دی ہے,"[-0.2387303113937378, -0.17489393055438995, -0.3481813669204712, -0.7059494256973267, -0.5298715233802795, -0.4148441255092621]"
urd_4d507cca2bfad6aaa3afff08570e9b84,5لاکھ غیر قانونی افغان مہاجرین کو واپس بھیجا جائے ،عمران خان,0,0,0,0,1,1,urd,[LANG=urd] 5لاکھ غیر قانونی افغان مہاجرین کو واپس بھیجا جائے ،عمران خان,"[-2.136953353881836, -1.79904043674469, -2.63879132270813, -1.6314022541046143, -2.1610326766967773, -1.446584701538086]"
urd_8d491fae464f0f463637967476c8d2b7,فواد چوہدری، قاسم سوری، عمران خان اور علوی۔۔۔۔۔ سب پر آرٹیکل چھ لگے گا,0,0,0,0,0,0,urd,[LANG=urd] فواد چوہدری، قاسم سوری، عمران خان اور علوی۔۔۔۔۔ سب پر آرٹیکل چھ لگے گا,"[1.4846315383911133, 1.6495444774627686, 1.2925909757614136, 1.546169638633728, 1.2550981044769287, 1.2505369186401367]"
urd_1bddd037f3ab14922fab5457aba4cb23,یہ رجیم چینج والے کہیں ’ پیر ننگے شاہ ‘ کے مرید تو نہی ۔۔؟,1,1,1,1,1,1,urd,[LANG=urd] یہ رجیم چینج والے کہیں ’ پیر ننگے شاہ ‘ کے مرید تو نہی ۔۔؟,"[1.3246749639511108, 1.6965397596359253, 1.4852086305618286, 1.4348400831222534, 1.1857030391693115, 1.4176146984100342]"
urd_1f518071fc8a916fd63457f38d1f5a12,HisChoice#: خواجہ سرا سے شادی کرنے والے شخص کی کہانی @USER,0,0,0,0,0,0,urd,[LANG=urd] HisChoice#: خواجہ سرا سے شادی کرنے والے شخص کی کہانی @USER,"[-2.610328435897827, -2.9152603149414062, -2.7690398693084717, -3.135676860809326, -2.8136539459228516, -2.591961145401001]"
urd_31ae6ba599891e7283caf0a226ea899e,زرداری بھارت کے گندے ٹماٹروں کی پیداوار ہے زرداری کا سارا بزنس بھارت کے 4 شہری سنبھالتے ہیں۔,1,1,1,1,1,1,urd,[LANG=urd] زرداری بھارت کے گندے ٹماٹروں کی پیداوار ہے زرداری کا سارا بزنس بھارت کے 4 شہری سنبھالتے ہیں۔,"[1.9014503955841064, 1.9307047128677368, 1.5199695825576782, 1.714979887008667, 1.512160301208496, 1.5457371473312378]"
urd_c88cf895aea51ca531f47278b20c7158,پاکستان کا کل رقبہ 796096 مربع کلومیٹر جبکہ امپورٹڈ وزیراعظم کے زیر انتظام علاقے کا رقبہ 906 مربع کلومیٹر 🤣🤣🤣,0,1,0,1,0,0,urd,[LANG=urd] پاکستان کا کل رقبہ 796096 مربع کلومیٹر جبکہ امپورٹڈ وزیراعظم کے زیر انتظام علاقے کا رقبہ 906 مربع کلومیٹر 🤣🤣🤣,"[1.2106893062591553, 1.1677368879318237, 0.8851677179336548, 0.951765775680542, 0.8524017930030823, 0.7899757027626038]"
urd_dc11ad0c85fbe57385f6b1f3ff9fbb34,پرویز رشید کے کاغذات مسترد کرنا گھٹیا پن کی انتہا ہے۔ اسٹیبلشمنٹ کسی بھی جہموریت پسند کو آگے نہیں آنے دے رہی۔ مذمت مذمت مذمت😡,1,1,1,1,1,1,urd,[LANG=urd] پرویز رشید کے کاغذات مسترد کرنا گھٹیا پن کی انتہا ہے۔ اسٹیبلشمنٹ کسی بھی جہموریت پسند کو آگے نہیں آنے دے رہی۔ مذمت مذمت مذمت😡,"[1.6643970012664795, 1.759594440460205, 1.2806378602981567, 1.307512640953064, 1.4064301252365112, 1.364591121673584]"
urd_236e835e975f2fa879d2143be35ca65b,#LockDownLahore ایک انگلی پورے ہندوستان کو نچا سکتی ہیں ہم اس لیے کہتے ہیں دو قومی نظریہ زندہ ہے اور انشاءاللہ زندہ رہے گا #RoIndiaRo,1,1,1,1,1,1,urd,[LANG=urd] #LockDownLahore ایک انگلی پورے ہندوستان کو نچا سکتی ہیں ہم اس لیے کہتے ہیں دو قومی نظریہ زندہ ہے اور انشاءاللہ زندہ رہے گا #RoIndiaRo,"[0.9908674359321594, 0.7282859086990356, 0.5757219791412354, 1.1918940544128418, 0.6361252665519714, 0.8066874146461487]"
urd_237053224df2e8fc99cdeeffdc8ff20e,افغانی نمک حرام ہیں اور نمک حرام ہی رہیں گے انکی ایسی کی تیسی۔ 😂 #NaseemShah Lub U♥️😂 #PAKvAFG #PakvsAfg #AsiaCup2022 #AsiaCupT20,1,1,1,1,1,1,urd,[LANG=urd] افغانی نمک حرام ہیں اور نمک حرام ہی رہیں گے انکی ایسی کی تیسی۔ 😂 #NaseemShah Lub U♥️😂 #PAKvAFG #PakvsAfg #AsiaCup2022 #AsiaCupT20,"[1.6079778671264648, 1.3934615850448608, 1.2920007705688477, 1.7700413465499878, 0.9550363421440125, 1.3075652122497559]"
urd_a80d9269dcd6148fa806045309a5b364,مریم نواز کی سوشل میڈیا کنونشن میں سوشل میڈیا ایکٹوسٹ کم جب کہ قیمے والے نان اور بریانی ایکٹوسٹ زیادہ شرکت کرتے ہیں۔😂😂,1,1,1,1,1,1,urd,[LANG=urd] مریم نواز کی سوشل میڈیا کنونشن میں سوشل میڈیا ایکٹوسٹ کم جب کہ قیمے والے نان اور بریانی ایکٹوسٹ زیادہ شرکت کرتے ہیں۔😂😂,"[1.0259425640106201, 0.8864864110946655, 0.4112813472747803, 0.36352047324180603, 0.6059636473655701, 0.5400331616401672]"
urd_47da759a685605615647a58da8116597,قادیانیوں کی ویڈیوز لگا کر کیا ہم خود قادیانیت کو پروموٹ نہی کر رہے؟,1,1,0,1,1,0,urd,[LANG=urd] قادیانیوں کی ویڈیوز لگا کر کیا ہم خود قادیانیت کو پروموٹ نہی کر رہے؟,"[1.0837147235870361, 0.6542161107063293, 0.2760562300682068, 0.19801978766918182, 0.4739968180656433, 0.3194795548915863]"
urd_fcc5dc35c84728fc01a834f7643e7023,کراچی میں شیعہ سنی فسادات کو میں نے بند کروایا ۔ الطاف حسین #RangersInHyderabad,0,0,0,0,0,0,urd,[LANG=urd] کراچی میں شیعہ سنی فسادات کو میں نے بند کروایا ۔ الطاف حسین #RangersInHyderabad,"[-0.9965548515319824, -1.154136300086975, -1.7971206903457642, -1.3438260555267334, -1.3383398056030273, -1.4999138116836548]"
urd_fd29910131286e996b95084d1212d6db,ظالموں اورکرپٹ اشرافیہ کی وجہ سےپاکستان کابچہ بچہ مقروض ہے،سراج الحق,1,1,1,1,1,1,urd,[LANG=urd] ظالموں اورکرپٹ اشرافیہ کی وجہ سےپاکستان کابچہ بچہ مقروض ہے،سراج الحق,"[0.9685446619987488, 0.7281343340873718, 0.03892996907234192, 0.7443643808364868, 0.16284839808940887, 0.3232738971710205]"
urd_0f0348bc4064e5eb44cf8e57adfea028,عمران نیازی نے بائیس سال جس نسل پر محنت کی وہ بدبخت تو گستاخ نبی صلی اللّٰہ علیہ وسلم نکلے #تقدس_حرم_نبوی,1,1,1,1,1,1,urd,[LANG=urd] عمران نیازی نے بائیس سال جس نسل پر محنت کی وہ بدبخت تو گستاخ نبی صلی اللّٰہ علیہ وسلم نکلے #تقدس_حرم_نبوی,"[0.979957103729248, 0.9182105660438538, 0.8715661764144897, 1.1335673332214355, 0.7619394659996033, 0.5014855265617371]"
urd_404a87313fba550e121921fbc5154c0f,مولانا صاحب کا آزادی مارچ ھونا چاھئے یا نہیں #شیردل_انصارالاسلام,0,0,0,0,0,0,urd,[LANG=urd] مولانا صاحب کا آزادی مارچ ھونا چاھئے یا نہیں #شیردل_انصارالاسلام,"[-1.3682504892349243, -0.9387837052345276, -1.6525870561599731, -1.4633545875549316, -1.2001605033874512, -1.0908958911895752]"
urd_df02b43104d06c22c66e7fcb6f450844,پاکستان کو آگ لگانے کا خواہشمند یہ گھٹیا انسان ہی پاکستان کا سب سے بڑا دشمن ہے #ShRasheedEnemyOfPak,1,1,1,1,1,1,urd,[LANG=urd] پاکستان کو آگ لگانے کا خواہشمند یہ گھٹیا انسان ہی پاکستان کا سب سے بڑا دشمن ہے #ShRasheedEnemyOfPak,"[1.7688556909561157, 2.1723291873931885, 1.5513172149658203, 2.2943594455718994, 1.5527446269989014, 1.6276637315750122]"
urd_7f547f922331e8c0baece33b07cba480,نام نہاد لبرلز عمران خان سے ناراض کیوں - @USER,0,0,0,0,0,0,urd,[LANG=urd] نام نہاد لبرلز عمران خان سے ناراض کیوں - @USER,"[-0.6556740999221802, 0.6463544964790344, -1.4051014184951782, -0.2101168930530548, -0.9584419131278992, -0.7772231101989746]"
urd_6cceb472402cb02b6dbd7ce4bd0a244e,پشتونوں کےبلاک شناختی کارڈزیادہ اسلیےہیں کہ35لاکھ افغان پاکستان آئے،وزیرداخلہ,0,0,0,0,0,0,urd,[LANG=urd] پشتونوں کےبلاک شناختی کارڈزیادہ اسلیےہیں کہ35لاکھ افغان پاکستان آئے،وزیرداخلہ,"[-1.8872953653335571, -2.5701799392700195, -2.685964345932007, -2.56150221824646, -2.7536392211914062, -2.519359827041626]"
urd_9b482a7762df45ead0296e498bf06ae3,جمہوری نظام کے علاوہ کوئی نظام ملک کو مضبوط نہیں رکھ سکتا، وزیرخارجہ -,0,0,0,0,0,0,urd,[LANG=urd] جمہوری نظام کے علاوہ کوئی نظام ملک کو مضبوط نہیں رکھ سکتا، وزیرخارجہ -,"[-2.292498826980591, -2.339779853820801, -2.687929391860962, -1.9939830303192139, -2.64399790763855, -1.9153212308883667]"
urd_18500e081c615603ff80e99b287b2bf8,چھوڑ جائیں گے ورثے میں تحفظ ناموس نبی ﷺ کا مشن ہم کیا ہماری نسلیں بھی پکاریں گی لبیک یَارَسُول اللّٰہ ﷺ,0,0,0,0,0,0,urd,[LANG=urd] چھوڑ جائیں گے ورثے میں تحفظ ناموس نبی ﷺ کا مشن ہم کیا ہماری نسلیں بھی پکاریں گی لبیک یَارَسُول اللّٰہ ﷺ,"[-2.2895796298980713, -2.1970531940460205, -2.4169065952301025, -2.109567403793335, -2.2994956970214844, -2.4535415172576904]"
urd_4b4d56916119bfc75c9f368c3dd4aa37,2013ء کی نسبت آج پاکستان زیادہ ترقی یافتہ ،خوشحال ،پرامن او رروشن ہے۔وزیراعلیٰ پنجاب محمد شہبازشریف,0,0,0,0,0,0,urd,[LANG=urd] 2013ء کی نسبت آج پاکستان زیادہ ترقی یافتہ ،خوشحال ،پرامن او رروشن ہے۔وزیراعلیٰ پنجاب محمد شہبازشریف,"[-1.6697431802749634, -2.9241247177124023, -3.216442823410034, -3.0876388549804688, -2.8265719413757324, -2.9573843479156494]"
urd_b1e850321b9fb5b6736ec18f635e2436,#لغویات_نیازی  رسوائے زمانہ  مادر پدر آزاد دین فروش  ذلّت مآب آف غیر قانونی بنی گالا کے  #فرموداد_چوتیاپے میں ایک نیا اضافہ @USER,1,1,1,1,1,1,urd,[LANG=urd] #لغویات_نیازی  رسوائے زمانہ  مادر پدر آزاد دین فروش  ذلّت مآب آف غیر قانونی بنی گالا کے  #فرموداد_چوتیاپے میں ایک نیا اضافہ @USER,"[1.7772316932678223, 2.3023910522460938, 1.3749040365219116, 2.151608943939209, 1.5207600593566895, 1.5104342699050903]"
urd_f2674a1e07639286355d18ab8a944dfc,تحریک لبیک محب وطن بھی ہے اور غیرت مند بھی #Anti_Islam_PTI_NoMore,1,1,1,1,1,1,urd,[LANG=urd] تحریک لبیک محب وطن بھی ہے اور غیرت مند بھی #Anti_Islam_PTI_NoMore,"[1.6816496849060059, 1.6155979633331299, 1.015802264213562, 1.6172633171081543, 1.2614445686340332, 1.363027811050415]"
urd_8ff35c1b07353665badacf3f2dbbe8aa,اہل علم احبابِ سے اطلاع موصول ہوئی ہے کہ گستاخ رسول شاتم رسول سلمان رشدی جہنم میں پہنچ گیا  💓 #Labbaik_Faizabad,1,1,1,1,1,1,urd,[LANG=urd] اہل علم احبابِ سے اطلاع موصول ہوئی ہے کہ گستاخ رسول شاتم رسول سلمان رشدی جہنم میں پہنچ گیا  💓 #Labbaik_Faizabad,"[0.404532253742218, 1.165963888168335, 0.7422091364860535, 1.4514912366867065, 0.528516948223114, 0.7783112525939941]"
urd_078ae39b9da1a151e83f029c39db93dc,#CorneredTigers چوہا۔ شہباز شریف نے اچکن سلوا لی تھی، ہاہاہاہاہاہا یہ چوہا امریکنوں کو ناراض نہ کرتا شہبازشریف کا نام چیری بلاسم,1,1,1,1,1,1,urd,[LANG=urd] #CorneredTigers چوہا۔ شہباز شریف نے اچکن سلوا لی تھی، ہاہاہاہاہاہا یہ چوہا امریکنوں کو ناراض نہ کرتا شہبازشریف کا نام چیری بلاسم,"[1.4954309463500977, 2.1262264251708984, 1.6294320821762085, 2.1919944286346436, 1.488156795501709, 1.5976744890213013]"
urd_3d15883a23f2520b53fc847a9e2b5c00,واہگہ بارڈر پر حملہ یہ ثابت کرتا ہے کہ فوج کو اب واہگہ پر جلسے جلوس کرنے کی اجازت نہیں دینی چاہئیے دیسی لبرل,1,1,0,1,0,1,urd,[LANG=urd] واہگہ بارڈر پر حملہ یہ ثابت کرتا ہے کہ فوج کو اب واہگہ پر جلسے جلوس کرنے کی اجازت نہیں دینی چاہئیے دیسی لبرل,"[1.889209270477295, 2.1069400310516357, 1.5377663373947144, 1.6808826923370361, 1.5548629760742188, 1.5021356344223022]"
urd_13ec0e74d571239d6ec42c486d64a450,آئین کی اٹھارویں ترمیم کے مطابق جو چیز جس صوبے سے نکلے اس صوبے کا اس پر حق پہلے ہے ـ پھر سندھ میں گیس لوڈشیڈنگ کیوں؟,0,0,0,0,0,0,urd,[LANG=urd] آئین کی اٹھارویں ترمیم کے مطابق جو چیز جس صوبے سے نکلے اس صوبے کا اس پر حق پہلے ہے ـ پھر سندھ میں گیس لوڈشیڈنگ کیوں؟,"[-0.9378136992454529, -1.044840931892395, -1.0306450128555298, -0.8719310760498047, -0.9804715514183044, -0.7029921412467957]"
urd_553293e12ec2242b11174571b2b022aa,رؤف کلاسرا مشکل میں : مبینہ ” زرد صحافت “ پر نوٹس جاری #RaufKlasra #Notice #Alleged #YellowJournalism @USER,1,1,0,0,0,1,urd,[LANG=urd] رؤف کلاسرا مشکل میں : مبینہ ” زرد صحافت “ پر نوٹس جاری #RaufKlasra #Notice #Alleged #YellowJournalism @USER,"[-0.4336901903152466, 0.29643163084983826, -1.22968327999115, 0.4598070979118347, -0.8710997700691223, -1.206938624382019]"
urd_b22959d2a7107035137d7b3c41e08469,لانگ مارچ کی استقبالی تیاری کون  کرے گا؟؟؟,0,0,0,0,0,0,urd,[LANG=urd] لانگ مارچ کی استقبالی تیاری کون  کرے گا؟؟؟,"[-2.882681369781494, -2.9703445434570312, -3.0293052196502686, -2.765012741088867, -2.9435927867889404, -2.4735825061798096]"
urd_fb774c8bae7ff2a353a49c8f6648c798,سانحہ قصبہ عليگڑھ  1986 ! مہاجروں نسل کشی کو 28 سال گزر گئے اور انصاف نہيں ملا ! کليم الطافی~   #QasbaAligarhMassacre @USER @USER,0,0,0,0,0,0,urd,[LANG=urd] سانحہ قصبہ عليگڑھ  1986 ! مہاجروں نسل کشی کو 28 سال گزر گئے اور انصاف نہيں ملا ! کليم الطافی~   #QasbaAligarhMassacre @USER @USER,"[-1.8465182781219482, -1.2945016622543335, -2.5788938999176025, -1.4585124254226685, -1.6185965538024902, -1.662187933921814]"
urd_ce2cc649de501f365a022ebb7813c15f,واشنگٹن: اسرائیل امریکاکابڑااتحادی ہے،ترجمان وائٹ ہاؤس,0,0,0,0,0,0,urd,[LANG=urd] واشنگٹن: اسرائیل امریکاکابڑااتحادی ہے،ترجمان وائٹ ہاؤس,"[-2.77174711227417, -2.886977434158325, -3.45182466506958, -2.700417995452881, -2.9804868698120117, -2.681462526321411]"
urd_9d7ed2659bb0952cc2e6349e86c9876b,مغربی معاشرے کی برائیوں کو اپنے ملک میں جڑیں مضبوط نا کرنے دیں، #SayNoToValentinesDay,1,1,1,1,1,1,urd,[LANG=urd] مغربی معاشرے کی برائیوں کو اپنے ملک میں جڑیں مضبوط نا کرنے دیں، #SayNoToValentinesDay,"[0.9937698841094971, 1.1810041666030884, 0.10649624466896057, 1.024565577507019, 0.698086142539978, 0.8131647706031799]"
urd_8ffa7b3eca98b10f59d0f9c98b2c8beb,عمران خان،مراد سعید اور حمزہ عباسی ہم جنس پرست ہیں،اسکی تصدیق والی ویڈیو جلد ریلیز کرو گا:ہیکر کا اعلان,1,1,1,1,1,1,urd,[LANG=urd] عمران خان،مراد سعید اور حمزہ عباسی ہم جنس پرست ہیں،اسکی تصدیق والی ویڈیو جلد ریلیز کرو گا:ہیکر کا اعلان,"[-0.4905751347541809, -0.2083490639925003, -0.8800756931304932, -0.6700772047042847, -0.5151421427726746, -0.607643187046051]"
urd_481de21533e2820157699ba062e12355,مریم پھنس گئی جی ایچ کیو میں,1,1,1,1,1,1,urd,[LANG=urd] مریم پھنس گئی جی ایچ کیو میں,"[0.7744138240814209, 1.2431881427764893, 0.599082350730896, 0.45227113366127014, 0.66458660364151, 0.7434809803962708]"
urd_cbb25df57472388e20b9d591eb766eb5,مسلمانوں کا نیا سال محرم الحرام سے شروع ہوتاہے کہیں یہود و نصاریٰ کی چال میں آکر 31 دسمبر کی رات جشن مت منانے لگ جانا ہم مسلم ہیں,1,1,1,1,1,1,urd,[LANG=urd] مسلمانوں کا نیا سال محرم الحرام سے شروع ہوتاہے کہیں یہود و نصاریٰ کی چال میں آکر 31 دسمبر کی رات جشن مت منانے لگ جانا ہم مسلم ہیں,"[1.702075719833374, 1.4373869895935059, 1.1779052019119263, 1.1767194271087646, 1.2814233303070068, 1.126623511314392]"
urd_ba9d4ea0b649d3777c7ed51aa6257db7,_ _ ہندو ، مُسلم ، سِکھ ، @URL سب نُوں جوڑے وائی فائی . . . \,0,0,0,0,0,0,urd,[LANG=urd] _ _ ہندو ، مُسلم ، سِکھ ، @URL سب نُوں جوڑے وائی فائی . . . \,"[-1.3432390689849854, -2.6478254795074463, -2.9690918922424316, -1.9368877410888672, -2.8061180114746094, -2.6743900775909424]"
urd_fd944aea2d0f13914f999459818200dc,اسرائیل کے ساتھ ہمارے تعلقات نہیں ہیں،سعودی وزیرخارجہ,0,0,0,0,0,0,urd,[LANG=urd] اسرائیل کے ساتھ ہمارے تعلقات نہیں ہیں،سعودی وزیرخارجہ,"[-1.7038058042526245, -1.4819175004959106, -2.315401077270508, -1.0529992580413818, -1.5326271057128906, -0.8809923529624939]"
urd_bb39f78577fc29d80de30dc43482f0de,پختونوں کی نسل کشی جاری ہیں زرہ سوچئے #ZhobDemandsJustice4PTM,1,1,1,1,1,1,urd,[LANG=urd] پختونوں کی نسل کشی جاری ہیں زرہ سوچئے #ZhobDemandsJustice4PTM,"[0.1696120649576187, 0.1599939912557602, -0.3431034982204437, 0.45741140842437744, 0.12493142485618591, -0.1635574847459793]"
urd_8636da7517e56150f58fb2dc495f0d0c,اس جرم کی صرف ایک سزا سر تن سے جدا #HowToStopChildAbuse,1,1,1,1,1,1,urd,[LANG=urd] اس جرم کی صرف ایک سزا سر تن سے جدا #HowToStopChildAbuse,"[1.3147943019866943, 1.5089261531829834, 1.530120849609375, 1.5474481582641602, 1.1064484119415283, 1.301286220550537]"
urd_fb1dfe7b478b7e0d9b09dc18b662ddc4,بلوچوں اور سندھیوں کے قاتل مشرف اپنی بکواس بند کرو۔۔۔۔۔۔۔,1,1,1,1,1,1,urd,[LANG=urd] بلوچوں اور سندھیوں کے قاتل مشرف اپنی بکواس بند کرو۔۔۔۔۔۔۔,"[1.6051599979400635, 1.8998523950576782, 1.461371898651123, 1.7662842273712158, 1.502485752105713, 1.422881841659546]"
urd_336f4208833e1c3825c03e57ae53c524,پاکستان کی بقاء وسلامتی کیلئےاتحادبین المذاہب، مذہبی رواداری اورفرقہ وارانہ ہم آہنگی وقت کی اہم ضرورت  @USER #RiseForArmy,0,0,0,0,0,0,urd,[LANG=urd] پاکستان کی بقاء وسلامتی کیلئےاتحادبین المذاہب، مذہبی رواداری اورفرقہ وارانہ ہم آہنگی وقت کی اہم ضرورت  @USER #RiseForArmy,"[-2.4934778213500977, -2.623188018798828, -3.1668789386749268, -2.697922945022583, -2.9445176124572754, -2.8343827724456787]"
urd_b7cd45a4cc05f187db0894cb24024fd0,دیسی لبرل نے تو مرجانا ہے یہ دیکھ کر 😂😂😂 کیونکہ انکے تیر نشانے پہ نہی لگ رہے  #GeneralElections2018  #PakistanZindabad @USER,1,1,1,1,1,1,urd,[LANG=urd] دیسی لبرل نے تو مرجانا ہے یہ دیکھ کر 😂😂😂 کیونکہ انکے تیر نشانے پہ نہی لگ رہے  #GeneralElections2018  #PakistanZindabad @USER,"[1.8203328847885132, 1.9235814809799194, 1.3705769777297974, 1.6894962787628174, 1.3672912120819092, 1.4979326725006104]"
urd_5ec44fc17b245793fe85cf69eae37347,پی پی والے بھی عجیب @USER نہیں مانا تو مجیب الرحمان کا اصلی مینڈیٹ نہیں مانا اور اب نورے کے جعلی مینڈیٹ کو بچانے کے لیے خود کو تباہ کر رہے,1,1,1,1,1,1,urd,[LANG=urd] پی پی والے بھی عجیب @USER نہیں مانا تو مجیب الرحمان کا اصلی مینڈیٹ نہیں مانا اور اب نورے کے جعلی مینڈیٹ کو بچانے کے لیے خود کو تباہ کر رہے,"[1.645810604095459, 1.858812928199768, 1.3447293043136597, 1.427585244178772, 1.4471707344055176, 1.3653024435043335]"
urd_706376beb6066e08f734682ad089a074,تقریر سے کچھ نہیں ہوتا مولوی ڈیزل نے اپنی زیبرا فورس کشمیر میں اتارنے کا اعلان کر دیا 😋,1,1,1,1,1,1,urd,[LANG=urd] تقریر سے کچھ نہیں ہوتا مولوی ڈیزل نے اپنی زیبرا فورس کشمیر میں اتارنے کا اعلان کر دیا 😋,"[1.4690614938735962, 1.8154367208480835, 1.5264805555343628, 1.412508249282837, 1.2406690120697021, 1.2796396017074585]"
urd_bb19676d8c8967378b83f5f02e2f398e,اگر بےحجاب کھلے سر اور تنگ کپڑے پہن کر اپنے جسم کی نمائش کرنا ماڈرن ازم کہلاتا ہے تو جانور سے زیادہ ماڈرن تو کوئی نہ ہوا⁦🙏,1,1,1,1,1,1,urd,[LANG=urd] اگر بےحجاب کھلے سر اور تنگ کپڑے پہن کر اپنے جسم کی نمائش کرنا ماڈرن ازم کہلاتا ہے تو جانور سے زیادہ ماڈرن تو کوئی نہ ہوا⁦🙏,"[1.644288420677185, 1.7330924272537231, 1.9024112224578857, 1.8971079587936401, 1.462836742401123, 1.721492052078247]"
urd_891f3eee1e5bae473a07391cfa712c06,مام نہاد پرائیویٹ اسکولوں جن کا مقصد صرف مغربی تہذیب کو پھیلانا جہاں ٹیچرز ماڈل کی طرح تیار ہوکے آتی ہیں بےحیائی ہور بے پردگی پھیلتی ہین😭😭,1,1,1,1,1,1,urd,[LANG=urd] مام نہاد پرائیویٹ اسکولوں جن کا مقصد صرف مغربی تہذیب کو پھیلانا جہاں ٹیچرز ماڈل کی طرح تیار ہوکے آتی ہیں بےحیائی ہور بے پردگی پھیلتی ہین😭😭,"[1.8922398090362549, 1.7455867528915405, 1.4086300134658813, 1.6738450527191162, 1.3972225189208984, 1.3525744676589966]"
urd_a68963af1f1ac93fe4d43d9c8a350585,کیتھولک مشائخ طلاق اور ہم جنس پرستی کے موضوعات پر متفق نہیں @USER @USER URDU,0,0,0,0,0,0,urd,[LANG=urd] کیتھولک مشائخ طلاق اور ہم جنس پرستی کے موضوعات پر متفق نہیں @USER @USER URDU,"[0.025200042873620987, 0.019805699586868286, -0.634718656539917, -0.6374082565307617, -0.01895570009946823, -0.2963923513889313]"
urd_a4093a1b35806deb91aa56e60ae4b9ea,ایک تہائی برطانوی نسلی تعصب رکھتے ہیں: سروے,1,0,1,0,0,1,urd,[LANG=urd] ایک تہائی برطانوی نسلی تعصب رکھتے ہیں: سروے,"[-0.49691691994667053, -1.934693694114685, -2.0376038551330566, -1.7793865203857422, -1.3829965591430664, -1.6133028268814087]"
urd_8e07434e366e3b6a911d236dc02e16fc,جو آدمی مشرف کو بدکردار،بےغیرت اور پھانسی کے لائق نہیں سمجھتا،وہ پاکستانی بےغیرت ہے:محمود خان اچکزئی #StopTargetKillingInPakhtunkhwa,1,1,1,1,1,1,urd,[LANG=urd] جو آدمی مشرف کو بدکردار،بےغیرت اور پھانسی کے لائق نہیں سمجھتا،وہ پاکستانی بےغیرت ہے:محمود خان اچکزئی #StopTargetKillingInPakhtunkhwa,"[1.6333339214324951, 1.7822632789611816, 1.60248863697052, 2.2940077781677246, 1.512966275215149, 1.599877953529358]"
urd_ff02fc10add6be65ba664967d66e9de8,جو حضرت معاویہ پرخاموشی کی  بجائے لعٰن تعٰن کرے وہ رافضی ہے اور جو حضرت معاویہ کی شان کے قصیدے پڑھے وہ خوارجی ہے #ڈاکٹرطاہرالقادری #ItikafCity2018,1,1,1,1,1,1,urd,[LANG=urd] جو حضرت معاویہ پرخاموشی کی  بجائے لعٰن تعٰن کرے وہ رافضی ہے اور جو حضرت معاویہ کی شان کے قصیدے پڑھے وہ خوارجی ہے #ڈاکٹرطاہرالقادری #ItikafCity2018,"[0.9041923880577087, 0.9697399139404297, 0.7008093595504761, 1.061431646347046, 0.7157045006752014, 0.6087649464607239]"
urd_4cf020ebb9ea66241184a26d17f1c74c,لندن پلان ایک الزام ہے۔ لندن کے پاس سے ہی کبھی نہیں گزرا۔ #ImranKhanJokes,1,1,1,1,1,1,urd,[LANG=urd] لندن پلان ایک الزام ہے۔ لندن کے پاس سے ہی کبھی نہیں گزرا۔ #ImranKhanJokes,"[-1.9916092157363892, -1.4859219789505005, -1.726488709449768, -1.7142993211746216, -1.700240135192871, -1.8669651746749878]"
urd_77a797e8d24343340a97c5fdb0ef93c1,نمک حرام افغانیوں کا بلکل صحیح علاج 👇 @USER,1,1,1,1,1,1,urd,[LANG=urd] نمک حرام افغانیوں کا بلکل صحیح علاج 👇 @USER,"[1.7073564529418945, 1.8038955926895142, 1.4608056545257568, 1.9450949430465698, 1.320674180984497, 1.3754674196243286]"
urd_78a3ecc6d7d0a4b90b188239705265ab,عہد کیجئے!! زندگی کی آخری سانس تک تحفظ ناموس رسالت تحفظ ختم نبوت و تحفظ ناموس صحابہ کی جنگ لڑتے رہیں گے ان شاء اللّہ,0,0,0,0,0,0,urd,[LANG=urd] عہد کیجئے!! زندگی کی آخری سانس تک تحفظ ناموس رسالت تحفظ ختم نبوت و تحفظ ناموس صحابہ کی جنگ لڑتے رہیں گے ان شاء اللّہ,"[-2.1172409057617188, -1.878591537475586, -2.7876808643341064, -1.7542099952697754, -2.412266492843628, -2.728670120239258]"
urd_2114cfc4bcd08ba5195428c0c48a4410,کٹھ پتلی حکمران وہاں کامیاب ہوتے ہیں جہاں پر نیچے ادارے اور سسٹم مضبوط ہو💡,0,0,0,0,0,0,urd,[LANG=urd] کٹھ پتلی حکمران وہاں کامیاب ہوتے ہیں جہاں پر نیچے ادارے اور سسٹم مضبوط ہو💡,"[1.7594146728515625, 1.8633617162704468, 1.659617304801941, 1.7829525470733643, 1.4168894290924072, 1.6917567253112793]"
urd_0a5b1436a5b89b7a07b8f663cad498ba,ایک قلم فروش صحافی ، بازار میں بیٹھی طائف سے بھی پرے ھے ۔ #چاپلوس_میر,1,1,1,1,1,1,urd,[LANG=urd] ایک قلم فروش صحافی ، بازار میں بیٹھی طائف سے بھی پرے ھے ۔ #چاپلوس_میر,"[0.09060361981391907, 0.2285711169242859, -0.27091050148010254, -0.5128887891769409, -0.39603084325790405, -0.461127907037735]"
urd_213c86aa8d36087ef80a5ab54059a9ba,یہ ملک بارہ کروڑ نسل پرست پنجابیوں کاہےمیں اورآپ خوامخواہ وقت ضائع کررہےہیں جس کے جو جی میں آتاہےکہہ دیتاہے #KarachiWalayMakheeNahinHain,1,1,1,1,1,1,urd,[LANG=urd] یہ ملک بارہ کروڑ نسل پرست پنجابیوں کاہےمیں اورآپ خوامخواہ وقت ضائع کررہےہیں جس کے جو جی میں آتاہےکہہ دیتاہے #KarachiWalayMakheeNahinHain,"[1.593097448348999, 1.301345705986023, 0.9893435835838318, 1.131243348121643, 0.9497852921485901, 0.973614513874054]"
urd_b2eaa36064e3e4d44366bc8d1416a9ad,یہ Post روکنی نہی چاہیے 👉 قادیانی کافر تھے ہیں کافر ہی رھیں گے⁦🖐️⁩🙌👉,1,1,1,1,1,1,urd,[LANG=urd] یہ Post روکنی نہی چاہیے 👉 قادیانی کافر تھے ہیں کافر ہی رھیں گے⁦🖐️⁩🙌👉,"[1.3819330930709839, 1.6751168966293335, 1.322142481803894, 1.8545799255371094, 1.3025481700897217, 1.6595401763916016]"
urd_f9b394beea1a6c4274ecef0a4573a834,جعلی مینڈیٹ کوتسلیم نہیں کیا اب بھی نہیں کریں گے ایسے نااہل حکمران رہے تو پاکستان کا مستقبل کیسا ہوگا، 👇 فضل الرحمان #نااہلوں_کی_حکومت,1,1,1,1,1,1,urd,[LANG=urd] جعلی مینڈیٹ کوتسلیم نہیں کیا اب بھی نہیں کریں گے ایسے نااہل حکمران رہے تو پاکستان کا مستقبل کیسا ہوگا، 👇 فضل الرحمان #نااہلوں_کی_حکومت,"[0.926399827003479, 0.963828980922699, 0.6183673143386841, 0.665664792060852, 0.650597870349884, 0.5007526278495789]"
urd_361c73e81a3866717deacfe90c818a86,#HitlerModiStopKillingIOK انڈیا میں عیسائی ، سکھ ، زات پات اور دیگر مذہبی منافرت سے متاثر اقلیتوں پر ظلم اور تشدد ہندؤ پسند تنظیم آر ایس ایس کی جانب سے ہے۔,1,1,1,1,1,1,urd,[LANG=urd] #HitlerModiStopKillingIOK انڈیا میں عیسائی ، سکھ ، زات پات اور دیگر مذہبی منافرت سے متاثر اقلیتوں پر ظلم اور تشدد ہندؤ پسند تنظیم آر ایس ایس کی جانب سے ہے۔,"[1.688897967338562, 2.022641897201538, 1.386148452758789, 1.734292984008789, 1.311502456665039, 1.4707709550857544]"
urd_f475e103fd80551d3fd84da663de5de4,لبرلزم اور سیکولرزم نے انسان کے دل سے اطمینان کو ختم اور روحانی اطمینان سے محروم کر دیا۔ سراج الحق @USER,1,1,1,1,1,1,urd,[LANG=urd] لبرلزم اور سیکولرزم نے انسان کے دل سے اطمینان کو ختم اور روحانی اطمینان سے محروم کر دیا۔ سراج الحق @USER,"[1.3767554759979248, 1.4476372003555298, 0.8317232131958008, 1.172512173652649, 0.9968644976615906, 0.9692600965499878]"
urd_21f20624fddf334ab50e72580fdaff8a,حکومت نے transgender ہم جنس پرستی کا بل منظور کر لیا۔ جس کو  pti نے 4 سال روکے رکھا اب ن لیگ نے آتے ہی قانون بنادیا ۔ Shame on you,1,1,1,1,1,1,urd,[LANG=urd] حکومت نے transgender ہم جنس پرستی کا بل منظور کر لیا۔ جس کو  pti نے 4 سال روکے رکھا اب ن لیگ نے آتے ہی قانون بنادیا ۔ Shame on you,"[0.7987234592437744, 0.9646192193031311, 0.6360676288604736, 0.60640549659729, 0.7577568888664246, 0.694083034992218]"
urd_201f7c46e6b0e05a74ac19da419b18ba,آرمی کے خلاف بھونکنے، ملک کو آگ لگانے اور انشتار پھیلانے والوں کی ایک ہی سزا،  سر تن سے جدا، سر تن سے جدا لبیک، لبیک، لبیک یا رسول اللہ,1,0,0,1,0,0,urd,[LANG=urd] آرمی کے خلاف بھونکنے، ملک کو آگ لگانے اور انشتار پھیلانے والوں کی ایک ہی سزا،  سر تن سے جدا، سر تن سے جدا لبیک، لبیک، لبیک یا رسول اللہ,"[1.8053838014602661, 2.097715377807617, 1.4810880422592163, 2.0760996341705322, 1.3816235065460205, 1.3223224878311157]"
urd_51a3eb373126403491b1e8fca136c1fe,جن لوگوں نے قوم کا پیسہ لوٹا ان کے اثاثے نیلام کرکے ان کو ڈی چوک میں پھانسی دے جائے۔ سعید مراد کی قومی اسمبلی میں پرجوش تقریر جاری @URL,1,1,1,1,1,1,urd,[LANG=urd] جن لوگوں نے قوم کا پیسہ لوٹا ان کے اثاثے نیلام کرکے ان کو ڈی چوک میں پھانسی دے جائے۔ سعید مراد کی قومی اسمبلی میں پرجوش تقریر جاری @URL,"[1.1612358093261719, 1.0694326162338257, 0.7387148141860962, 0.9943656325340271, 0.7886673808097839, 0.6246212124824524]"
urd_2ce9472a326369ef478c39ea1fa68e94,لفافہ صحافت اور گندے صحافیوں کے ہوتے ہوئے پاکستان کو کسی اور دشمن کی ضرورت نہیں ہے ۔ پاکستان اور پاکستانی اداروں کو نقصان پہنچانے والے یہی لوگ #SayNoToFakeJournalism,1,1,1,1,1,1,urd,[LANG=urd] لفافہ صحافت اور گندے صحافیوں کے ہوتے ہوئے پاکستان کو کسی اور دشمن کی ضرورت نہیں ہے ۔ پاکستان اور پاکستانی اداروں کو نقصان پہنچانے والے یہی لوگ #SayNoToFakeJournalism,"[1.893127679824829, 2.0134623050689697, 1.4663549661636353, 2.0286865234375, 1.5420544147491455, 1.538210153579712]"
urd_efdb8f43af38b16137ea8c388f06542a,ہم ڈھیٹ قوم ہیں ہم نیم مردہ قوم ہیں ہم سب کی ہے یہ پہچان کرپٹ حکمران کرپٹ حکمران,1,1,1,1,1,1,urd,[LANG=urd] ہم ڈھیٹ قوم ہیں ہم نیم مردہ قوم ہیں ہم سب کی ہے یہ پہچان کرپٹ حکمران کرپٹ حکمران,"[1.4562489986419678, 1.3416287899017334, 0.8083528280258179, 1.2891569137573242, 0.9853008985519409, 0.8217846155166626]"
urd_81ea09369b9e51d3fd4148a41372818f,رجسٹرار سپریم کورٹ جج کی آنکھوں میں آنکھے ڈالنا بھی توہین عدالت کے زمرے آتاہیں ☎🔨🔨 اصّل گاڈ فادر کون ہوا سارا زور اس نکتے پر ہیں ۔,1,1,1,1,1,1,urd,[LANG=urd] رجسٹرار سپریم کورٹ جج کی آنکھوں میں آنکھے ڈالنا بھی توہین عدالت کے زمرے آتاہیں ☎🔨🔨 اصّل گاڈ فادر کون ہوا سارا زور اس نکتے پر ہیں ۔,"[0.7611448168754578, 0.8775033950805664, 0.5981301665306091, 0.6117379069328308, 0.5261811017990112, 0.6317789554595947]"
urd_3fc2e7e1a8ffc078a1c05c1414076f86,#BanHumStyleAward #NoToVulgarity بے حیا حکمرانوں کے بے حیا ٹی وی چینل کے بے حیا ایوارڈ کی بے حیائ پر اہل اسلام کی طرف سے لعنت قبول ہو,1,1,1,1,1,1,urd,[LANG=urd] #BanHumStyleAward #NoToVulgarity بے حیا حکمرانوں کے بے حیا ٹی وی چینل کے بے حیا ایوارڈ کی بے حیائ پر اہل اسلام کی طرف سے لعنت قبول ہو,"[1.6158506870269775, 2.1414477825164795, 1.4246593713760376, 2.2217459678649902, 1.4494810104370117, 1.4320340156555176]"
urd_72a84204e57fd9a2ba1c5fa69160f3a4,باجوہ ڈاکٹرائن میں 18ویں ترمیم نہیں ہے، ترجمان پاک فوج,0,0,0,0,0,0,urd,[LANG=urd] باجوہ ڈاکٹرائن میں 18ویں ترمیم نہیں ہے، ترجمان پاک فوج,"[-3.3206753730773926, -2.662867307662964, -3.101097822189331, -2.754333734512329, -3.0637919902801514, -2.9556000232696533]"
urd_8c4b333f0ea044617c2175a9cbddfb59,میاں صاحب نے سلیکٹرز کے کانوں کے نیچے چپیڑیں ماری ہیں ۔۔,1,1,0,1,1,1,urd,[LANG=urd] میاں صاحب نے سلیکٹرز کے کانوں کے نیچے چپیڑیں ماری ہیں ۔۔,"[1.8031102418899536, 2.0495195388793945, 1.4971486330032349, 1.9564294815063477, 1.4598150253295898, 1.4941238164901733]"
urd_a8c78aff9ef6f7b04b7163d5fc4310cb,صیہونی فوجیوں کی فائرنگ سے غرب اردن میں ایک اور فلسطینی نو جوان شہید مقبوضہ فلسطین میں صیہونی فوجیوں کی نہتے فلسطینیوں کے خلاف کارروائیاں …,0,0,0,0,0,0,urd,[LANG=urd] صیہونی فوجیوں کی فائرنگ سے غرب اردن میں ایک اور فلسطینی نو جوان شہید مقبوضہ فلسطین میں صیہونی فوجیوں کی نہتے فلسطینیوں کے خلاف کارروائیاں …,"[-2.010972499847412, -1.5072726011276245, -2.0364325046539307, -1.7476310729980469, -1.7178881168365479, -1.9676846265792847]"
urd_f8502d2c32a7ce8cede556adf6259f1c,چوروں۔ ڈاکوؤں اور مافیاز کی موت صدارتی نظام کا نفاذ #بقائے_پاکستان_صدارتی_نظام,1,1,1,1,1,1,urd,[LANG=urd] چوروں۔ ڈاکوؤں اور مافیاز کی موت صدارتی نظام کا نفاذ #بقائے_پاکستان_صدارتی_نظام,"[1.8853058815002441, 2.064720630645752, 1.522627830505371, 1.935712218284607, 1.5236432552337646, 1.4870810508728027]"
urd_0c23e22f6ea3e20aa26a459be1a4d395,میں عدالت میں اپنی تمام منی ٹریل دے چکا ہوں ،عمران خان,0,0,0,0,0,0,urd,[LANG=urd] میں عدالت میں اپنی تمام منی ٹریل دے چکا ہوں ،عمران خان,"[-2.9367313385009766, -2.717320680618286, -3.427058219909668, -2.4791064262390137, -2.95391845703125, -2.5596697330474854]"
urd_325abee52b5714d287030c8c65d384a7,دھرنوں کی سیاست نہ ہوتی تو100فیصددہشت گردی ختم ہوچکی ہوتی،نوازشریف #Abbtakk,0,0,0,0,0,0,urd,[LANG=urd] دھرنوں کی سیاست نہ ہوتی تو100فیصددہشت گردی ختم ہوچکی ہوتی،نوازشریف #Abbtakk,"[-2.165076732635498, -2.7714874744415283, -3.207568645477295, -2.670987129211426, -2.7570104598999023, -2.441831350326538]"
urd_5389497898f2e932582ef7e6820dca2f,@USER @USER @USER @USER سندھ پر کس دور میں سندھیوں کی حکومت رہی ہے پچھلے 2000 سال میں ؟,0,0,0,0,0,0,urd,[LANG=urd] @USER @USER @USER @USER سندھ پر کس دور میں سندھیوں کی حکومت رہی ہے پچھلے 2000 سال میں ؟,"[-1.6055573225021362, -1.9293991327285767, -2.4579951763153076, -2.155776023864746, -2.209825038909912, -1.825843095779419]"
urd_52eb5a9c892736d31e775e4674f1a432,خائین کذاب جواری زانی ایک ہی ہے یہودی ایجنٹ 🤔,1,1,1,1,1,1,urd,[LANG=urd] خائین کذاب جواری زانی ایک ہی ہے یہودی ایجنٹ 🤔,"[1.6318939924240112, 2.2339367866516113, 1.5288981199264526, 2.193572998046875, 1.4779070615768433, 1.5057839155197144]"
urd_5f808027e463838624799013b813fe0c,ریاستی دہشتگردی_ 100 سے زائد گھر جلائے گئے اور 150 کے لگ بگ بچے اور عورتوں کو دہشت گرد پنجابی فوج نے اپنے ساتھ لے کے فوجی کیمپ میں منتقل @USER ##SaveBalochWomen,1,1,1,1,1,1,urd,[LANG=urd] ریاستی دہشتگردی_ 100 سے زائد گھر جلائے گئے اور 150 کے لگ بگ بچے اور عورتوں کو دہشت گرد پنجابی فوج نے اپنے ساتھ لے کے فوجی کیمپ میں منتقل @USER ##SaveBalochWomen,"[1.490983247756958, 1.2975465059280396, 0.7726775407791138, 1.0504472255706787, 0.6547878980636597, 0.37345176935195923]"
urd_5b7b77eda23f8204982e478f09db8f86,دھرنوں کی سیاست نہ ہوتی توبہت پہلے یہ منصوبہ شروع ہوچکا ہوتا، وزیراعظم #PMinSukkur #NawazSharif #Motorway,0,0,0,0,0,0,urd,[LANG=urd] دھرنوں کی سیاست نہ ہوتی توبہت پہلے یہ منصوبہ شروع ہوچکا ہوتا، وزیراعظم #PMinSukkur #NawazSharif #Motorway,"[-2.0535569190979004, -2.24261736869812, -2.8655247688293457, -2.1753129959106445, -2.5469484329223633, -2.205883741378784]"
urd_71302cfae572e9f10f00331fcce1ce49,گستاخِ رسول ﷺ کی ایک سزا سر تن سے جدا سر تن سے جدا #HangAsiaAsPerLaw #AasiaBibi,0,0,0,0,0,0,urd,[LANG=urd] گستاخِ رسول ﷺ کی ایک سزا سر تن سے جدا سر تن سے جدا #HangAsiaAsPerLaw #AasiaBibi,"[1.7373478412628174, 2.207815408706665, 1.6644850969314575, 2.153879404067993, 1.5496718883514404, 1.5904300212860107]"
urd_7da5d2586f600a105f269ee569948cdd,"#چہرے_نہیں_نظام_بدلو اس نظام کی سب سے بڑی حامی جماعت میگاکرپشن, ہرمنصوبہ ناکام, ماڈل ٹاؤن قتل عام اور جھوٹے دعوے یہ حال رہا سابقہ ن/خون لیگی حکومت کا۔ @USER",0,1,0,0,0,1,urd,"[LANG=urd] #چہرے_نہیں_نظام_بدلو اس نظام کی سب سے بڑی حامی جماعت میگاکرپشن, ہرمنصوبہ ناکام, ماڈل ٹاؤن قتل عام اور جھوٹے دعوے یہ حال رہا سابقہ ن/خون لیگی حکومت کا۔ @USER","[1.357492446899414, 1.5378559827804565, 0.9895211458206177, 1.196943998336792, 1.0477287769317627, 1.0459727048873901]"
urd_4cf34cf3b9b2e0783391248345cc1214,جو اسٹیبلشمنٹ کیساتھ ایڈسجمنٹ نہیں کرتا اسے بلوچوں کی طرح مارا جاتا ہے حویلیاں واقعہ اسی سلسلے کی کڑی ہے #خونی_درندہ_عمران_خان,1,1,1,1,0,0,urd,[LANG=urd] جو اسٹیبلشمنٹ کیساتھ ایڈسجمنٹ نہیں کرتا اسے بلوچوں کی طرح مارا جاتا ہے حویلیاں واقعہ اسی سلسلے کی کڑی ہے #خونی_درندہ_عمران_خان,"[1.836937665939331, 2.0499699115753174, 1.6683074235916138, 1.9619874954223633, 1.5830743312835693, 1.5593100786209106]"
urd_1ad2fea80a86995b2bcb5dfb58d1c68b,) پردہ دار عورت اسلامی معاشرے کو بہتر بنانے میں معاون و مددگار ہے #پردہ_حکم_خداوندی,1,1,1,1,1,1,urd,[LANG=urd] ) پردہ دار عورت اسلامی معاشرے کو بہتر بنانے میں معاون و مددگار ہے #پردہ_حکم_خداوندی,"[1.8837487697601318, 2.0872802734375, 1.5857347249984741, 1.7951186895370483, 1.5843794345855713, 1.6135517358779907]"
urd_3ff0e819f8d1c3d7e72a825ae0ddbecc,""": دھرنوں کی سیاست نے ’’اوئے اوئے‘‘کلچر کوفروغ دیا ، عاصمہ جہانگیر @URL",0,0,0,0,0,0,urd,"[LANG=urd] "": دھرنوں کی سیاست نے ’’اوئے اوئے‘‘کلچر کوفروغ دیا ، عاصمہ جہانگیر @URL","[-1.4890007972717285, -2.047069787979126, -2.4949653148651123, -2.0819835662841797, -2.3962888717651367, -2.2842483520507812]"
urd_379d3bb044cc1302efff232fa34174b6,عمران خان سلیکٹڈ وزیراعظم تھے،شرجیل انعام میمن,1,1,1,1,1,1,urd,[LANG=urd] عمران خان سلیکٹڈ وزیراعظم تھے،شرجیل انعام میمن,"[-2.468590497970581, -2.214226245880127, -3.002926826477051, -2.235092878341675, -3.23146653175354, -2.7874679565429688]"
urd_1a97cb70b098c8b24e2b21877ba06a3b,تحریک انصاف لینڈ مافیا ، شوگر مافیا اور کرپٹ لوگوں پر مشتمل گروہ کا نام ہے، دانیال عزیز #نیازی_حاسدفسادی_چاھےبربادی,1,1,1,1,1,1,urd,[LANG=urd] تحریک انصاف لینڈ مافیا ، شوگر مافیا اور کرپٹ لوگوں پر مشتمل گروہ کا نام ہے، دانیال عزیز #نیازی_حاسدفسادی_چاھےبربادی,"[1.9730709791183472, 2.0121450424194336, 1.3254035711288452, 1.9389026165008545, 1.4238641262054443, 1.5053759813308716]"
urd_8d19e4cf11ff6fbb2a7f8607c22cfd3b,ماروی سرمد اور پنکی پیرنی کا مناظرہ کیسا رہے گا میرا جسم میری مرضی بارے ؟ #MeraJismMeriMarzi,1,1,1,1,1,1,urd,[LANG=urd] ماروی سرمد اور پنکی پیرنی کا مناظرہ کیسا رہے گا میرا جسم میری مرضی بارے ؟ #MeraJismMeriMarzi,"[1.6902011632919312, 2.2060766220092773, 1.5627890825271606, 1.8607439994812012, 1.5224140882492065, 1.557296872138977]"
urd_5648aa757e9fd58cc28e1b292b51a759,الیکشن میں عوام کا مینڈیٹ چوری کیا گیا ۔۔۔ محمد افضل خان #WeWantNStoResignNow #AzadiSquare #IamImran @USER,1,1,0,0,0,0,urd,[LANG=urd] الیکشن میں عوام کا مینڈیٹ چوری کیا گیا ۔۔۔ محمد افضل خان #WeWantNStoResignNow #AzadiSquare #IamImran @USER,"[-0.29897502064704895, -0.07746095210313797, -0.5077424645423889, -0.10407016426324844, -0.4291185140609741, -0.13109485805034637]"
urd_8b5358f33d16ad679e5067d81b6d5600,#صادق_امین_صرف_سراج_الحق زرداری پھر میاں سانپ اور اب کپتان بھی سرٹیفائیڈ چور ثابت,1,1,1,1,1,1,urd,[LANG=urd] #صادق_امین_صرف_سراج_الحق زرداری پھر میاں سانپ اور اب کپتان بھی سرٹیفائیڈ چور ثابت,"[1.5234599113464355, 2.2333195209503174, 1.6039541959762573, 2.122894048690796, 1.4972869157791138, 1.63944411277771]"
urd_98055f56da9ef5116f678aeed7ce43f4,پنجاب اسمبلی میں پی ٹی آئی کی فسطائیت کے خلاف بھرپور احتجاج جاری @USER,0,0,0,0,0,0,urd,[LANG=urd] پنجاب اسمبلی میں پی ٹی آئی کی فسطائیت کے خلاف بھرپور احتجاج جاری @USER,"[0.48069342970848083, 1.0943619012832642, -0.2227075695991516, 0.7947474122047424, -0.22352980077266693, -0.44604676961898804]"
urd_6e783bcef59d31e06aeab40fc0249b6f,چور چوکیدار دونوں پھر سے اکٹھے ہو گئے ہیں. نہ میمو گیٹ رہا اور نہ ہی ڈان لیکس #پاکستان_عمران_خان_کیساتھ,1,1,1,1,1,1,urd,[LANG=urd] چور چوکیدار دونوں پھر سے اکٹھے ہو گئے ہیں. نہ میمو گیٹ رہا اور نہ ہی ڈان لیکس #پاکستان_عمران_خان_کیساتھ,"[1.400581955909729, 2.036470413208008, 1.358193278312683, 1.318899393081665, 1.2594212293624878, 1.285508394241333]"
urd_d245833e136da9c7ad7b4dec7a6802f9,اس کرپٹ نظام کی جگہ انقلانی نظام قائم کرنا ہے تو شخصیت پرستی فرقہ ورانہ قومییت کے بت تو ڑنے ہوں گے,0,0,0,0,0,0,urd,[LANG=urd] اس کرپٹ نظام کی جگہ انقلانی نظام قائم کرنا ہے تو شخصیت پرستی فرقہ ورانہ قومییت کے بت تو ڑنے ہوں گے,"[1.515999674797058, 1.3370672464370728, 1.1509928703308105, 1.06847083568573, 1.1556391716003418, 1.0147676467895508]"
urd_ca4a4db06fbc8ec68644ed6aa9e896a8,گلگت بلتستان والوں اس منافق نے 2018 الیکشن سے پہلے جنوبی پنجاب صوبہ بنانے کا وعدہ بھی کیا تھا,0,1,0,0,0,0,urd,[LANG=urd] گلگت بلتستان والوں اس منافق نے 2018 الیکشن سے پہلے جنوبی پنجاب صوبہ بنانے کا وعدہ بھی کیا تھا,"[1.5374451875686646, 1.7337054014205933, 1.226983666419983, 1.5420796871185303, 1.1650373935699463, 0.969234049320221]"
urd_65dddb0940a4e5f373315179ac6dc0c3,#GameOverNawaz کتے کی سو سالہ زندگی شیر کی ایک دن کی زندگی سے لمبی ھوتی ھے۔ گارڈ فادر,1,1,1,0,0,0,urd,[LANG=urd] #GameOverNawaz کتے کی سو سالہ زندگی شیر کی ایک دن کی زندگی سے لمبی ھوتی ھے۔ گارڈ فادر,"[1.4642117023468018, 1.687317132949829, 1.8689987659454346, 1.849729061126709, 1.2588179111480713, 1.649088978767395]"
urd_9253d06aa98e5aae9ce45fc2e9facd1a,مدینہ کی ریاست کہلانے کے شوقینو۔۔۔ تمہاری ریاست نے گستاخ نبی کو چھوڑ دیا اب یا مدینہ کی ریاست کہلانا چھوڑو یا ناموس رسالت پر پہرہ دو,1,1,1,1,1,1,urd,[LANG=urd] مدینہ کی ریاست کہلانے کے شوقینو۔۔۔ تمہاری ریاست نے گستاخ نبی کو چھوڑ دیا اب یا مدینہ کی ریاست کہلانا چھوڑو یا ناموس رسالت پر پہرہ دو,"[1.7147831916809082, 1.8170580863952637, 1.3235443830490112, 1.6772806644439697, 1.399768590927124, 1.394158959388733]"
urd_cc83e5f42ab4645153bcec5d47dbd610,بھارت مقبوضہ کشمیر میں ریاستی دہشت گردی کر رہا ھے گولی غیر مسلح حریت پسندوں کے عزم کو نہیں دبا سکتی @USER کا مقبوضہ کشمیر میں بھارتی مظالم کی شدید مذمت @USER @USER #KashmirIsCrying @URL,0,0,0,0,0,0,urd,[LANG=urd] بھارت مقبوضہ کشمیر میں ریاستی دہشت گردی کر رہا ھے گولی غیر مسلح حریت پسندوں کے عزم کو نہیں دبا سکتی @USER کا مقبوضہ کشمیر میں بھارتی مظالم کی شدید مذمت @USER @USER #KashmirIsCrying @URL,"[1.1529356241226196, 1.414923906326294, 0.9907288551330566, 1.0733582973480225, 0.9676609039306641, 0.926446259021759]"
urd_56e7eaa4f7eed433987081b69d3dbdc6,#AzadiMarchAgainstPTIMafia آزادی مارچ نااہل ٹولے کے خلاف اعلان جہاد ہے,0,0,0,0,0,0,urd,[LANG=urd] #AzadiMarchAgainstPTIMafia آزادی مارچ نااہل ٹولے کے خلاف اعلان جہاد ہے,"[1.7539970874786377, 1.8378044366836548, 1.2221750020980835, 1.8763744831085205, 1.2213821411132812, 1.310113787651062]"
urd_a6431c01f92412d8659bbbeb445be731,پاکستان سمیت تمام مسلم ممالک کو ترقی کے لیے محدود مذہبی جمہوریت یا موروثی بادشاہتوں کی جگہ مکمل سیکولر جمہوریت رائج کرنا ہوگی۔,0,0,0,0,0,0,urd,[LANG=urd] پاکستان سمیت تمام مسلم ممالک کو ترقی کے لیے محدود مذہبی جمہوریت یا موروثی بادشاہتوں کی جگہ مکمل سیکولر جمہوریت رائج کرنا ہوگی۔,"[0.3516148328781128, -0.2353125661611557, -0.18156707286834717, 0.7786319255828857, 0.02720441296696663, 0.48494675755500793]"
urd_48a7b4342da162206eb8990193da7e35,بدتمیز، بداخلاق، بدزبان، بدنسلے لوگ لندن، امریکہ، پاکستان یا مسجدِ نبوی میں چلےجائیں، انکی اصلیت نہیں بدلتی۔🖐️,1,1,1,1,1,1,urd,[LANG=urd] بدتمیز، بداخلاق، بدزبان، بدنسلے لوگ لندن، امریکہ، پاکستان یا مسجدِ نبوی میں چلےجائیں، انکی اصلیت نہیں بدلتی۔🖐️,"[1.9558826684951782, 2.145383358001709, 1.6112090349197388, 2.1016948223114014, 1.668336033821106, 1.6817435026168823]"
urd_e75d002f7edd4350f76330788c7888e2,نا منظور نا منظور آئین سے غداری نا منظور #Article6ForImranKhan,0,1,0,1,0,1,urd,[LANG=urd] نا منظور نا منظور آئین سے غداری نا منظور #Article6ForImranKhan,"[0.6290403604507446, 1.2398353815078735, 0.21517014503479004, 1.0688618421554565, 0.635386049747467, 1.2707551717758179]"
urd_6e73f253cc3e6cddc0805b023cc45df1,کیا علما کرام پر ظلم کرنا ریاست مدینہ ہے #RiyasatEMadina,0,0,0,0,0,0,urd,[LANG=urd] کیا علما کرام پر ظلم کرنا ریاست مدینہ ہے #RiyasatEMadina,"[1.5143533945083618, 1.401473879814148, 0.9452453851699829, 1.448509693145752, 1.0287230014801025, 1.0518361330032349]"
urd_d4d9aa445e1ec7ac88ee5bb7d6302141,عورتوں کو عورت مارچ میں چھوڑنے اُن کے مرد آۓ تھے,1,1,0,1,1,0,urd,[LANG=urd] عورتوں کو عورت مارچ میں چھوڑنے اُن کے مرد آۓ تھے,"[0.8615056276321411, 0.1960049420595169, 0.5856993198394775, 0.18726789951324463, 0.2597716152667999, 0.3367408812046051]"
urd_81809d9651a6085bc317ae131b1ff1ee,فارن فنڈنگ کیس پی ٹی آئ کی سیاست کا خاتمہ ھو گیا حتمی اعلان باقی ھے,1,1,1,1,1,1,urd,[LANG=urd] فارن فنڈنگ کیس پی ٹی آئ کی سیاست کا خاتمہ ھو گیا حتمی اعلان باقی ھے,"[-2.0217342376708984, -2.2315571308135986, -2.174710512161255, -2.1991779804229736, -2.0840859413146973, -1.935149908065796]"
urd_6676f02a0cf378b8f0d0e73dec2e0cad,اگر دوسروں پر توشہ خانہ کا کیس بن سکتا ہے تو نیازی کس کھیت کی مولی یے #توشہ_خان,1,1,1,1,1,1,urd,[LANG=urd] اگر دوسروں پر توشہ خانہ کا کیس بن سکتا ہے تو نیازی کس کھیت کی مولی یے #توشہ_خان,"[1.641125202178955, 1.7860156297683716, 1.6751822233200073, 1.9064030647277832, 1.314802885055542, 1.4659624099731445]"
urd_e8e6ff888958d0d36d4e90af4fada994,لبرر سیکولر لوگوں کے لیے خادم حسین رضوی ننگی تلوار ہے #Orya_Mq #WelcomeBackKhadimRizvi,1,1,1,1,1,1,urd,[LANG=urd] لبرر سیکولر لوگوں کے لیے خادم حسین رضوی ننگی تلوار ہے #Orya_Mq #WelcomeBackKhadimRizvi,"[1.6967439651489258, 2.051809787750244, 1.5437356233596802, 1.8794021606445312, 1.5415167808532715, 1.6846657991409302]"
urd_eba3ac280a463f76aaebad823c49e231,کلبھوشن کو این آر او دینے والے فتنہ خان کو این آر او نہیں دیا جانا چاہیے #NoNROForFitnaKhan,0,1,1,0,0,0,urd,[LANG=urd] کلبھوشن کو این آر او دینے والے فتنہ خان کو این آر او نہیں دیا جانا چاہیے #NoNROForFitnaKhan,"[1.6397714614868164, 2.176863670349121, 1.3707433938980103, 2.021646499633789, 1.4927846193313599, 1.6392534971237183]"
urd_296ddfe060327324b8351c59c0f08df4,"ہم پنجابیوں کیخلاف نہیں ۔ پرویز خٹک "" ایسے بیانات پورے ملک میں پسند کئے جاتے ہیں جن کی کوئی لسانی بنیاد نہ ہو ۔سب پاکستانی ہیں ۔",0,0,0,0,0,0,urd,"[LANG=urd] ہم پنجابیوں کیخلاف نہیں ۔ پرویز خٹک "" ایسے بیانات پورے ملک میں پسند کئے جاتے ہیں جن کی کوئی لسانی بنیاد نہ ہو ۔سب پاکستانی ہیں ۔","[-0.8151727318763733, -1.0316753387451172, -1.3726692199707031, -1.1556264162063599, -0.8605843186378479, -0.7462272644042969]"
urd_60bd962b084864127cc917009323e389,دیسی لبرلز اور پی ٹی ایم والےکیوں خاموش ہیں @USER صدمے کی کیفیت طاری ہے بیچاروں @USER کیونکہ انڈین طیارے مار گرائے ہیں نا,1,1,1,1,1,1,urd,[LANG=urd] دیسی لبرلز اور پی ٹی ایم والےکیوں خاموش ہیں @USER صدمے کی کیفیت طاری ہے بیچاروں @USER کیونکہ انڈین طیارے مار گرائے ہیں نا,"[1.2023286819458008, 1.2976347208023071, 0.6983447074890137, 0.611531138420105, 0.9758057594299316, 0.8430642485618591]"
urd_b1138da694ab6a9d09532a5a17e4bf6e,طاہر بھائی نے دو گھونٹ کیا پی لیے، سبائی، رافضی اور قادیانی ٹولے نے آسمان ہی سر پہ اٹھا لیا 😜,1,1,1,1,1,1,urd,[LANG=urd] طاہر بھائی نے دو گھونٹ کیا پی لیے، سبائی، رافضی اور قادیانی ٹولے نے آسمان ہی سر پہ اٹھا لیا 😜,"[1.7737102508544922, 2.0137217044830322, 1.3776482343673706, 1.9001219272613525, 1.3710474967956543, 1.4093257188796997]"
urd_5e17f793daae8d80d2b5c40b1dbeae9f,ملائیشین بھائی کہنے لگے۔پاکستان میں مذہبی آزادی نہیں ہے اور آپ جیو پالیٹکس علاقائی سیاست میں ٹانگ اڑانے کے ماہر ہو۔ترقی خاک کروگے,1,1,1,1,1,1,urd,[LANG=urd] ملائیشین بھائی کہنے لگے۔پاکستان میں مذہبی آزادی نہیں ہے اور آپ جیو پالیٹکس علاقائی سیاست میں ٹانگ اڑانے کے ماہر ہو۔ترقی خاک کروگے,"[1.8586688041687012, 1.9838522672653198, 1.539934515953064, 1.8397741317749023, 1.5175200700759888, 1.5819185972213745]"
urd_641af1cdf245c68b09ce151245736e9d,جمہوریت سےمتعلق نوازشریف کامنطقی ہیر پھیر جمہوریت کی نفی ہے،عمران خان #ImranKhan #PTI,0,0,0,0,0,0,urd,[LANG=urd] جمہوریت سےمتعلق نوازشریف کامنطقی ہیر پھیر جمہوریت کی نفی ہے،عمران خان #ImranKhan #PTI,"[-2.3665366172790527, -1.884121298789978, -2.2834999561309814, -1.7111115455627441, -2.020674467086792, -1.8071876764297485]"
urd_6750f8b4fdf10fb19cf2bd4a73851037,2013 کے انتخابات میں عوام کا مینڈیٹ چھینا گیا،نعیم الحق,0,0,0,0,0,0,urd,[LANG=urd] 2013 کے انتخابات میں عوام کا مینڈیٹ چھینا گیا،نعیم الحق,"[-1.5412817001342773, -1.5385171175003052, -2.455794095993042, -1.613072156906128, -1.9401079416275024, -1.307252287864685]"
urd_794a014231e69fbf4545503695f3c218,پاکستانی ٹیم نے افغانیوں کو بتا دیا کہ بدتمیز بندے سےتوہم وزارتِ عظمیٰ چھین لیتےہیں، میچ کیسے چھوڑ دیتے ؟🤭💪😜,0,0,0,0,0,0,urd,[LANG=urd] پاکستانی ٹیم نے افغانیوں کو بتا دیا کہ بدتمیز بندے سےتوہم وزارتِ عظمیٰ چھین لیتےہیں، میچ کیسے چھوڑ دیتے ؟🤭💪😜,"[1.6489603519439697, 1.8667985200881958, 1.263610601425171, 1.5597610473632812, 1.1576194763183594, 1.2680026292800903]"
urd_4c1f947da3e80c183cb50ccd189a653e,همارے لئے کرونا وردی والے اور يه جابر رياست @USER الله همیں ان سے نجات دلانے کی ھمت اور توفیق عطا فرما۔ #ReleaseAliWazir #LarAoBarYaoAfghan,1,1,1,1,1,1,urd,[LANG=urd] همارے لئے کرونا وردی والے اور يه جابر رياست @USER الله همیں ان سے نجات دلانے کی ھمت اور توفیق عطا فرما۔ #ReleaseAliWazir #LarAoBarYaoAfghan,"[1.9016783237457275, 2.2351269721984863, 1.5186361074447632, 1.934511661529541, 1.5053822994232178, 1.5625351667404175]"
urd_a0c6cf605c2550ac12803e62aa0b8b12,امریکی خط غلط گجراتی خط سہی واہ حاجی نیوٹرل واہ #آج_سازش_نہیں_چلے_گی,1,1,1,1,1,1,urd,[LANG=urd] امریکی خط غلط گجراتی خط سہی واہ حاجی نیوٹرل واہ #آج_سازش_نہیں_چلے_گی,"[1.1370793581008911, 2.010997772216797, 1.147321105003357, 1.6368753910064697, 1.1612052917480469, 1.2170878648757935]"
urd_cc813b8a552afeaf3edc6eda19dbe7ae,انشاآللہ یہ کرائم منسٹر کا آخری بیرونی دورہ @USER #audioleak #لیک_ن_کی_لیک_ہوگئ,0,1,0,1,0,1,urd,[LANG=urd] انشاآللہ یہ کرائم منسٹر کا آخری بیرونی دورہ @USER #audioleak #لیک_ن_کی_لیک_ہوگئ,"[1.6800727844238281, 2.3460769653320312, 1.5083026885986328, 1.8479108810424805, 1.532867670059204, 1.6664063930511475]"
urd_dc5182fcc3624d4a3da9d26be3bab31f,اللہ الحق ہے سچ چھپتا نہیں جسے اللہ عزت دے وہ کوئ چھین نہیں سکتا زرد صحافت کے علمبردار جتنا زور لگائیں خان اتنا ہی مضبوط ہوتا جاۓ @USER 👇👇 #چورٹبر_نااہلوں_بدکلاموں_کا,0,0,0,0,0,0,urd,[LANG=urd] اللہ الحق ہے سچ چھپتا نہیں جسے اللہ عزت دے وہ کوئ چھین نہیں سکتا زرد صحافت کے علمبردار جتنا زور لگائیں خان اتنا ہی مضبوط ہوتا جاۓ @USER 👇👇 #چورٹبر_نااہلوں_بدکلاموں_کا,"[1.6708554029464722, 2.07747220993042, 1.4293276071548462, 1.8532301187515259, 1.451863408088684, 1.5269526243209839]"
urd_5f4fa38032ac42758c98cfdf2f66ae45,* رو پٹواری رو * * رو پٹواری رو * * رو پٹواری رو *,1,1,1,1,1,1,urd,[LANG=urd] * رو پٹواری رو * * رو پٹواری رو * * رو پٹواری رو *,"[0.5573954582214355, 1.302341341972351, 0.9508817195892334, 1.2147109508514404, 0.25044751167297363, 0.0370468832552433]"
urd_0f544ea8cb91c2d772c4cb6c3dabf9c5,سینکڑوں معصوم وبے گناہ مہاجروں کاقتل عام کرنے والوں کوسزادی جائے ۔ الطاف حسین #QasbaAligarhMassacre1986,0,0,0,0,0,0,urd,[LANG=urd] سینکڑوں معصوم وبے گناہ مہاجروں کاقتل عام کرنے والوں کوسزادی جائے ۔ الطاف حسین #QasbaAligarhMassacre1986,"[0.39090073108673096, 0.2983885109424591, 0.03436967730522156, 0.6896870136260986, 0.2679806649684906, -0.02611660212278366]"
urd_dd30608e118793e6be5f00d44c7e7227,رسوائی اور ذلت کا آغاز ہمیشہ بے حیائی سے شروع ہوتا ہے۔,1,1,1,1,1,1,urd,[LANG=urd] رسوائی اور ذلت کا آغاز ہمیشہ بے حیائی سے شروع ہوتا ہے۔,"[0.5016724467277527, 0.17049461603164673, -0.06009431183338165, 0.9463597536087036, 0.2044086456298828, 0.5413910150527954]"
urd_b8d4b1e35317d6cad962aa180aac38b4,اب الطاف حسین مہاجروں کے قاتل (سندھی نسل پرست دہشت گردشفیع برفت)جیسے لوگوں سے اتحاد کرینگے۔ ( پہلے صوبہ پھر آزاد و… @USER,1,1,1,1,1,1,urd,[LANG=urd] اب الطاف حسین مہاجروں کے قاتل (سندھی نسل پرست دہشت گردشفیع برفت)جیسے لوگوں سے اتحاد کرینگے۔ ( پہلے صوبہ پھر آزاد و… @USER,"[1.8570750951766968, 2.1586194038391113, 1.4713315963745117, 1.9282724857330322, 1.5471312999725342, 1.546102523803711]"
urd_a8421932cc112879709bfa306cfae338,#منظور_پشتین_اس_وقت_کہاں_تھا_جب ستر سالوں سے مسلسل بلوچوں کا بے دردی سے نسل کشی ہو رہا تھا اور جاری ہے۔,1,1,1,1,1,1,urd,[LANG=urd] #منظور_پشتین_اس_وقت_کہاں_تھا_جب ستر سالوں سے مسلسل بلوچوں کا بے دردی سے نسل کشی ہو رہا تھا اور جاری ہے۔,"[0.9533112049102783, 1.1941193342208862, 0.7651059627532959, 0.6220815181732178, 0.7370959520339966, 0.9836701154708862]"
urd_450e466d0cd153c8a7f347f6b32e19bd,امریکی خط جعلی تھا کیونکہ وہ سفیر نے بھیجا، لیکن قطری خط اصلی تھا کیونکہ وہ مریم خود لائی تھی۔ جیو نیوز 😆 #AudioLeaks,1,0,1,0,0,1,urd,[LANG=urd] امریکی خط جعلی تھا کیونکہ وہ سفیر نے بھیجا، لیکن قطری خط اصلی تھا کیونکہ وہ مریم خود لائی تھی۔ جیو نیوز 😆 #AudioLeaks,"[0.5249382257461548, 0.7339364886283875, 0.18291431665420532, 0.21596799790859222, 0.22480127215385437, 0.483866810798645]"
urd_297c8fb92316bba0c89357b27df08910,پہلے تو یوتھیوں نے دلیلیں مانگتے تھے عمرانڈو کے کفر کے ابھی بغیر دلیل کے زندیق کافر ہے اور اس کے سپورٹرز کے ساتھ #فتنہ_عمرانیہ_قادیانیہ,1,1,0,1,0,0,urd,[LANG=urd] پہلے تو یوتھیوں نے دلیلیں مانگتے تھے عمرانڈو کے کفر کے ابھی بغیر دلیل کے زندیق کافر ہے اور اس کے سپورٹرز کے ساتھ #فتنہ_عمرانیہ_قادیانیہ,"[1.8790159225463867, 2.1291701793670654, 1.5433505773544312, 2.2315163612365723, 1.589484453201294, 1.6054731607437134]"
urd_e019bccec1b0d9d6d2b5d53c6b403f94,کرائم منسٹر نےآج ایک لائف لائن استعمال کر لی۔ لیکن فائدے کی بجاۓ الٹا نقصان کروا لیا۔ #امپورٹڈ_حکومت_نامنظور,1,1,1,1,1,1,urd,[LANG=urd] کرائم منسٹر نےآج ایک لائف لائن استعمال کر لی۔ لیکن فائدے کی بجاۓ الٹا نقصان کروا لیا۔ #امپورٹڈ_حکومت_نامنظور,"[1.7258199453353882, 2.0487639904022217, 1.3218055963516235, 1.6309752464294434, 1.4692647457122803, 1.5925043821334839]"
urd_8ad47072673c871c7cc77bdf3541085c,پاکستان میں جمہوری نظام پر جمہوری جماعتوں کی یکجہتی ایک ایسا مظہرہے جو یقینی طور پر نئے پاکستان کی نشان دہی کرتا ہے۔,0,0,0,0,0,0,urd,[LANG=urd] پاکستان میں جمہوری نظام پر جمہوری جماعتوں کی یکجہتی ایک ایسا مظہرہے جو یقینی طور پر نئے پاکستان کی نشان دہی کرتا ہے۔,"[-2.6057279109954834, -2.7961373329162598, -2.825178861618042, -2.6853175163269043, -2.80001163482666, -2.37711763381958]"
urd_ea1136dedb663ff779b1a5b0d033c0d1,#بائیکاٹ💯🚫۔۔۔۔۔عورت مارچ کا👊 ہم اسلام کی شہزادیاں ہیں اور نبی کریم صلی الله علیہ وسلم کی تعلیمات پر یقین ہے، الحمدللہ!,1,1,0,1,1,1,urd,[LANG=urd] #بائیکاٹ💯🚫۔۔۔۔۔عورت مارچ کا👊 ہم اسلام کی شہزادیاں ہیں اور نبی کریم صلی الله علیہ وسلم کی تعلیمات پر یقین ہے، الحمدللہ!,"[-0.618723452091217, -1.3944460153579712, -1.7878820896148682, -0.9209356307983398, -1.4898300170898438, -0.8847479224205017]"
urd_348db8d63f7fcb493f489211064df2ef,گھڑی چور کو آج FIA نے طلب کر رکھا ہے,0,1,1,0,0,0,urd,[LANG=urd] گھڑی چور کو آج FIA نے طلب کر رکھا ہے,"[1.5092332363128662, 1.9348876476287842, 1.6749814748764038, 1.7777690887451172, 1.3781293630599976, 1.5094159841537476]"
urd_33ecf37c077c5a5a5d398f235d82a782,ہسپتال پر حملہ کرنے والے چند کالے کوٹ والے معاشرے کے سب سے زیادہ گندھے انڈے ہیں #قاتل_بناؤ_نشانۂ_عبرت,1,1,0,0,0,1,urd,[LANG=urd] ہسپتال پر حملہ کرنے والے چند کالے کوٹ والے معاشرے کے سب سے زیادہ گندھے انڈے ہیں #قاتل_بناؤ_نشانۂ_عبرت,"[1.7931182384490967, 1.9713709354400635, 1.7618013620376587, 1.9474115371704102, 1.4581319093704224, 1.6139999628067017]"
urd_d4dcbab0219af27663ee9a5e52aedece,"جسطرح پنجاب میں لیگ کی حکومت میں  واقعات ہورهے ہیں     کہیں ن لیگ کا نام  ""قوم لوط لیگ""  نہ پڑ جائے",0,1,0,1,0,0,urd,"[LANG=urd] جسطرح پنجاب میں لیگ کی حکومت میں  واقعات ہورهے ہیں     کہیں ن لیگ کا نام  ""قوم لوط لیگ""  نہ پڑ جائے","[-1.046996831893921, -1.1650081872940063, -1.8042443990707397, -1.5579509735107422, -1.5824618339538574, -1.571602463722229]"
urd_88a7eb72c7f973d1b7864612e8d123a9,#کدھرہےنیاپاکستان مدینہ جیسی ریاست میں عیسائی تعلیم کو فروغ نہیں دیا جاتا. انکی نشریات چلانا کیا یہ ہے نیا پاکستان ؟؟؟؟,1,1,1,1,1,1,urd,[LANG=urd] #کدھرہےنیاپاکستان مدینہ جیسی ریاست میں عیسائی تعلیم کو فروغ نہیں دیا جاتا. انکی نشریات چلانا کیا یہ ہے نیا پاکستان ؟؟؟؟,"[1.6628891229629517, 1.6295558214187622, 1.33444344997406, 1.3959696292877197, 1.4133105278015137, 1.4398735761642456]"
urd_744111fbd72cc6ba823f78929cb21274,ایوب خان کے زمانے میں ایوب کو تبلیغی اجتماع پر تشویش ہوئی کہ یہ کہیں ھمارے حکومت کے خلاف کوئی پراپیگنڈا تو نہیں کرت… @USER,0,0,0,0,0,0,urd,[LANG=urd] ایوب خان کے زمانے میں ایوب کو تبلیغی اجتماع پر تشویش ہوئی کہ یہ کہیں ھمارے حکومت کے خلاف کوئی پراپیگنڈا تو نہیں کرت… @USER,"[-0.40428730845451355, -0.0842040479183197, -0.8953083753585815, -0.8906674981117249, -0.5776146054267883, -0.7722174525260925]"
urd_5dbd2438f68d919db6f5f10e66afe823,آج سے سیاسی پوسٹس مکمل بند. لیکن سرائیکی صوبہ کے ایشو پر بات ضرور کروں گا. کیونکہ یہ سیاسی نہیں، پہچان اور وسیب کی غریب عوام کا مسئلہ ہے.,0,0,0,0,0,0,urd,[LANG=urd] آج سے سیاسی پوسٹس مکمل بند. لیکن سرائیکی صوبہ کے ایشو پر بات ضرور کروں گا. کیونکہ یہ سیاسی نہیں، پہچان اور وسیب کی غریب عوام کا مسئلہ ہے.,"[-1.7476541996002197, -2.0778470039367676, -2.6245036125183105, -1.4906235933303833, -1.5954036712646484, -1.395606517791748]"
urd_9e0a9ebb4713c6a31d116b582de3b0d8,کافر ہے کافر ہے قادیانی کافر ہے ۔,1,1,1,1,1,1,urd,[LANG=urd] کافر ہے کافر ہے قادیانی کافر ہے ۔,"[0.773491621017456, 0.5358003377914429, 0.7466292977333069, 1.6068980693817139, 0.38621455430984497, 0.7537931799888611]"
urd_0e1459ae79f9cb91064d2e277a472c97,@USER @USER بھارتی ایجنٹ اور مودی کے یار، ڈکلئر ہو @USER کیا فاطمہ جناح کو ایوبی دور میں غدار نہیں بنا دیا گیا تھا؟,1,1,1,1,1,1,urd,[LANG=urd] @USER @USER بھارتی ایجنٹ اور مودی کے یار، ڈکلئر ہو @USER کیا فاطمہ جناح کو ایوبی دور میں غدار نہیں بنا دیا گیا تھا؟,"[0.14241120219230652, 0.4307188093662262, 0.046082887798547745, -0.3794359564781189, -0.1315937638282776, -0.17545153200626373]"
urd_a423d526e0e1d54090618e7c52c23ba3,#پنجابیوں کو اب پتا چلے گا کہ جب #غدار بنایا جاتا ہے تو کتنا درد ہوتا ہے,1,1,1,1,1,1,urd,[LANG=urd] #پنجابیوں کو اب پتا چلے گا کہ جب #غدار بنایا جاتا ہے تو کتنا درد ہوتا ہے,"[0.9518060684204102, 0.15610197186470032, 0.277208149433136, 0.16777314245700836, 0.10870466381311417, 0.3834802806377411]"
urd_a2174e46e2e13d1e543b2e1e051b4bc8,ترقی یافتہ یا ترقی پذیر ملکوں میں وکالت کرنے کے لیے ایک وکیل کی خصوصیات میں کوئی فرق نہیں ہوتا,0,0,0,0,0,0,urd,[LANG=urd] ترقی یافتہ یا ترقی پذیر ملکوں میں وکالت کرنے کے لیے ایک وکیل کی خصوصیات میں کوئی فرق نہیں ہوتا,"[-2.0718696117401123, -2.4840478897094727, -2.5748918056488037, -2.463538885116577, -2.362276077270508, -1.903125524520874]"
urd_c2840bfd9c8dde9d45c5946dfb6a5daf,آج سے میں بطور مسلمان' پیپلز پارٹی کے ساتھ کوئ ہمدردی اور تعلق نہیں رکھوں گا۔جب تک پیپلز پارٹی گستاخ صحابہ شہلا رضا کو پارٹی سے فارغ نہیں کرتی۔ #RemoveShehlaRaza @USER @USER @USER,0,1,0,1,1,1,urd,[LANG=urd] آج سے میں بطور مسلمان' پیپلز پارٹی کے ساتھ کوئ ہمدردی اور تعلق نہیں رکھوں گا۔جب تک پیپلز پارٹی گستاخ صحابہ شہلا رضا کو پارٹی سے فارغ نہیں کرتی۔ #RemoveShehlaRaza @USER @USER @USER,"[1.383854866027832, 1.219197392463684, 1.1254552602767944, 1.3178516626358032, 1.047234058380127, 0.999215304851532]"
urd_8cec1c93aedf02e82799fcf02db6650d,دہشت گردی کے ان حملوں پر دو طبقے خوش ہیں۔ ایک شدت پسند اپنی کامیابی پر دوسرے دیسی لبرل اپنی نظریے کو ثابت کرنے کے لئے اچھا سکور کرنے پر,1,1,1,1,1,1,urd,[LANG=urd] دہشت گردی کے ان حملوں پر دو طبقے خوش ہیں۔ ایک شدت پسند اپنی کامیابی پر دوسرے دیسی لبرل اپنی نظریے کو ثابت کرنے کے لئے اچھا سکور کرنے پر,"[1.663216471672058, 1.386098861694336, 0.7199225425720215, 1.1026928424835205, 1.0791245698928833, 0.8594227433204651]"
urd_0f6332efdc63ad3937c44bfb2963ecc1,#دھرنے_نہ_ہوتے_تو پٹواری آج پٹواری نا ھوتے بلکه کھوتے ھوتے .,1,1,1,1,1,1,urd,[LANG=urd] #دھرنے_نہ_ہوتے_تو پٹواری آج پٹواری نا ھوتے بلکه کھوتے ھوتے .,"[1.7057857513427734, 1.9737545251846313, 1.5039629936218262, 2.1004180908203125, 1.372246503829956, 1.3829104900360107]"
urd_0baaed3ddd2509b73398fdc644bd2425,کراچی:اسرائیل فلسطین میں مسلمانوں کی نسل کشی کررہا ہے ، راجہ ناصر عباس,0,0,0,0,0,0,urd,[LANG=urd] کراچی:اسرائیل فلسطین میں مسلمانوں کی نسل کشی کررہا ہے ، راجہ ناصر عباس,"[0.8041989803314209, 0.857999324798584, 0.1612827181816101, 0.706220269203186, 0.14309893548488617, 0.464919775724411]"
urd_7601ec0c0d5b9cd795067d9bab8567ed,ووٹ جعلی ، مینڈیٹ جعلی ، ۔۔ بس دہشت گرد اصل ، یہ ہے کراچی ،   #PMLN #Karachi #KhiBogusVotes #JI #PTI,1,1,0,0,0,0,urd,[LANG=urd] ووٹ جعلی ، مینڈیٹ جعلی ، ۔۔ بس دہشت گرد اصل ، یہ ہے کراچی ،   #PMLN #Karachi #KhiBogusVotes #JI #PTI,"[1.559105634689331, 2.1111526489257812, 1.0174241065979004, 1.5891876220703125, 1.0029963254928589, 1.1281391382217407]"
urd_e360b2b4483b5fdc80d43b51a11bc4f6,@USER سر، سرائیکی صوبہ کون بنانا چاہتا ہے، یہ لوگ اس صوبےکے نام پہ محض اپنی حکومت بنائیں گے that's all,0,0,0,0,0,0,urd,[LANG=urd] @USER سر، سرائیکی صوبہ کون بنانا چاہتا ہے، یہ لوگ اس صوبےکے نام پہ محض اپنی حکومت بنائیں گے that's all,"[0.331379771232605, 0.14390118420124054, -0.2637122571468353, -0.28976356983184814, 0.04523024335503578, 0.12456437945365906]"
urd_1e82bbba4008999f6f1fa35dab4c5ab5,مولوی ڈیزل کا پتہ کریں کہیں ڈیزل کے ڈرم میں چھلانگ لگا کر خودکشی نہ کر لی ہو,1,1,1,1,1,1,urd,[LANG=urd] مولوی ڈیزل کا پتہ کریں کہیں ڈیزل کے ڈرم میں چھلانگ لگا کر خودکشی نہ کر لی ہو,"[1.3700706958770752, 1.6638963222503662, 1.3907219171524048, 1.0779672861099243, 1.2211644649505615, 1.0682262182235718]"
urd_464b7bc801bbc0a98d2a7eb846412a28,فوج مخالف مہم: میجر جنرل سمیت 5 سابق افسران کی پنشن بند اور مراعات واپس,0,0,0,0,0,0,urd,[LANG=urd] فوج مخالف مہم: میجر جنرل سمیت 5 سابق افسران کی پنشن بند اور مراعات واپس,"[-2.962973117828369, -2.7410407066345215, -2.8830697536468506, -2.9664316177368164, -2.7250609397888184, -2.47499942779541]"
urd_d29ee3724273363f0f1503fcf0164937,سب سےزیادہ ہندو رجسٹرڈ ووٹرزسندھ میں آبادہیں، الیکشن کمیشن,0,0,0,0,0,0,urd,[LANG=urd] سب سےزیادہ ہندو رجسٹرڈ ووٹرزسندھ میں آبادہیں، الیکشن کمیشن,"[-0.18065676093101501, -2.7035508155822754, -2.724795341491699, -2.3645124435424805, -2.7031712532043457, -2.2312209606170654]"
urd_7ac88305d1d840f66fc8dcb8320a219d,#surprise غیرت مند قوم کا غیرت مند لیڈر نہ۔بکا نہ جھکا,0,0,0,0,0,0,urd,[LANG=urd] #surprise غیرت مند قوم کا غیرت مند لیڈر نہ۔بکا نہ جھکا,"[1.4066123962402344, 1.743371605873108, 1.3696502447128296, 1.471386194229126, 1.4104297161102295, 1.43196702003479]"
urd_8bed5ea2d3322f23de70c1e24537fcd3,محسن بیگ نے آج سچ بول دیا 2018 الیکشن کا آر ٹی ایس سسٹم پلان کے تحت بٹھایا گیا تبدیلی پر لعنت,1,1,0,1,0,0,urd,[LANG=urd] محسن بیگ نے آج سچ بول دیا 2018 الیکشن کا آر ٹی ایس سسٹم پلان کے تحت بٹھایا گیا تبدیلی پر لعنت,"[0.35635823011398315, 0.8739221096038818, 0.18451595306396484, 0.920792818069458, 0.42551934719085693, 0.501918613910675]"
urd_01a6d3c6761ee3b15965f718e6b76fee,مولانا ڈیزل کو جب بھی دیکھا اس کو کرسی ، وزارتوں اور طاقت کے پیچھے بھاگتے دیکھا ہے😀😀😀 #MixMolanaAchar,1,1,1,1,1,1,urd,[LANG=urd] مولانا ڈیزل کو جب بھی دیکھا اس کو کرسی ، وزارتوں اور طاقت کے پیچھے بھاگتے دیکھا ہے😀😀😀 #MixMolanaAchar,"[1.6993175745010376, 2.061223030090332, 1.4430129528045654, 1.4652516841888428, 1.3807920217514038, 1.3009647130966187]"
urd_00a29c5ba21ca7b50b5912fa70ceb79c,شوبازشریف کا میاں صاحب کو فون بھائی جان فکر نہ کریں میں جیل کو پیرس بنا دوں گا نوازشریف= فون رکھ تیری پین دی سری 😠😡,1,1,1,1,1,0,urd,[LANG=urd] شوبازشریف کا میاں صاحب کو فون بھائی جان فکر نہ کریں میں جیل کو پیرس بنا دوں گا نوازشریف= فون رکھ تیری پین دی سری 😠😡,"[1.3660774230957031, 2.029146194458008, 1.3795158863067627, 1.8768205642700195, 1.4004762172698975, 1.4837051630020142]"
urd_892a1e3bf331e50c578abe6f78eddcb2,حکومت انٹر سٹی کوچز کےمالکان سے منی ٹریل کیوں نھیں لیتے ـ کتناٹیکس دیتےھیں,0,0,0,0,0,0,urd,[LANG=urd] حکومت انٹر سٹی کوچز کےمالکان سے منی ٹریل کیوں نھیں لیتے ـ کتناٹیکس دیتےھیں,"[0.11238370835781097, -0.13347412645816803, -0.6104430556297302, -0.7444441318511963, -0.3678387999534607, -0.18444223701953888]"
urd_ecc1c8fe88b36aaa8d8e3ff5560163db,طویل عرصے سے پاکستانی قوم ایک ایسے فوبیا میں مبتلا ہے جس میں اسے ہر اس چیز یا شخص سے نفرت ہے جو پاکستانی @USER @USER,1,1,1,1,1,1,urd,[LANG=urd] طویل عرصے سے پاکستانی قوم ایک ایسے فوبیا میں مبتلا ہے جس میں اسے ہر اس چیز یا شخص سے نفرت ہے جو پاکستانی @USER @USER,"[-0.023139338940382004, -0.2135295867919922, -1.127415657043457, -0.5787136554718018, -0.7560893893241882, -1.311378836631775]"
urd_8fa2dede43975a7297ce4a9519a159fb,پلیز ابھی نندن کو واپس کر دیں، سلیکٹرز کو سلیکٹڈ حکومت وائم رکھنے کے لیے اس کی ضرورت ہے۔ #abhinandan,1,1,0,0,1,1,urd,[LANG=urd] پلیز ابھی نندن کو واپس کر دیں، سلیکٹرز کو سلیکٹڈ حکومت وائم رکھنے کے لیے اس کی ضرورت ہے۔ #abhinandan,"[1.336660623550415, 1.3844600915908813, 1.1042711734771729, 0.9493706822395325, 1.0896351337432861, 0.9746328592300415]"
urd_66106cbba36c49f4d5c699234e31daa4,قوم یوتھ ٹوٸٹر پر گالیوں کا وقت ھوا چاھتا ھے -#Amirliaquat #pti,1,1,1,1,1,1,urd,[LANG=urd] قوم یوتھ ٹوٸٹر پر گالیوں کا وقت ھوا چاھتا ھے -#Amirliaquat #pti,"[2.040426015853882, 1.8349958658218384, 1.2959058284759521, 1.8025896549224854, 1.3111063241958618, 1.2206238508224487]"
urd_59fe786aa191bd3978b6ce23679342d0,سینیٹ انتخابات:”ہارس ٹریڈنگ“کی باز گشت؟ #FaislaAapKa @USER @USER @USER,0,0,0,0,0,0,urd,[LANG=urd] سینیٹ انتخابات:”ہارس ٹریڈنگ“کی باز گشت؟ #FaislaAapKa @USER @USER @USER,"[-1.7738075256347656, -1.1624616384506226, -2.8136355876922607, -1.3562097549438477, -1.952955961227417, -1.7090178728103638]"
urd_e7825c7a23ac7756a1373492092dc482,ملاں اپنے سیاسی اور مالی مفادات کے لیے اپنے سے زیادہ متقی و پرہیز گار مسلمانوں کے خلاف بھی یہودی اور مرزائی ہونے کا… @USER,0,1,0,1,0,0,urd,[LANG=urd] ملاں اپنے سیاسی اور مالی مفادات کے لیے اپنے سے زیادہ متقی و پرہیز گار مسلمانوں کے خلاف بھی یہودی اور مرزائی ہونے کا… @USER,"[1.959105372428894, 1.8950949907302856, 1.4220606088638306, 1.586517333984375, 1.4711827039718628, 1.3247730731964111]"
urd_a6b24fbb2e05aa3c3f72b5025eacf4ff,جیسے افغانی نمک حرام ثابت ہوئے ۔۔ ویسے ہی پی ٹی ایم نمک حرام تنظیم ہے ۔۔۔ #BanPTM,1,1,1,1,1,1,urd,[LANG=urd] جیسے افغانی نمک حرام ثابت ہوئے ۔۔ ویسے ہی پی ٹی ایم نمک حرام تنظیم ہے ۔۔۔ #BanPTM,"[1.7150907516479492, 2.101043701171875, 1.5425306558609009, 2.12912654876709, 1.5321033000946045, 1.7058223485946655]"
urd_42151925127b5a67b5ee8e529b4414ea,عمران خان وہ یہودی ایجنٹ ہے جو طالبان کو سپورٹ کرتا ہے #PhateecharPatwariSoch,0,1,0,1,1,0,urd,[LANG=urd] عمران خان وہ یہودی ایجنٹ ہے جو طالبان کو سپورٹ کرتا ہے #PhateecharPatwariSoch,"[1.9024713039398193, 2.149332046508789, 1.588452935218811, 1.6821011304855347, 1.554703950881958, 1.6335914134979248]"
urd_7e7d89d6ce66cd42d78a0808aa29f9fc,"لفافہ صحافت کو باسکٹ صحافت کی بلندیوں پر لیجانے والی مریم نواز شریف آپ کا بے حد ""فٹے منہ""",0,1,1,1,0,0,urd,"[LANG=urd] لفافہ صحافت کو باسکٹ صحافت کی بلندیوں پر لیجانے والی مریم نواز شریف آپ کا بے حد ""فٹے منہ""","[1.6182897090911865, 1.8977574110031128, 1.424970269203186, 1.6738264560699463, 1.337458610534668, 1.305136799812317]"
urd_9fcfe302ed442617aacb0df8aac54a27,میر جعفر نے ایک تڑی لگائی اور سراج الدولہ کی پھٹ کر ہاتھ میں آ گئی۔ سر میں نے میر جعفر آپ کو تھوڑی بولا تھا۔ 😂,1,1,1,1,1,1,urd,[LANG=urd] میر جعفر نے ایک تڑی لگائی اور سراج الدولہ کی پھٹ کر ہاتھ میں آ گئی۔ سر میں نے میر جعفر آپ کو تھوڑی بولا تھا۔ 😂,"[-0.028062056750059128, 0.11135993897914886, 0.2931912839412689, 0.09960760921239853, -0.1234845444560051, 0.14033927023410797]"
urd_cb0836d20abce7b270e02881c471aefb,قوم لوط پر عذاب ہم جنس پرستی کی وجہ سے آیا تھا اور یہ لوگ بھول گئے فلم جوائے لینڈ رلیز کرنے لگے ہیں😢 #BanJoyLand_BehayaGovt,1,1,1,1,1,1,urd,[LANG=urd] قوم لوط پر عذاب ہم جنس پرستی کی وجہ سے آیا تھا اور یہ لوگ بھول گئے فلم جوائے لینڈ رلیز کرنے لگے ہیں😢 #BanJoyLand_BehayaGovt,"[1.3837323188781738, 1.1165663003921509, 0.8513385057449341, 0.8504678010940552, 0.9454583525657654, 0.9319609999656677]"
urd_b1f0bf4c88a44701c5ac38e9a10daa71,سندھ میں بلوچی،سندھی،پنجابیوں سمیت ہرقومیت کے لوگ ہیں،عبدالستار بچانی By GeoNews,0,0,0,0,0,0,urd,[LANG=urd] سندھ میں بلوچی،سندھی،پنجابیوں سمیت ہرقومیت کے لوگ ہیں،عبدالستار بچانی By GeoNews,"[-2.4418458938598633, -3.0753414630889893, -3.070932388305664, -2.770132064819336, -2.885809898376465, -2.3325095176696777]"
urd_1044bcbde539699390cda5f46798ec6d,کیایہ خاتون دہشتگردتھیں؟پھرکیوں اسکی چیخوں پرکوئی لرزہ نہیں؟ سچ بولنےوالا بھارتی ایجنٹ کیسےہوسکتاہےابھی کل تومیرےوطن کےمحافظوں نےیقین دلایاتھا کہ زباں بندی @USER کیوں @USER @USER @USER @USER @USER @USER @USER @USER @USER,0,0,0,0,0,0,urd,[LANG=urd] کیایہ خاتون دہشتگردتھیں؟پھرکیوں اسکی چیخوں پرکوئی لرزہ نہیں؟ سچ بولنےوالا بھارتی ایجنٹ کیسےہوسکتاہےابھی کل تومیرےوطن کےمحافظوں نےیقین دلایاتھا کہ زباں بندی @USER کیوں @USER @USER @USER @USER @USER @USER @USER @USER @USER,"[1.316401481628418, 1.355194091796875, 1.2105470895767212, 1.0902514457702637, 1.0519295930862427, 1.0153560638427734]"
urd_e8ea1ae32684e74e0a93c367320babd6,بی بی شہید نے تو پنجاب کے جیالوں کو لاوارث نہیں چھوڑا تھا۔ @USER,1,1,1,1,1,1,urd,[LANG=urd] بی بی شہید نے تو پنجاب کے جیالوں کو لاوارث نہیں چھوڑا تھا۔ @USER,"[-0.9572696089744568, -1.1257054805755615, -1.7963982820510864, -1.737553596496582, -1.8595553636550903, -1.4432768821716309]"
urd_1cf27d15b250aa51abf247d93f89a827,یہ جو دہشتگردی ہے اس کے پیچھے رافضی ہے #BlastInASWJJuloosQuetta,0,1,0,1,0,0,urd,[LANG=urd] یہ جو دہشتگردی ہے اس کے پیچھے رافضی ہے #BlastInASWJJuloosQuetta,"[1.5488498210906982, 1.8613598346710205, 1.2946275472640991, 1.4501538276672363, 1.074297308921814, 1.072310209274292]"
urd_49a178fddd789cf3e730036be130ac13,بے نامی جائیداد کی غلط اطلاع دینے والے کیخلاف بھی کارروائی کی جائے گی، نثارخان,0,0,0,0,0,0,urd,[LANG=urd] بے نامی جائیداد کی غلط اطلاع دینے والے کیخلاف بھی کارروائی کی جائے گی، نثارخان,"[-2.8350753784179688, -2.97758150100708, -3.2800681591033936, -3.1744723320007324, -2.9375863075256348, -2.7195041179656982]"
urd_08ded9ff2b65b6edd1cba4c543c31893,@USER @USER کسی مسافر کو فلائٹ سے آف لوڈ کرنا مغربی کلچر ہے،، فلائٹ کا لیٹ ہونا پاکستانی کلچر ہے ---- مولانا Diesel,1,1,1,1,1,1,urd,[LANG=urd] @USER @USER کسی مسافر کو فلائٹ سے آف لوڈ کرنا مغربی کلچر ہے،، فلائٹ کا لیٹ ہونا پاکستانی کلچر ہے ---- مولانا Diesel,"[-0.6362139582633972, -1.0956202745437622, -1.2940222024917603, -0.8585383296012878, -1.0146291255950928, -0.7009883522987366]"
urd_aa1059fc161747fe726e64718cc6827d,ٹورانٹو۔قائدآعظم کے پاکستان کی مکمل تکمیل کی آولین شرط۔کشمیر اور کراچی کو ہندو اور پنجابی فوج سے آذادی کے لئے سڑکوں پر آنا وقت کی پکار ہے,1,1,1,1,1,1,urd,[LANG=urd] ٹورانٹو۔قائدآعظم کے پاکستان کی مکمل تکمیل کی آولین شرط۔کشمیر اور کراچی کو ہندو اور پنجابی فوج سے آذادی کے لئے سڑکوں پر آنا وقت کی پکار ہے,"[1.9625093936920166, 1.9226387739181519, 1.4732316732406616, 1.7038547992706299, 1.5071027278900146, 1.4033488035202026]"
urd_f041e402e488d0bd3048832cc996a348,کوئی سائفر آیا ہی نہیں سے لے کر سائفر وزیراعظم ہاؤس سے چوری ہو گیا تک کا سفر #فیصلہ_عوام_کرے_گی #FinalCall,0,1,1,1,0,1,urd,[LANG=urd] کوئی سائفر آیا ہی نہیں سے لے کر سائفر وزیراعظم ہاؤس سے چوری ہو گیا تک کا سفر #فیصلہ_عوام_کرے_گی #FinalCall,"[1.420952320098877, 1.57198166847229, 1.3025763034820557, 1.2183747291564941, 1.2389057874679565, 1.1784658432006836]"
urd_8c9791f687d7d1eaf68d0820bc603358,سقراط نے کہا تھا: اگر آسمان سے آزادی کی بارش ہو جائے تو ذہنی غلام چھتری اٹھا کے نکلیں گے. #امپورٹڈ_حکومت_نامنظور,0,0,0,0,0,0,urd,[LANG=urd] سقراط نے کہا تھا: اگر آسمان سے آزادی کی بارش ہو جائے تو ذہنی غلام چھتری اٹھا کے نکلیں گے. #امپورٹڈ_حکومت_نامنظور,"[-0.08040967583656311, -0.2917121946811676, -0.4644404947757721, -0.04214801639318466, -0.30488818883895874, -0.09541667997837067]"
urd_30d3910f6b92fcba19696b0740c33192,اگر رپورٹ یہ ہوتی کہ لشکر طیبہ پاکستان پیسوں سے بھارت میں دہشتگردی کر رہی ہے پھر دیسی لبرلز کی الٹی چھلانگیں دیکھنے والی ہونی تھیں #,1,1,0,0,0,0,urd,[LANG=urd] اگر رپورٹ یہ ہوتی کہ لشکر طیبہ پاکستان پیسوں سے بھارت میں دہشتگردی کر رہی ہے پھر دیسی لبرلز کی الٹی چھلانگیں دیکھنے والی ہونی تھیں #,"[1.7030582427978516, 1.8040615320205688, 1.2768495082855225, 1.3202285766601562, 1.4101028442382812, 1.283010482788086]"
urd_ac1ef4749b827cc6490555345ed9f96a,اب یہ پولیو والا پراپیگنڈا کون کر رہا ہے۔,0,1,0,0,1,1,urd,[LANG=urd] اب یہ پولیو والا پراپیگنڈا کون کر رہا ہے۔,"[-1.3595478534698486, -0.7882452607154846, -1.729040503501892, -1.6375222206115723, -0.9770002961158752, -1.3235841989517212]"
urd_785c885c71a445eba4fd173dd7c158a8,جنرل قمبر باجوہ صاحب آ پ کو 2018کےالیکشن میں دھاندلی اور ارکان پارلیمنٹ کی ہارس ٹریڈنگ کا حساب دینا ہوگا (محترم نواز شریف),1,0,1,1,1,0,urd,[LANG=urd] جنرل قمبر باجوہ صاحب آ پ کو 2018کےالیکشن میں دھاندلی اور ارکان پارلیمنٹ کی ہارس ٹریڈنگ کا حساب دینا ہوگا (محترم نواز شریف),"[1.5026507377624512, 1.7408462762832642, 1.0017468929290771, 1.2943366765975952, 1.1473944187164307, 1.207189917564392]"
urd_cae6b4ba623ca03396e7b517cdac460a,پاکستانی قوم ملالہ یوسفزئی کو امریکی ایجنٹ کہتی ھےاور ریمنڈ ڈیوس کو امریکہ کے حوالے کرنے والے فوجی کو محب وطن پاکستانی .کیایہ کھلاتضاد نہی؟,1,1,1,0,0,0,urd,[LANG=urd] پاکستانی قوم ملالہ یوسفزئی کو امریکی ایجنٹ کہتی ھےاور ریمنڈ ڈیوس کو امریکہ کے حوالے کرنے والے فوجی کو محب وطن پاکستانی .کیایہ کھلاتضاد نہی؟,"[1.6289207935333252, 1.7840298414230347, 1.6645153760910034, 1.6435139179229736, 1.3861905336380005, 1.4107111692428589]"
urd_69e29522bdd64ef9e2356f6ad532f99a,"مہاجر کارڈ کھیلنے والے دیکھ لیں ایدھی صاب بھی مہاجر تھے فوج نے انکا جنازہ کرایا آرمی چیف نے سلامی دی تمام پاکستان رویا""",1,1,1,1,1,1,urd,"[LANG=urd] مہاجر کارڈ کھیلنے والے دیکھ لیں ایدھی صاب بھی مہاجر تھے فوج نے انکا جنازہ کرایا آرمی چیف نے سلامی دی تمام پاکستان رویا""","[1.6251060962677002, 1.6648622751235962, 1.4002411365509033, 1.4493147134780884, 1.314087152481079, 1.2524118423461914]"
urd_b0d547df074253ce53f81b35ad35aa73,جمعیت نظریاتی پاکستان میں صرف اور صرف اسلامی نظام کا نفاذ چاہتی ہے، مولانا عصمت اللہ @USER,1,1,1,1,1,1,urd,[LANG=urd] جمعیت نظریاتی پاکستان میں صرف اور صرف اسلامی نظام کا نفاذ چاہتی ہے، مولانا عصمت اللہ @USER,"[-0.1493946760892868, -0.08073464035987854, -1.1307930946350098, -0.2619464099407196, -0.882760226726532, -1.4256888628005981]"
urd_ca4ba985f497ea4dfcc78f5cf1991e5c,نواز شریف فاشسٹ ہے ،کبھی جمہوریت کو قبول نہیں کیا،عمران خان @USER,0,1,0,0,0,0,urd,[LANG=urd] نواز شریف فاشسٹ ہے ،کبھی جمہوریت کو قبول نہیں کیا،عمران خان @USER,"[1.6516557931900024, 1.4565987586975098, 1.2652199268341064, 1.5008924007415771, 1.1888161897659302, 1.3333317041397095]"
urd_7489afcfac473ff3bdb00832fe832093,"پتا چلے، ایک خُودکش بمبار کی جیب سے پرچی ملی ہے، جس پر تحریر ہے؛ "" میرا جسم میری مرضی "" ٹھا",1,1,1,1,1,1,urd,"[LANG=urd] پتا چلے، ایک خُودکش بمبار کی جیب سے پرچی ملی ہے، جس پر تحریر ہے؛ "" میرا جسم میری مرضی "" ٹھا","[0.9956018924713135, 1.5210362672805786, 1.2889317274093628, 1.048806071281433, 0.800033688545227, 0.8365251421928406]"
urd_49ccce43001558fbcfd211e6f7686a42,لگتا ہے آر ٹی ایس سسٹم بھی نشہ کرتا تھا۔۔۔۔ @USER,1,1,1,1,1,1,urd,[LANG=urd] لگتا ہے آر ٹی ایس سسٹم بھی نشہ کرتا تھا۔۔۔۔ @USER,"[1.5985865592956543, 2.1735496520996094, 1.5328651666641235, 1.626708745956421, 1.398324966430664, 1.5526459217071533]"
urd_c3f34daf4ad74c26650c9a729c902846,اٹھارویں ترمیم پرعمل درآمد کردیاجائے توبہت سے مسائل حل ہو جائیں گے،حاصل بزنجو,1,1,1,1,1,1,urd,[LANG=urd] اٹھارویں ترمیم پرعمل درآمد کردیاجائے توبہت سے مسائل حل ہو جائیں گے،حاصل بزنجو,"[-1.9373198747634888, -2.5330238342285156, -2.7933714389801025, -2.2972326278686523, -2.5149295330047607, -1.996803879737854]"
urd_504c1f31f54bf2677c033a71e293615d,فرقہ وارانہ تعصب  مذہبی تعصب  نسلی تعصب  سیاسی تعصب  معاشی تعصب  یہ ہے پاکستان Riz The PM,1,1,0,0,0,0,urd,[LANG=urd] فرقہ وارانہ تعصب  مذہبی تعصب  نسلی تعصب  سیاسی تعصب  معاشی تعصب  یہ ہے پاکستان Riz The PM,"[0.04147640988230705, 0.46238622069358826, -0.7450692653656006, 0.1346251517534256, -0.28488802909851074, -0.4788709580898285]"
urd_16dc03b7e38754c5eda3635e9cff975d,اب پٹواریوں کو قوم لوط کا اعزاز بھی مل گیا ہے,1,1,1,1,1,1,urd,[LANG=urd] اب پٹواریوں کو قوم لوط کا اعزاز بھی مل گیا ہے,"[1.5108451843261719, 1.5749245882034302, 1.4026185274124146, 1.410577654838562, 1.103479027748108, 1.1399105787277222]"
urd_1ae93c0a260778e0a131a17d5cc78afd,"@USER @USER بجلی چوری کرنے والے قوم کے چور ہیں — خواجہ آصف — اور ووٹ چوری کرنے والے خیر سے قوم کے ""وزیر"" ہیں !",1,1,1,1,1,1,urd,"[LANG=urd] @USER @USER بجلی چوری کرنے والے قوم کے چور ہیں — خواجہ آصف — اور ووٹ چوری کرنے والے خیر سے قوم کے ""وزیر"" ہیں !","[1.607757806777954, 1.9743448495864868, 0.996723473072052, 1.5033890008926392, 1.1657514572143555, 1.3446944952011108]"
urd_67bca9f1a4cdb7ecdcb25d4b79a37898,تاجدار ختم نبوتﷺزندہ باد ساری دنیا کے مرزائی جہنم کے کتے ھیں اور اس کے تمام حمایتی بھی جہنمی ھیں #ReleaseKhadimRizvi,0,1,1,1,0,0,urd,[LANG=urd] تاجدار ختم نبوتﷺزندہ باد ساری دنیا کے مرزائی جہنم کے کتے ھیں اور اس کے تمام حمایتی بھی جہنمی ھیں #ReleaseKhadimRizvi,"[1.7802146673202515, 1.9770616292953491, 1.7014398574829102, 2.2154977321624756, 1.4130804538726807, 1.5511349439620972]"
urd_c7714e94273fafc3dddc5aba7f69970e,#ArrestAneela گستاخ نبی کی ایک ہی سزا سر تن سے جدا,1,1,1,1,1,1,urd,[LANG=urd] #ArrestAneela گستاخ نبی کی ایک ہی سزا سر تن سے جدا,"[0.943575382232666, 1.1724730730056763, 1.3807828426361084, 1.6010799407958984, 0.9067304730415344, 1.3031607866287231]"
urd_8d88d408b5890af492884c9ed1cc775f,اسلامی نظام میں ہے ملک کی بقاء #ملک_کی_بقا_اسلامی_نظام,1,1,1,1,1,1,urd,[LANG=urd] اسلامی نظام میں ہے ملک کی بقاء #ملک_کی_بقا_اسلامی_نظام,"[0.32597026228904724, -0.08485468477010727, -0.12234222888946533, 0.446106880903244, -0.03888321295380592, 0.16914592683315277]"
urd_c3c2d0ba05e07c2fc91993fabb72e464,نیوٹرلز نے بھی اڑتا تیر اپنی گمیں لیا ہے #امپورٹڈ_حکومت_نامنظور,1,1,1,1,1,1,urd,[LANG=urd] نیوٹرلز نے بھی اڑتا تیر اپنی گمیں لیا ہے #امپورٹڈ_حکومت_نامنظور,"[1.4162030220031738, 1.6284687519073486, 1.3640716075897217, 1.6151480674743652, 1.1390950679779053, 1.6213572025299072]"
urd_897fc3c5459619f843c332732debcedc,ایک گندے نطفے سے انسان کو پیدا کیا گیا یہ تو ہماری اوقات ہے۔ اور کچھ لوگ کہ رے میرا جسم میری مرضی,1,1,1,1,1,1,urd,[LANG=urd] ایک گندے نطفے سے انسان کو پیدا کیا گیا یہ تو ہماری اوقات ہے۔ اور کچھ لوگ کہ رے میرا جسم میری مرضی,"[1.4861235618591309, 1.6115492582321167, 1.7017004489898682, 1.4909576177597046, 1.147204875946045, 1.5036163330078125]"
urd_84435f9091cbd9bfddb5ef11df42cf14,کراچی کے سندھیوں ،ہزارہ والوں نے دوسرا بیانیہ بھی مسترد کردیا،مصطفی ٰکمال #PSPkaKamal,1,1,0,0,1,0,urd,[LANG=urd] کراچی کے سندھیوں ،ہزارہ والوں نے دوسرا بیانیہ بھی مسترد کردیا،مصطفی ٰکمال #PSPkaKamal,"[1.6746273040771484, 0.8885801434516907, 0.5538465976715088, 0.8793430924415588, 0.6930880546569824, 0.8663949370384216]"
urd_c60e6e6eef57a6765645fffabaa28b64,تبدیلی کا محرک نظریاتی کارکن ہیں یا جیتنے والے کرپٹ سیاستدان. اگر کارکن ہیں تو ڈرائی کلین فیکٹری کس لیے اور اگر کرپٹ جیتنے والے ہیں تو دھرنے کیوں دیئے #PressConferenceByDrQadri @USER,1,1,1,1,1,1,urd,[LANG=urd] تبدیلی کا محرک نظریاتی کارکن ہیں یا جیتنے والے کرپٹ سیاستدان. اگر کارکن ہیں تو ڈرائی کلین فیکٹری کس لیے اور اگر کرپٹ جیتنے والے ہیں تو دھرنے کیوں دیئے #PressConferenceByDrQadri @USER,"[0.3604755401611328, 0.28103107213974, -0.3304610550403595, -0.06821286678314209, -0.2183235138654709, -0.20525842905044556]"
urd_09e6c12bc5492bf1b53d2e637f980e6a,مرزا وہ لعنتی اور زندیق تھا جس کی کوٸی حد نہیں انگریزوں کا پالا ہوا ایک گندا اور غلیظ گٹروں کا بد ترین کیڈا تھا #تاجدارختم_نبوت_زندہ_باد,1,1,1,1,1,1,urd,[LANG=urd] مرزا وہ لعنتی اور زندیق تھا جس کی کوٸی حد نہیں انگریزوں کا پالا ہوا ایک گندا اور غلیظ گٹروں کا بد ترین کیڈا تھا #تاجدارختم_نبوت_زندہ_باد,"[1.5168217420578003, 1.745256781578064, 1.5004608631134033, 2.277420997619629, 1.3487679958343506, 1.4743179082870483]"
urd_c8878a944626db5ad0113ed6ffcaf034,#چھوٹا_چور_مچائے_شور شریف قوم کا پیسہ بچانے کے لیے ہزار بار حد عبور کریں گے۔ شوباز @USER,0,0,0,0,0,0,urd,[LANG=urd] #چھوٹا_چور_مچائے_شور شریف قوم کا پیسہ بچانے کے لیے ہزار بار حد عبور کریں گے۔ شوباز @USER,"[1.8747987747192383, 2.1127545833587646, 1.653180718421936, 2.036749839782715, 1.5923140048980713, 1.6253798007965088]"
urd_17fa5d7e524da5f0adb4d51ea60b6aaa,"#اگر_دھرنا_نہ_ہوتا مولانا ڈیزل ""منی بدنام ہوئی "" آئٹم سانگ کرتا #DarnahDardDeGya",1,1,1,1,1,1,urd,"[LANG=urd] #اگر_دھرنا_نہ_ہوتا مولانا ڈیزل ""منی بدنام ہوئی "" آئٹم سانگ کرتا #DarnahDardDeGya","[1.6499912738800049, 2.2325634956359863, 1.4512466192245483, 1.8644087314605713, 1.4779009819030762, 1.542795181274414]"
urd_88b15c0404312e65081c0a9093e0103f,ہمارے دانشور سب قلم فروش ہیں حق کی بات کوئی بھی نہیں کرتا۔,1,1,1,1,1,1,urd,[LANG=urd] ہمارے دانشور سب قلم فروش ہیں حق کی بات کوئی بھی نہیں کرتا۔,"[-0.5627902746200562, -0.8275219798088074, -1.2566341161727905, -0.9370265603065491, -1.0505499839782715, -0.8593416213989258]"
urd_914a5393dd4781d3594cbc67f93807f8,عنقریب پاکستان کی سیاست سے انتہائی غلیظ ترین بدبودار گھناؤنا فاشسٹ کردار ختم ہونے کو ہے,1,1,1,1,1,1,urd,[LANG=urd] عنقریب پاکستان کی سیاست سے انتہائی غلیظ ترین بدبودار گھناؤنا فاشسٹ کردار ختم ہونے کو ہے,"[1.826874017715454, 2.239971160888672, 1.4823631048202515, 2.1786975860595703, 1.4945216178894043, 1.461274266242981]"
urd_7a9852bbf819e2efc19589e2c5bafd55,مولانا رومی عمران کو یہ بتانا بھول گئے کہ بدکردار انسان دوسروں کے کرداروں پر تبصرے کرتے اچھے نہیں لگتے,1,1,1,1,1,1,urd,[LANG=urd] مولانا رومی عمران کو یہ بتانا بھول گئے کہ بدکردار انسان دوسروں کے کرداروں پر تبصرے کرتے اچھے نہیں لگتے,"[1.7764110565185547, 1.90304434299469, 1.631821632385254, 1.796443223953247, 1.480332612991333, 1.5374606847763062]"
urd_4380d60f4948c90dac5e1dcb728f3053,صادق آباد جلسہ ‼ میڈیا بوٹ پالشی میں مصروف ‼ @USER,1,1,1,1,1,1,urd,[LANG=urd] صادق آباد جلسہ ‼ میڈیا بوٹ پالشی میں مصروف ‼ @USER,"[0.7134500741958618, 1.4050055742263794, 0.04346257448196411, 0.8058481812477112, 0.514142632484436, 0.18277253210544586]"
urd_b3e6fc7d2e0808ff938a131d0201d41b,اس وقت سوشل میڈیا پر لبرل آپکو عمران خان کے خلاف مذہب کارڈ استعمال کرتے نظر آئیں گے!,1,1,1,1,1,1,urd,[LANG=urd] اس وقت سوشل میڈیا پر لبرل آپکو عمران خان کے خلاف مذہب کارڈ استعمال کرتے نظر آئیں گے!,"[2.040393114089966, 2.1136064529418945, 1.412921667098999, 1.8031764030456543, 1.5721049308776855, 1.3916751146316528]"
urd_a010e021669e10c7e020e09f8673e215,جاوید چوہدری صاحب عمرو عیار کی کہانیاں، عمران سیریز کے ناول اور آٹھویں کی مطالعہ پاکستان کے علاوہ اگر انٹرنیشنل ریل… @USER,0,0,0,0,0,0,urd,[LANG=urd] جاوید چوہدری صاحب عمرو عیار کی کہانیاں، عمران سیریز کے ناول اور آٹھویں کی مطالعہ پاکستان کے علاوہ اگر انٹرنیشنل ریل… @USER,"[-3.2764065265655518, -2.7129669189453125, -2.9881277084350586, -2.745992660522461, -2.9388322830200195, -2.731297731399536]"
urd_07750dbbe8f6036c86072ad9ad58b783,جوکمی میثاق جمہوریت میں رہ گئی تھی وہ اس آئینی پیکیج میں پوری کی جائے گی،سعد رفیق,0,0,0,0,0,0,urd,[LANG=urd] جوکمی میثاق جمہوریت میں رہ گئی تھی وہ اس آئینی پیکیج میں پوری کی جائے گی،سعد رفیق,"[-2.731069564819336, -2.4875059127807617, -2.992511034011841, -2.4143314361572266, -2.8049895763397217, -2.2957613468170166]"
urd_e6d3bf39d2aeecc045c231bc01db3e21,جب تک نظریہ نوازشریف کا سورج طلوع نہیں ہوگا تب تک یہ ووٹ چوری کی دھند مسلط رہے گی #ملک_دشمن_ووٹ_چور,1,1,1,1,1,1,urd,[LANG=urd] جب تک نظریہ نوازشریف کا سورج طلوع نہیں ہوگا تب تک یہ ووٹ چوری کی دھند مسلط رہے گی #ملک_دشمن_ووٹ_چور,"[1.7129771709442139, 1.8354061841964722, 1.2013596296310425, 1.7521545886993408, 1.4439585208892822, 1.3330508470535278]"
urd_c5c42118b2c3ebbfab2fdaae34f73aee,سرٹیفائیڈ چور کہہ رہا ہے کہ شہری مارچ میں انجوائے کریں گے کہیں سیٹھ جمیل کا آئٹم سونگ تو نہیں ہونا مارچ میں۔۔۔۔😳😱🤭,1,1,0,1,0,1,urd,[LANG=urd] سرٹیفائیڈ چور کہہ رہا ہے کہ شہری مارچ میں انجوائے کریں گے کہیں سیٹھ جمیل کا آئٹم سونگ تو نہیں ہونا مارچ میں۔۔۔۔😳😱🤭,"[1.661105751991272, 2.2386789321899414, 1.4907037019729614, 1.7080702781677246, 1.5177960395812988, 1.6204724311828613]"
urd_52f5f21795f4f7deab2030de46a820ca,قادیانی صیہونی سازش پاکستان میں سیکولرازم کے بیانیہ سے اسکی اصل شناخت اسلام اور جمہوریت سے محروم رکھو فاشزم کا فروغ,1,1,1,1,1,1,urd,[LANG=urd] قادیانی صیہونی سازش پاکستان میں سیکولرازم کے بیانیہ سے اسکی اصل شناخت اسلام اور جمہوریت سے محروم رکھو فاشزم کا فروغ,"[1.8549790382385254, 2.0835304260253906, 1.3067628145217896, 1.9939545392990112, 1.5473647117614746, 1.5011452436447144]"
urd_21736a6c6cc38de2afd326a46fc52792,#حقیقی_آزادی_جلسہ ایک بار حنا کی وڈیو مولوی ڈیزل کے ساتھ لیک ھو، پھر کبھی لیک نہیں ہوگی @USER,0,1,0,1,0,0,urd,[LANG=urd] #حقیقی_آزادی_جلسہ ایک بار حنا کی وڈیو مولوی ڈیزل کے ساتھ لیک ھو، پھر کبھی لیک نہیں ہوگی @USER,"[1.6794991493225098, 2.0053374767303467, 1.6082395315170288, 1.7655997276306152, 1.3711934089660645, 1.4122506380081177]"
urd_c1f08f022db9f45bfa5f5dbb52f7247b,قادیانی سب سے غلیظ ترین کافر ھے مرزا غلام قادیانی خنزیر پہ لعنت #ختم نبوت زنداباد#,1,0,1,1,1,1,urd,[LANG=urd] قادیانی سب سے غلیظ ترین کافر ھے مرزا غلام قادیانی خنزیر پہ لعنت #ختم نبوت زنداباد#,"[1.2119591236114502, 1.6280299425125122, 1.4650156497955322, 2.3269262313842773, 1.1094547510147095, 1.2985981702804565]"
urd_57505d872d8d57efa4f272474a295b50,@USER بجلی کی لوڈشیڈنگ @USER پلان مہنگے بجلی کے بل @USER پلان گیس کی لوڈشیڈنگ @USER پلان مہنگے گیس کے بل @USER پلان,0,0,0,0,0,0,urd,[LANG=urd] @USER بجلی کی لوڈشیڈنگ @USER پلان مہنگے بجلی کے بل @USER پلان گیس کی لوڈشیڈنگ @USER پلان مہنگے گیس کے بل @USER پلان,"[-0.08562125265598297, 0.4472845494747162, -0.4853406846523285, 0.38488295674324036, -0.40847957134246826, 0.02229628711938858]"
urd_66feb89b3b83e85530db87698f883815,قطری خط مجھے کیوں @USER امریکی خط مجھے امریکی خط نے نکالا ورنہ میں نے 2028 تک رہنا تھا #نظریہ_لبیک_دا,1,1,1,1,1,1,urd,[LANG=urd] قطری خط مجھے کیوں @USER امریکی خط مجھے امریکی خط نے نکالا ورنہ میں نے 2028 تک رہنا تھا #نظریہ_لبیک_دا,"[-1.0221887826919556, -0.833814263343811, -1.6332908868789673, -0.9748849868774414, -1.3019499778747559, -1.2800213098526]"
urd_3fd0c44c8e4a8b1a5e183f086cfb54f6,#HangAneeqa #JoinPST گستاخ نبی کی ایک سزا سرتن سے جدا سرتن سے جدا,1,1,1,1,1,1,urd,[LANG=urd] #HangAneeqa #JoinPST گستاخ نبی کی ایک سزا سرتن سے جدا سرتن سے جدا,"[1.4693794250488281, 1.9362016916275024, 1.5892146825790405, 2.269378185272217, 1.3320462703704834, 1.4642199277877808]"
urd_cabbd8a6bfea19ade50c5a7a99202394,Capital Arena Washington میں عمران خان کا جلسہ دیکھ کر کرپٹ مافیا ، لفافہ برادری اور کمرشل لبرلز کی حالت @USER,1,1,0,0,1,0,urd,[LANG=urd] Capital Arena Washington میں عمران خان کا جلسہ دیکھ کر کرپٹ مافیا ، لفافہ برادری اور کمرشل لبرلز کی حالت @USER,"[1.0156676769256592, 1.4340678453445435, -0.18013381958007812, 0.624204158782959, 0.4782375395298004, 0.2953764498233795]"
urd_bdb63af9a05d756a976789d1a87fa439,ذکر علیؓ یوں کیجیے کہ خارجی پر قہر اُترے ذکر معاویہؓ یوں کیجیے کہ رافضی پر قہر اُترے,1,1,1,1,1,1,urd,[LANG=urd] ذکر علیؓ یوں کیجیے کہ خارجی پر قہر اُترے ذکر معاویہؓ یوں کیجیے کہ رافضی پر قہر اُترے,"[0.530552089214325, 0.9292770624160767, 0.41326630115509033, 0.5088460445404053, 0.4536854922771454, 0.471423864364624]"
urd_41f294de5af11a3041a775ddd57adc9f,آجکل پاکستانی میڈیا چینل کو بھی بے پناہ فارن فنڈنگ ہو رہی ہے، انکی بھی انکوائری ہونی چاہیے، #عینم_ویووز,0,0,0,0,0,0,urd,[LANG=urd] آجکل پاکستانی میڈیا چینل کو بھی بے پناہ فارن فنڈنگ ہو رہی ہے، انکی بھی انکوائری ہونی چاہیے، #عینم_ویووز,"[0.2435319572687149, 0.449012815952301, -0.31773385405540466, 0.027629105374217033, 0.21702364087104797, 0.10247599333524704]"
urd_ac9e9c261d4b5d76e575bf6f0e02ad7b,احسن اقبال کے دبنگ بیان پر بوٹ پالشی عرف ٹ پالشیوں کا رو رو کر بیان آئے گا۔ حکومت فوج سے محازآرائی کیوں کر رہی ہے۔,1,1,0,1,1,1,urd,[LANG=urd] احسن اقبال کے دبنگ بیان پر بوٹ پالشی عرف ٹ پالشیوں کا رو رو کر بیان آئے گا۔ حکومت فوج سے محازآرائی کیوں کر رہی ہے۔,"[1.906018853187561, 2.088813543319702, 1.5391393899917603, 1.8632996082305908, 1.4740049839019775, 1.4687734842300415]"
urd_1048bca7e6bc0f09ef2a4e232d9075fe,غدار و وطن فروش آج بھی ھماری صفوں میں ھیں۔ @URL,0,0,0,0,0,0,urd,[LANG=urd] غدار و وطن فروش آج بھی ھماری صفوں میں ھیں۔ @URL,"[1.904539942741394, 1.9638267755508423, 1.3294000625610352, 1.914731740951538, 1.326919674873352, 1.3062859773635864]"
urd_ce1f624d57f7cf96390d8b92b9e454b4,اسلام آباد: صوبائیت کی باتیں کرنا مناسب نہیں، حکومت بین الصوبائی ہم آہنگی پر عمل پیرا ہے، ماروی میمن,0,0,0,0,0,0,urd,[LANG=urd] اسلام آباد: صوبائیت کی باتیں کرنا مناسب نہیں، حکومت بین الصوبائی ہم آہنگی پر عمل پیرا ہے، ماروی میمن,"[-0.4200572669506073, -0.10642224550247192, -0.8792397975921631, -0.006284409202635288, -0.3063817620277405, 0.068928062915802]"
urd_66d15a30a00496b6d7a4c17c8936ceac,غریب ملک کی عجیب کہانی 😂 جہاں امریکی خط کو نہیں مانا گیا وہاں ایک گونگے بہرے کے خط کو مان لیا گیا🖐🏽,0,1,0,1,0,1,urd,[LANG=urd] غریب ملک کی عجیب کہانی 😂 جہاں امریکی خط کو نہیں مانا گیا وہاں ایک گونگے بہرے کے خط کو مان لیا گیا🖐🏽,"[1.6585692167282104, 1.978004813194275, 1.6177629232406616, 1.6918245553970337, 1.485169768333435, 1.5884438753128052]"
urd_c83e9f38e0094b8009ab7e8498a95936,"وادی سوات جہاں سبزه خون میں رنگا تھا، وردی والوں نے اپنے خون سے اس دہشت کو ہرایا۔ ""زنده جو پاک دھرتی ھے اسکے پیچھے وردی ھے"" @URL",0,0,0,0,0,0,urd,"[LANG=urd] وادی سوات جہاں سبزه خون میں رنگا تھا، وردی والوں نے اپنے خون سے اس دہشت کو ہرایا۔ ""زنده جو پاک دھرتی ھے اسکے پیچھے وردی ھے"" @URL","[0.017889056354761124, -0.6004261374473572, -0.5922582149505615, -0.27006375789642334, -0.6908567547798157, -0.7384582757949829]"
urd_408454e5e2880ceba4a3e88234f8fcd7,کل بھی شیعہ کافر تھا. آج بھی شیعہ کافر ہے. قوٹ کرتے @USER #ShiiteAttackOnSahabaMarchISB,1,1,1,1,1,1,urd,[LANG=urd] کل بھی شیعہ کافر تھا. آج بھی شیعہ کافر ہے. قوٹ کرتے @USER #ShiiteAttackOnSahabaMarchISB,"[1.0911846160888672, 1.039699912071228, 0.3965212404727936, 1.8065016269683838, 0.5970587134361267, 0.6073735356330872]"
urd_1df8f89d032bf73332884800be5bedca,اگر شوبازشریف اور دیگر لیگی وزراء کی بکواس کا جواب بھی عمران خان نے خود دینا ہے تو پھر تحریک انصاف کی باقی قیادت کو OLX پہ بیچ دینا چاہیئے,1,1,0,0,0,0,urd,[LANG=urd] اگر شوبازشریف اور دیگر لیگی وزراء کی بکواس کا جواب بھی عمران خان نے خود دینا ہے تو پھر تحریک انصاف کی باقی قیادت کو OLX پہ بیچ دینا چاہیئے,"[1.6540887355804443, 1.8656352758407593, 1.4804867506027222, 1.4962165355682373, 1.48561429977417, 1.3992948532104492]"
urd_5cf05e71ad977c3bababdf0f33a4567a,چیف جسٹس کاپاکستان کوارٹرزکے مظلوم مہاجروں پر پولیس کے تشدد کاازخود نوٹس لینے کے بجائے انکے پرامن احتجاج کو لسانیت قرار دیناافسوسناک ہے۔ ڈاکٹر ندیم احسان #PakistanQuarters @USER,0,0,0,0,0,0,urd,[LANG=urd] چیف جسٹس کاپاکستان کوارٹرزکے مظلوم مہاجروں پر پولیس کے تشدد کاازخود نوٹس لینے کے بجائے انکے پرامن احتجاج کو لسانیت قرار دیناافسوسناک ہے۔ ڈاکٹر ندیم احسان #PakistanQuarters @USER,"[-0.6107120513916016, 0.17878058552742004, -1.2658474445343018, -0.8475704193115234, -0.37094923853874207, -0.8591738939285278]"
urd_03e49a48e79bb50e98677d0e299ffb9d,قطری، اور امریکی خط جعلی تےگجراتی اصلی 😎 پین یکیاں 😡,0,1,1,1,1,1,urd,[LANG=urd] قطری، اور امریکی خط جعلی تےگجراتی اصلی 😎 پین یکیاں 😡,"[1.769033670425415, 2.0954136848449707, 1.5394352674484253, 2.2467079162597656, 1.4272758960723877, 1.5234967470169067]"
urd_347e3ba6eb627c4ab0887ad3d2d14b60,عمران خان کےپاس منی ٹریل نہیں ہے ،حنیف عباسی #Abbtakk,0,0,0,0,0,0,urd,[LANG=urd] عمران خان کےپاس منی ٹریل نہیں ہے ،حنیف عباسی #Abbtakk,"[-2.1213903427124023, -2.155590295791626, -3.171236991882324, -2.622941255569458, -2.680109977722168, -2.4688351154327393]"
urd_7ffcfc4cce6cf7435c0a241b5312e129,پاکستانی میڈیا کو صرف پروپیگنڈہ کے لیے آذادی دہائی ہے #PakMediaBlackOutsPTMPC,1,1,0,0,0,1,urd,[LANG=urd] پاکستانی میڈیا کو صرف پروپیگنڈہ کے لیے آذادی دہائی ہے #PakMediaBlackOutsPTMPC,"[1.811061143875122, 1.7436870336532593, 1.2875919342041016, 1.4895201921463013, 1.3794705867767334, 1.2855688333511353]"
urd_273a19c83b0a138323fe5813d61c2297,عمران خان کا بیانیہ (بیرونی سازش) کی تصدیق ہو چکی۔ #امپورٹڈ_حکومت_نامنظور,1,1,1,1,1,1,urd,[LANG=urd] عمران خان کا بیانیہ (بیرونی سازش) کی تصدیق ہو چکی۔ #امپورٹڈ_حکومت_نامنظور,"[1.5450952053070068, 1.468554139137268, 1.1005853414535522, 1.291707992553711, 1.041463017463684, 1.3322999477386475]"
urd_bea5906001fd26381c3cdb1d98d25cd8,یہ ملک بے نامی اکاؤنٹس اور ٹی ٹیز پر نہیں چل سکتا،حماداظہر #AbbTakk,0,0,0,0,0,0,urd,[LANG=urd] یہ ملک بے نامی اکاؤنٹس اور ٹی ٹیز پر نہیں چل سکتا،حماداظہر #AbbTakk,"[-0.6417476534843445, -0.4639434516429901, -1.0329285860061646, -0.9065797328948975, -1.127763271331787, -0.7512739300727844]"
urd_6fa9c3864ece712bf430c11165e31977,جعلی مینڈیٹ سے آنے والے وزیراعظم اور وزراء نے اسمبلی کے فلور پر جھوٹ بولا ہے کہ انہوں نے آرمی کو ثالث بننے کی درخواست نہیں کی #YoumeInqilab,1,1,1,1,1,1,urd,[LANG=urd] جعلی مینڈیٹ سے آنے والے وزیراعظم اور وزراء نے اسمبلی کے فلور پر جھوٹ بولا ہے کہ انہوں نے آرمی کو ثالث بننے کی درخواست نہیں کی #YoumeInqilab,"[1.8121700286865234, 1.8151004314422607, 1.4146387577056885, 1.5713999271392822, 1.429907202720642, 1.3422518968582153]"
urd_a96d7df9ed7c20ed9f692b82d0eb3801,خدا ہر اُس شخص کی نسلیں برباد کرے جو ظاہری اور باطنی طور پر قادیانیت کی مدد اور اُسے تحفظ فراہم کرتا ہو 😡 بولو آمین,1,1,1,1,1,1,urd,[LANG=urd] خدا ہر اُس شخص کی نسلیں برباد کرے جو ظاہری اور باطنی طور پر قادیانیت کی مدد اور اُسے تحفظ فراہم کرتا ہو 😡 بولو آمین,"[1.5556317567825317, 1.5025780200958252, 1.1659272909164429, 1.2125990390777588, 1.1456938982009888, 1.0248185396194458]"
urd_6beedca1709e3e768e477920f5f65635,قادیانی کافر ہیں قادیانیت کی منافقت کا پردہ چاک کرنا ہو گا,1,1,1,1,1,0,urd,[LANG=urd] قادیانی کافر ہیں قادیانیت کی منافقت کا پردہ چاک کرنا ہو گا,"[1.8388962745666504, 1.799009919166565, 1.4961785078048706, 2.0588912963867188, 1.3974289894104004, 1.409950852394104]"
urd_8c6de6f69b1bc876279fa0b7d89164e1,انتہائی حیران کن بات یہ ہے کہ لبرل فاشسٹ اور دہریے دہشتگردوں پے آپریشن کیلیے اسلام کا سہارا لے رہے ہیں.,1,1,1,1,1,1,urd,[LANG=urd] انتہائی حیران کن بات یہ ہے کہ لبرل فاشسٹ اور دہریے دہشتگردوں پے آپریشن کیلیے اسلام کا سہارا لے رہے ہیں.,"[1.7545747756958008, 1.7609418630599976, 1.3494126796722412, 1.44019615650177, 1.3276989459991455, 1.1617012023925781]"
urd_3fdc988c0b3cc3ae96085d8392cc5982,جنوبی پنجاب صوبہ بنانے کیلئے 64 رکنی کمیٹی قائم: پنجاب حکومت نے جنوبی پنجاب صوبہ کے لئے چونسٹھ رکنی کمیٹی تشکیل دیدی ہے۔ صوبائی @URL,0,0,0,0,0,0,urd,[LANG=urd] جنوبی پنجاب صوبہ بنانے کیلئے 64 رکنی کمیٹی قائم: پنجاب حکومت نے جنوبی پنجاب صوبہ کے لئے چونسٹھ رکنی کمیٹی تشکیل دیدی ہے۔ صوبائی @URL,"[-2.842198371887207, -2.711982250213623, -3.062764883041382, -2.4872357845306396, -2.914473533630371, -2.694701910018921]"
urd_dab5ff60ba883cadc387ccb328472972,خان صاب کا اصل مسئلہ بیرونی سازش نہیں اندرونی خارش ھے اور خارش بھی مقامِ مخصوص کے اندرونی حصے میں 🤣😛🤣,0,1,1,1,0,1,urd,[LANG=urd] خان صاب کا اصل مسئلہ بیرونی سازش نہیں اندرونی خارش ھے اور خارش بھی مقامِ مخصوص کے اندرونی حصے میں 🤣😛🤣,"[0.2495904415845871, 0.4910050928592682, -0.1842280924320221, 0.017796074971556664, 0.06696134060621262, 0.1399010270833969]"
urd_d8d271cfc4c28410e283d7e1f4ccf262,#Anti_Islam_PTI_NoMore #pti لبرلز کی چیخیں نکالنے میں کس کا ہاتھ ہے۔؟ شیئر کریں,1,1,0,0,0,0,urd,[LANG=urd] #Anti_Islam_PTI_NoMore #pti لبرلز کی چیخیں نکالنے میں کس کا ہاتھ ہے۔؟ شیئر کریں,"[0.9689202904701233, 0.9139909148216248, 0.2875029146671295, 0.6767890453338623, 0.5980619788169861, 0.7270917296409607]"
urd_c3c6fab2c92e34ee45550064430278d7,#فسادیوں_کا_ٹھکانہ_جیل تو بھی آسیہ ملعونہ کی ناجائز اولاد ھے ۔بکاو لفافہ صحافی,1,1,1,1,1,1,urd,[LANG=urd] #فسادیوں_کا_ٹھکانہ_جیل تو بھی آسیہ ملعونہ کی ناجائز اولاد ھے ۔بکاو لفافہ صحافی,"[1.6670244932174683, 2.2084474563598633, 1.6213300228118896, 2.0977988243103027, 1.5800482034683228, 1.7386713027954102]"
urd_b66eb5655069aa140add8c07a38166c3,آزاد میڈیا کی ذمے داری ہےکہ اطلاعات کےفوائد بھی عوام تک پہنچائے ،پی بی اے,0,0,0,0,0,0,urd,[LANG=urd] آزاد میڈیا کی ذمے داری ہےکہ اطلاعات کےفوائد بھی عوام تک پہنچائے ،پی بی اے,"[-1.5875556468963623, -2.2525877952575684, -2.8145720958709717, -2.401750087738037, -2.4961729049682617, -1.9769225120544434]"
urd_fe3b6d455f89d8c63622fd185793f847,بھکاریوں کو اُنکا کرائم منسٹر مبارک ہو۔ #CrimeMinisterShahbazSharif #امپورٹڈ_گورمنٹ_نامنظور #امپورٹڈ_حکومت_نامنظور,1,1,1,1,1,1,urd,[LANG=urd] بھکاریوں کو اُنکا کرائم منسٹر مبارک ہو۔ #CrimeMinisterShahbazSharif #امپورٹڈ_گورمنٹ_نامنظور #امپورٹڈ_حکومت_نامنظور,"[1.8024826049804688, 2.2140746116638184, 1.275483250617981, 1.8182199001312256, 1.5104538202285767, 1.5871633291244507]"
urd_6ef145a5fe878bbbdfa1e5d6f2996956,سندھیوں کی مہمانوازی کی مہان مثال یہ ہے کہ اگر 19 سندھی ہوں اور ایک اردو بولنے والا تو 19 ئی اردو میں بات شروع کر دیتے ہیں۔ آصف سومرو,1,1,0,0,0,0,urd,[LANG=urd] سندھیوں کی مہمانوازی کی مہان مثال یہ ہے کہ اگر 19 سندھی ہوں اور ایک اردو بولنے والا تو 19 ئی اردو میں بات شروع کر دیتے ہیں۔ آصف سومرو,"[1.2811548709869385, 0.9931533932685852, 0.8443161249160767, 0.6791260242462158, 0.825967013835907, 0.7161165475845337]"
urd_94d5e02a11b2cefca20e010024e8f2af,علامہ اقبال یوٹرن کے بارے میں فرماتے ہیں۔ جھپٹنا ، پلٹنا، پلٹ کر جھپٹنا یوٹرن لینے کا ہے اک بہانہ,0,0,0,0,0,0,urd,[LANG=urd] علامہ اقبال یوٹرن کے بارے میں فرماتے ہیں۔ جھپٹنا ، پلٹنا، پلٹ کر جھپٹنا یوٹرن لینے کا ہے اک بہانہ,"[-0.3112405240535736, -0.30387571454048157, -0.4417836368083954, -0.8055875897407532, -0.734585702419281, -0.7068657875061035]"
urd_bf5884977b31255f49dfb5f1174c566b,افغانیوں بنگالیوں کو شناختی کارڈ دے رہا ہے مگر اپنی بیٹی ٹیریان کو نہیں دے گا، بیغیرت,1,1,1,1,1,1,urd,[LANG=urd] افغانیوں بنگالیوں کو شناختی کارڈ دے رہا ہے مگر اپنی بیٹی ٹیریان کو نہیں دے گا، بیغیرت,"[1.943457007408142, 2.206878423690796, 1.5671488046646118, 1.889417052268982, 1.6195039749145508, 1.6686794757843018]"
urd_1b034638ebc002eab5d083afb4be967a,بابا رحمتا پھر بازی لے گیا۔ گھٹیا پن میں !!!! @URL,1,1,1,1,1,1,urd,[LANG=urd] بابا رحمتا پھر بازی لے گیا۔ گھٹیا پن میں !!!! @URL,"[0.8871982097625732, 1.8301761150360107, 1.1118322610855103, 1.5223915576934814, 1.0194740295410156, 1.1948511600494385]"
urd_4b286de87bd395df7a4ab5335fe93a2f,اکشے کمار فلم ’’ڈشوم‘‘ میں ہم جنس پرست کے روپ میں نظرآئیں گے: فلم میں جان ابراہم ، ورن دھون اور جیکولین فرنی,0,0,0,0,0,0,urd,[LANG=urd] اکشے کمار فلم ’’ڈشوم‘‘ میں ہم جنس پرست کے روپ میں نظرآئیں گے: فلم میں جان ابراہم ، ورن دھون اور جیکولین فرنی,"[-3.087380886077881, -2.5286569595336914, -3.032650947570801, -2.6914970874786377, -2.8715882301330566, -2.655412435531616]"
urd_d978eddca420dcbc771b7d1704f7607c,اسلام آباد: چیرمین ایف بی آر کی بے نامی ٹرانزیکشن بل پر کمیٹی کوبریفنگ,0,0,0,0,0,0,urd,[LANG=urd] اسلام آباد: چیرمین ایف بی آر کی بے نامی ٹرانزیکشن بل پر کمیٹی کوبریفنگ,"[-2.9216465950012207, -2.9123411178588867, -3.1205077171325684, -3.0716676712036133, -3.091902732849121, -2.918578863143921]"
urd_96f8d4f3e38443586f84282191cea936,سب دھوکہ ہے کچھ نظر کا کچھ جذبات کا اور یہ جو نصیب اور قسمت کے چکر میں ڈالتے ہیں نا واجب القتل @USER,0,0,0,0,0,0,urd,[LANG=urd] سب دھوکہ ہے کچھ نظر کا کچھ جذبات کا اور یہ جو نصیب اور قسمت کے چکر میں ڈالتے ہیں نا واجب القتل @USER,"[-1.3356945514678955, -1.4635090827941895, -1.7319167852401733, -1.2383105754852295, -1.6661088466644287, -1.1694504022598267]"
urd_01afd50ff3e04186f668ddf4aeba8586,قادیانی ذلت ورسوائ کانشان ہیں جس نےبھی قادیانی سےہاتھ ملایا وہ دنیاوآخرت میں تباہ وبربادہوگیا,1,1,1,1,1,1,urd,[LANG=urd] قادیانی ذلت ورسوائ کانشان ہیں جس نےبھی قادیانی سےہاتھ ملایا وہ دنیاوآخرت میں تباہ وبربادہوگیا,"[0.2879685163497925, -0.3658680319786072, -0.5313540101051331, 0.1325722336769104, -0.31783872842788696, 0.006592904217541218]"
urd_47c8d5676e25fee7ecb6a65f41bfbb03,بیرونی مداخلت کی بجائے اگر اندرونی مداخلت پہ قابو پایا جائے تو 75% چیزیں درست ہو سکتی ہیں,0,0,0,0,0,0,urd,[LANG=urd] بیرونی مداخلت کی بجائے اگر اندرونی مداخلت پہ قابو پایا جائے تو 75% چیزیں درست ہو سکتی ہیں,"[-2.503253698348999, -2.2497615814208984, -2.5049288272857666, -2.0266222953796387, -2.184816837310791, -1.785955548286438]"
urd_542b642a2a29825f8e567725659f030c,شوبازیاں سازش سے نہیں بیرونی مداخلت سے ہو رہی ہیں #امپورٹڈ_حکومت_نامنظور,0,1,0,0,0,1,urd,[LANG=urd] شوبازیاں سازش سے نہیں بیرونی مداخلت سے ہو رہی ہیں #امپورٹڈ_حکومت_نامنظور,"[0.6435554623603821, 0.7705139517784119, 0.11034499108791351, 0.44790175557136536, 0.2936230003833771, 0.7853094935417175]"
urd_bac6e526af4c3d35f1d3a37fb35612ce,@USER @USER 92 چینل کی زرد صحافت در حقیقت ملک کے لیے خطرناک ھے - اپنے گریبان میں جھانکو اور کچھ تو شرم کرو,1,1,1,1,1,1,urd,[LANG=urd] @USER @USER 92 چینل کی زرد صحافت در حقیقت ملک کے لیے خطرناک ھے - اپنے گریبان میں جھانکو اور کچھ تو شرم کرو,"[1.724863052368164, 1.7329974174499512, 1.3119653463363647, 1.4295265674591064, 1.284132719039917, 1.3329825401306152]"
urd_7754c0bc0e4c439f27344d2a7ea181c1,فلسطین اسرائیل مذاکرات بحال کئے جائیں: بریکس ممالک @USER,0,0,0,0,0,0,urd,[LANG=urd] فلسطین اسرائیل مذاکرات بحال کئے جائیں: بریکس ممالک @USER,"[-2.9347829818725586, -2.6601362228393555, -2.7278759479522705, -2.8315114974975586, -2.828714609146118, -2.8348276615142822]"
urd_f4a2311b2ec781e03dc1668ff8ae8f8a,جو اب تک یوتھیا ہے وہ یوتھیا نہیں خالص چوتیا ہے,1,1,1,1,1,1,urd,[LANG=urd] جو اب تک یوتھیا ہے وہ یوتھیا نہیں خالص چوتیا ہے,"[1.6366347074508667, 2.0713374614715576, 1.7807773351669312, 1.863310694694519, 1.4121800661087036, 1.4571534395217896]"
urd_4e58c92127d8c37cb411439d7df02a94,ریاست مدینہ میں ایسے واقعات ہونگے کبھی سوچا نہ تھا. #MotowayIncident,0,0,0,0,0,0,urd,[LANG=urd] ریاست مدینہ میں ایسے واقعات ہونگے کبھی سوچا نہ تھا. #MotowayIncident,"[-1.859028935432434, -2.0183563232421875, -1.9479469060897827, -1.7781968116760254, -1.8674801588058472, -1.777574896812439]"
urd_2316da3452cc28c97e1ee07ddfacc83a,نواز شریف کا بیانیہ گھر پہنچا کر رھیں گے #شہباز_آرہا_ہے,0,0,0,0,0,0,urd,[LANG=urd] نواز شریف کا بیانیہ گھر پہنچا کر رھیں گے #شہباز_آرہا_ہے,"[0.7769775986671448, 0.9812659621238708, 0.2583279311656952, 0.5425349473953247, 0.5848047733306885, 0.5376933217048645]"
urd_7e21801ba477a8d1b4b43c2e51a943da,کسی کے خلاف مذہبی، نسلی یا فرقہ واریت کی بنیاد پر مواد ڈالنے یا چلانے پر 7 سال قید ہو گی۔ #WeSupportCyberCrimeBill,0,0,0,0,0,0,urd,[LANG=urd] کسی کے خلاف مذہبی، نسلی یا فرقہ واریت کی بنیاد پر مواد ڈالنے یا چلانے پر 7 سال قید ہو گی۔ #WeSupportCyberCrimeBill,"[-3.3519296646118164, -2.8415579795837402, -3.2460248470306396, -2.7533187866210938, -3.0101327896118164, -2.7366247177124023]"
urd_b8eb0073dd90912d4df359a7cd714ffd,شہر پر جعلی مینڈیٹ مسلط ہوُجاے تو وہی ہوتا ہے جو کراچی میں ہوا ہے۔,1,1,1,1,1,1,urd,[LANG=urd] شہر پر جعلی مینڈیٹ مسلط ہوُجاے تو وہی ہوتا ہے جو کراچی میں ہوا ہے۔,"[0.8689146041870117, 0.5432077050209045, 0.29826533794403076, -0.014848033897578716, 0.3085368871688843, 0.41788241267204285]"
urd_593c7722be4f492708987e08d6a8cd35,شیعہ سنی بھائی بھائی برما میں مسلمانوں پے ہونے والے ظلم و ستم کے خلاف انڈیا میں شیعہ سنی کا مشترکہ جلوس نکالا گیا,0,0,0,0,0,0,urd,[LANG=urd] شیعہ سنی بھائی بھائی برما میں مسلمانوں پے ہونے والے ظلم و ستم کے خلاف انڈیا میں شیعہ سنی کا مشترکہ جلوس نکالا گیا,"[-2.316783905029297, -2.164907455444336, -2.465740442276001, -2.359225273132324, -1.9777464866638184, -1.8702839612960815]"
urd_2572dc59a077dc273177d6f52d76e6a9,ڈسکہ والو آج ووٹ چوری کا حساب لینا ہے #ایک_واری_فیر_شیر,1,1,1,1,1,1,urd,[LANG=urd] ڈسکہ والو آج ووٹ چوری کا حساب لینا ہے #ایک_واری_فیر_شیر,"[1.0672639608383179, 1.4153212308883667, 1.1011611223220825, 1.0501668453216553, 0.8747063279151917, 1.2418121099472046]"
urd_be90a56c24bf91986e39dcf84b32a8b5,پٹرول 18 روپے اور ڈیزل 40 روپے لٹر سستا۔۔۔ وزیراعظم چیری بلاسم کا اعلان,1,1,1,1,1,1,urd,[LANG=urd] پٹرول 18 روپے اور ڈیزل 40 روپے لٹر سستا۔۔۔ وزیراعظم چیری بلاسم کا اعلان,"[1.8047904968261719, 2.177924633026123, 1.5963901281356812, 1.8513044118881226, 1.5942766666412354, 1.593284010887146]"
urd_8d612b4eb8c76c6d8ce168a77a36b6e5,لعنت ہو پاکستانی میڈیا پر جو کسی مظلوموں کے آواز کو نہیں دکھا رہے ہو۔,0,1,1,0,1,0,urd,[LANG=urd] لعنت ہو پاکستانی میڈیا پر جو کسی مظلوموں کے آواز کو نہیں دکھا رہے ہو۔,"[1.2188283205032349, 1.1550334692001343, 0.940250039100647, 1.1799339056015015, 0.9767957925796509, 0.9381171464920044]"
urd_a9f53b2b863305aab8a418e18324d415,ڈاکٹر جاسمین کے اسپیس یہ شبر زیدی کیا ہی کوئی چول گھٹیا آدمی ہے یہ پکا امریکا اور اسرائیل کا وکیل بن رہا #اسرائیلی_ایجنٹ_نامنظور,1,1,1,1,1,1,urd,[LANG=urd] ڈاکٹر جاسمین کے اسپیس یہ شبر زیدی کیا ہی کوئی چول گھٹیا آدمی ہے یہ پکا امریکا اور اسرائیل کا وکیل بن رہا #اسرائیلی_ایجنٹ_نامنظور,"[1.5875868797302246, 2.0888166427612305, 1.6183310747146606, 2.0450916290283203, 1.6283035278320312, 1.804426670074463]"
urd_7d1651f84e6da66c1f5607d67a055cb8,حامد میر کمینگی و گھٹیا پن کا قطب مینار ہے,1,1,1,1,1,1,urd,[LANG=urd] حامد میر کمینگی و گھٹیا پن کا قطب مینار ہے,"[1.7565293312072754, 2.3307838439941406, 1.4270341396331787, 2.0743601322174072, 1.5962769985198975, 1.6026653051376343]"
urd_6ec9646c0e741cdfaf27d220da1d26c7,"لبرلز کی دنیا:""سیکولر ""انڈیا میں باقاعدہ منصوبے کے تحت مسجد شہید @USER @USER @USER @USER @URL",1,0,0,0,0,1,urd,"[LANG=urd] لبرلز کی دنیا:""سیکولر ""انڈیا میں باقاعدہ منصوبے کے تحت مسجد شہید @USER @USER @USER @USER @URL","[0.1346924602985382, 0.0054845307022333145, -1.251998782157898, -0.7280923128128052, -0.6073654294013977, -0.7386048436164856]"
urd_d3ded1e6806ddb113f17fd91fc169ce0,بتلا دو گستاخ نبی کو غیرت مسلم۔زندہ ھے ان پر مر مٹنے کا جزبہ کل بھی تھا اور آج بھی ھے۔ #اجماع_امت_قادیانی_کافر,1,1,1,1,1,1,urd,[LANG=urd] بتلا دو گستاخ نبی کو غیرت مسلم۔زندہ ھے ان پر مر مٹنے کا جزبہ کل بھی تھا اور آج بھی ھے۔ #اجماع_امت_قادیانی_کافر,"[1.582383632659912, 1.963748812675476, 1.4814696311950684, 2.116145372390747, 1.444818139076233, 1.6721166372299194]"
urd_9c6e73341701efb21544a1cc71e58e4e,"بلب دیکھ کر ""تھامس ایڈیسن"" کو یاد کرنیوالے سورج دیکھ کر ""خالق عالم"" کے منکر کیوں؟",1,1,1,1,1,1,urd,"[LANG=urd] بلب دیکھ کر ""تھامس ایڈیسن"" کو یاد کرنیوالے سورج دیکھ کر ""خالق عالم"" کے منکر کیوں؟","[0.9678916931152344, 1.3250056505203247, 1.3058360815048218, 1.161435842514038, 0.9943299889564514, 0.9843981266021729]"
urd_e28db0451a47708669b3087ec19041cd,مولوی ڈیزل اپنی غداران،، زندگی کی آخری جنگ سمجھ کر لڑ رہا ھے #کتوں_کی_یلغار @USER,1,1,1,1,1,1,urd,[LANG=urd] مولوی ڈیزل اپنی غداران،، زندگی کی آخری جنگ سمجھ کر لڑ رہا ھے #کتوں_کی_یلغار @USER,"[1.7952897548675537, 2.1797003746032715, 1.4903944730758667, 1.730973720550537, 1.3557171821594238, 1.3960121870040894]"
urd_aaf1ead89edc4824b0d32105940122c4,پاکستان نے را ایجنٹ کی گرفتاری کا معاملہ عالمی سطح پر اٹھالیا،ذرائع,0,0,0,0,0,0,urd,[LANG=urd] پاکستان نے را ایجنٹ کی گرفتاری کا معاملہ عالمی سطح پر اٹھالیا،ذرائع,"[-2.8987410068511963, -3.0361955165863037, -2.983423948287964, -3.0847480297088623, -3.11468505859375, -2.901151418685913]"
urd_be6f420903528a95c144544bb7e5aeb5,#امپورٹڈ_حکومت_نامنظور پاکستان زندہ باد میرجعفر میر صادق مُردہ باد #امپورٹڈ_حکومت_نامنظور,1,1,1,1,1,1,urd,[LANG=urd] #امپورٹڈ_حکومت_نامنظور پاکستان زندہ باد میرجعفر میر صادق مُردہ باد #امپورٹڈ_حکومت_نامنظور,"[1.1296106576919556, 2.0597481727600098, 0.8241997361183167, 1.636820673942566, 1.2327399253845215, 1.2510343790054321]"
urd_8bea5ae0a313ffb69e84a94da1f5fad4,کوئی اس سلیکٹڈ وزیراعظم کو بتائے کہ ملک لنگر خانوں سے نہیں کارخانوں سے چلتے ہیں جو اس نکمے کی وجہ سے بند ہو رہے ہیں 😥😥😥,1,1,1,1,1,1,urd,[LANG=urd] کوئی اس سلیکٹڈ وزیراعظم کو بتائے کہ ملک لنگر خانوں سے نہیں کارخانوں سے چلتے ہیں جو اس نکمے کی وجہ سے بند ہو رہے ہیں 😥😥😥,"[1.6550071239471436, 2.056884765625, 1.49093496799469, 1.6169285774230957, 1.3589155673980713, 1.426662802696228]"
urd_466968dfd9c694bdf1f8467fe59126f0,#RecoverFaisalSubhan آج سمجھ آئی سپریم کورٹ نے شریف خاندان کا موازنہ گاڈ فادر اور اسکے خاندان سے کیوں کیا تھا @URL,1,1,1,1,1,1,urd,[LANG=urd] #RecoverFaisalSubhan آج سمجھ آئی سپریم کورٹ نے شریف خاندان کا موازنہ گاڈ فادر اور اسکے خاندان سے کیوں کیا تھا @URL,"[0.5996317863464355, 0.8059731125831604, 0.12122683227062225, -0.18879522383213043, 0.08395740389823914, -0.028174148872494698]"
urd_e350c7a09a11b81f59dc2feb3dd59f78,پشاور: خواجہ سرا علیشا کو چند روز قبل فائرنگ کا نشانہ بنایا گیا تھا ، پولیس,0,0,0,0,0,0,urd,[LANG=urd] پشاور: خواجہ سرا علیشا کو چند روز قبل فائرنگ کا نشانہ بنایا گیا تھا ، پولیس,"[-2.777472496032715, -2.5108895301818848, -2.951826810836792, -2.9999496936798096, -2.8773207664489746, -2.658812999725342]"
urd_e9d0c5f15ae7dfdc93f14f52e7f66c91,صدارتی نظام سے ملک کمزور ہوتا ہے،تفریق بڑھتی ہے،آرمی چیف,0,0,0,0,0,0,urd,[LANG=urd] صدارتی نظام سے ملک کمزور ہوتا ہے،تفریق بڑھتی ہے،آرمی چیف,"[1.3651440143585205, 1.0501054525375366, 0.36463239789009094, 0.8150588870048523, 0.8072968125343323, 0.9099840521812439]"
urd_100413080e83192734131ff560a022c6,تہمت لگا کے ماں پہ جو دشمن سے داد لے ایسے وطن فروش کو مر جانا چاہئیے۔ #غدار_نوازشریف @URL,1,1,1,1,1,1,urd,[LANG=urd] تہمت لگا کے ماں پہ جو دشمن سے داد لے ایسے وطن فروش کو مر جانا چاہئیے۔ #غدار_نوازشریف @URL,"[1.5725746154785156, 1.7380260229110718, 1.6757333278656006, 1.8867945671081543, 1.3342252969741821, 1.561145305633545]"
urd_59b2114413654220281699605f0b8b8d,تمام فسادات کی اصل جڑ ماتمی، خنجر بردار اور ماتمی جلوس ہیں.,1,1,1,1,1,1,urd,[LANG=urd] تمام فسادات کی اصل جڑ ماتمی، خنجر بردار اور ماتمی جلوس ہیں.,"[-0.8928775191307068, -1.46186101436615, -1.7195974588394165, -1.2686710357666016, -2.0267786979675293, -1.9984595775604248]"
urd_263a82a5c61bce82fdf8fc1dc39b2072,اگر سندھ حکومت نے سندھ میں تعلیم کو فروغ دیا ہوتا تو آج انور مقصود صاحب کو مزاحیہ تجزیے پر سندھیوں کو وضاحت نہ دینی @USER #AnwarMaqsood,1,1,1,1,1,1,urd,[LANG=urd] اگر سندھ حکومت نے سندھ میں تعلیم کو فروغ دیا ہوتا تو آج انور مقصود صاحب کو مزاحیہ تجزیے پر سندھیوں کو وضاحت نہ دینی @USER #AnwarMaqsood,"[0.7822154760360718, 0.82565838098526, 0.3615371286869049, 0.38332614302635193, 0.36192792654037476, 0.1680380403995514]"
urd_6fcf630140ebd5310761dee9656d174c,آج ہم پہ میر جعفر مسلط ہے۔ (عمران خان) #امپورٹڈحکومت_نامنظور #KarachiJalsaPTI,1,1,1,1,1,1,urd,[LANG=urd] آج ہم پہ میر جعفر مسلط ہے۔ (عمران خان) #امپورٹڈحکومت_نامنظور #KarachiJalsaPTI,"[1.7327179908752441, 1.9720820188522339, 1.2115999460220337, 1.6087779998779297, 1.3172082901000977, 1.5065171718597412]"
urd_24596e2f4b7d71e990a3775b138be1de,"لشکرِ جھنگوی کے دہشتگرد بلوچستان انسدادِ دہشتگردی عدالت سے ""باعزت"" بری ہونے کے بعد کورٹ کے احاطے میں کافر کافر شیعہ کافر کے نعرے لگاتے ہیں",1,0,0,1,0,0,urd,"[LANG=urd] لشکرِ جھنگوی کے دہشتگرد بلوچستان انسدادِ دہشتگردی عدالت سے ""باعزت"" بری ہونے کے بعد کورٹ کے احاطے میں کافر کافر شیعہ کافر کے نعرے لگاتے ہیں","[1.8524715900421143, 2.08120059967041, 1.6398444175720215, 2.0214505195617676, 1.6462080478668213, 1.602600336074829]"
urd_dbc5a3756ba6bb1dea01ffe43b161424,شاتم رسول کے لئے وعید ہے بڑی سخت نامراد ہوا ، برباد ہوا ، وہ ہے بڑا بد بخت  ﷺ #ProphetofCompassion,1,1,1,1,1,1,urd,[LANG=urd] شاتم رسول کے لئے وعید ہے بڑی سخت نامراد ہوا ، برباد ہوا ، وہ ہے بڑا بد بخت  ﷺ #ProphetofCompassion,"[0.361935555934906, 1.106127142906189, 0.8201908469200134, 1.4509968757629395, 0.7322579622268677, 0.9089361429214478]"
urd_e5560fa9273376f6cd27e66dbcb828dc,نہ ہی خدا ملا نہ وصال صنم ۔ ضمیر کے غدار بھی ہوگئے مطالعہ پاکستان والے اور انڈیا جیتا بھی نہیں ۔ 😁 #PakistanStudies,0,0,0,0,0,0,urd,[LANG=urd] نہ ہی خدا ملا نہ وصال صنم ۔ ضمیر کے غدار بھی ہوگئے مطالعہ پاکستان والے اور انڈیا جیتا بھی نہیں ۔ 😁 #PakistanStudies,"[1.1187548637390137, 1.165690302848816, 1.0455162525177002, 1.5622878074645996, 1.012122392654419, 1.1910892724990845]"
urd_908d074995602b3e181ba514de3cc0c5,#Poetry_Planet اگر ہو عشق تو ہے کُفر بھی مسلمانی نہ ہو تو مردِ مسلماں بھی کافر و زندیق,0,0,0,0,0,0,urd,[LANG=urd] #Poetry_Planet اگر ہو عشق تو ہے کُفر بھی مسلمانی نہ ہو تو مردِ مسلماں بھی کافر و زندیق,"[-0.07425147294998169, 0.04963468760251999, 0.38353264331817627, 0.7339684367179871, 0.015723949298262596, 0.2727055251598358]"
urd_067a52d14431019720dcdddcf714a6d6,قوم کو سلیکٹڈ وزیراعظم مبارک ہو #وزیرِاعظم_شہبازشریف,1,1,1,1,1,1,urd,[LANG=urd] قوم کو سلیکٹڈ وزیراعظم مبارک ہو #وزیرِاعظم_شہبازشریف,"[-1.9021409749984741, -1.7381359338760376, -2.128709554672241, -1.5653325319290161, -2.463520050048828, -1.953667402267456]"
urd_bca85c51aea076d974b16c2668144ce3,مولوی ڈیزل کہتا ہے یہودی لابی اسلام اور پاکستان کی دشمن ہے پھر ایک یہودی صحافی کے جھوٹ کو سچ مان کر ایک مسلمان پاکس… @USER,0,0,0,0,0,0,urd,[LANG=urd] مولوی ڈیزل کہتا ہے یہودی لابی اسلام اور پاکستان کی دشمن ہے پھر ایک یہودی صحافی کے جھوٹ کو سچ مان کر ایک مسلمان پاکس… @USER,"[1.904226303100586, 2.0651848316192627, 1.537406086921692, 1.877978801727295, 1.582492709159851, 1.673498272895813]"
urd_8ab303922ef8ed90b1813d780879a746,این اے 130 کے رہائشی خواجہ سرا کی زندگی کا پہلا ووٹ۔۔ :) @USER,0,0,0,0,0,0,urd,[LANG=urd] این اے 130 کے رہائشی خواجہ سرا کی زندگی کا پہلا ووٹ۔۔ :) @USER,"[-2.579740047454834, -2.988740921020508, -3.165087938308716, -2.9957528114318848, -2.9267265796661377, -2.8147547245025635]"
urd_d6c16e87eba000c048288d23d9a9560a,لاہور میں خوشی کی جشن اور کوئٹہ میں پشتونوں کی ماتم فرق اپ حود تلاش کریں. #MeToo,1,0,0,0,1,0,urd,[LANG=urd] لاہور میں خوشی کی جشن اور کوئٹہ میں پشتونوں کی ماتم فرق اپ حود تلاش کریں. #MeToo,"[0.9542439579963684, 0.37293383479118347, 0.20128628611564636, 0.386004775762558, 0.4168592691421509, 0.4787558615207672]"
urd_8f1581bcc138f6e3e5c734350f17a2f6,اخ تھو ووٹ چور ووٹ چوری چھوڑو نوازشریف سےبغض @USER کو عزت دو #ووٹ_کو_عزت_دو,1,1,0,0,1,1,urd,[LANG=urd] اخ تھو ووٹ چور ووٹ چوری چھوڑو نوازشریف سےبغض @USER کو عزت دو #ووٹ_کو_عزت_دو,"[1.2824074029922485, 1.6604784727096558, 1.0717843770980835, 1.8837727308273315, 1.1816551685333252, 1.2600083351135254]"
urd_70b92021561e5ed6cd0bcbb21d82d77c,لاہور میں داعش کی تشہیر پر نامعلوم افراد کے خلاف مقدمہ درج: داعش کے خلاف مذہبی منافرت کا مقدمہ تھانہ نواب @USER @USER,0,0,0,0,0,0,urd,[LANG=urd] لاہور میں داعش کی تشہیر پر نامعلوم افراد کے خلاف مقدمہ درج: داعش کے خلاف مذہبی منافرت کا مقدمہ تھانہ نواب @USER @USER,"[-2.7578155994415283, -2.1227540969848633, -2.7878074645996094, -2.6267080307006836, -2.6962413787841797, -2.6765553951263428]"
urd_51f03dc971cd16572b176f3e8c745f8e,پیپلز پارٹی کا جمہوریت کیلئے سب سے بڑا کارنامہ اٹھارویں ترمیم ہے۔ کوئی دوست بتائے گا کہ اس ترمیم سے سندہ اب تک کتنا فائدہ حاصل کرچکا ہے؟؟,1,1,1,1,1,1,urd,[LANG=urd] پیپلز پارٹی کا جمہوریت کیلئے سب سے بڑا کارنامہ اٹھارویں ترمیم ہے۔ کوئی دوست بتائے گا کہ اس ترمیم سے سندہ اب تک کتنا فائدہ حاصل کرچکا ہے؟؟,"[-1.4960750341415405, -1.4901973009109497, -1.9657412767410278, -1.5149614810943604, -1.923839807510376, -1.7469910383224487]"
urd_edd83013b535aac46c6a8c204bde58c5,ھھھھھ چائنہ چپل کا منہ پر پسل گیا 😅😅 آج آٹا سو روپے لیٹر مہنگا ہوا باقول عمرانڈوز,0,1,1,1,0,0,urd,[LANG=urd] ھھھھھ چائنہ چپل کا منہ پر پسل گیا 😅😅 آج آٹا سو روپے لیٹر مہنگا ہوا باقول عمرانڈوز,"[1.626821517944336, 2.0951380729675293, 1.643684983253479, 1.947087287902832, 1.464335560798645, 1.6610703468322754]"
urd_ee0d2ef03b9374996d9a613f69d01aa8,کج بے غیرت پنجابی انج دے وی ہن جو غیر پنجابی لیڈر نوں سپورٹ کریندن ۔ بہتر ہوئیگا اگر اپنے نوں پنجابی قوم پرست نہ آکھن پنجاب تے ترس کھاون,1,1,1,1,1,1,urd,[LANG=urd] کج بے غیرت پنجابی انج دے وی ہن جو غیر پنجابی لیڈر نوں سپورٹ کریندن ۔ بہتر ہوئیگا اگر اپنے نوں پنجابی قوم پرست نہ آکھن پنجاب تے ترس کھاون,"[1.8768377304077148, 2.1484899520874023, 1.495775818824768, 1.7214419841766357, 1.575639247894287, 1.539849877357483]"
urd_7fea2d15fd4254c5a242165ac4217560,لوٹوں کو اکھٹا کر کے جنوبی پنجاب صوبہ محاذ والے غائب ہو گئے جھوٹ بول کر جنوبی پنجاب کے عوام سے دھوکہ کیا گیا #WhereIsSouthPunjabProvince,1,1,1,1,1,1,urd,[LANG=urd] لوٹوں کو اکھٹا کر کے جنوبی پنجاب صوبہ محاذ والے غائب ہو گئے جھوٹ بول کر جنوبی پنجاب کے عوام سے دھوکہ کیا گیا #WhereIsSouthPunjabProvince,"[1.6150436401367188, 1.7126730680465698, 1.1622363328933716, 1.3073093891143799, 1.24801504611969, 1.0813382863998413]"
urd_78e38eeca10b74de812429cf08fe29b9,الحمدللہ پٹواریوں کا وزیراعظم لندن کی عدالت سے بھی سرٹیفائیڈ چور ثابت ہوگیا 😂🙏,1,1,1,1,1,1,urd,[LANG=urd] الحمدللہ پٹواریوں کا وزیراعظم لندن کی عدالت سے بھی سرٹیفائیڈ چور ثابت ہوگیا 😂🙏,"[1.774481177330017, 2.1916158199310303, 1.7467501163482666, 2.1300437450408936, 1.5722200870513916, 1.6798456907272339]"
urd_b2a76dd1a46b6e5a318283a5ea8a5ade,شیخ رشید، جی ایچ کیو کی نائن ہے۔,1,1,1,1,1,1,urd,[LANG=urd] شیخ رشید، جی ایچ کیو کی نائن ہے۔,"[1.7271525859832764, 2.2343432903289795, 1.3896645307540894, 1.7114602327346802, 1.4373561143875122, 1.617537021636963]"
urd_28384aca384bbe950f3705c94db74756,الیکشن دو ہزار تیرہ میں عوام کا مینڈیٹ چوری کیا گیا، محمد افضل خان @USER @USER @USER,0,0,0,0,0,0,urd,[LANG=urd] الیکشن دو ہزار تیرہ میں عوام کا مینڈیٹ چوری کیا گیا، محمد افضل خان @USER @USER @USER,"[-1.1411151885986328, -0.5655121207237244, -1.738085150718689, -1.0044872760772705, -1.1820446252822876, -0.5322949290275574]"
urd_8e5aa6ded1b85228c087ce63ce70d60b,عمران گھڑی چور کتی کا پتر ہے ن لیگ لندن ترجمان، تسنیم حیدر,1,1,1,1,1,1,urd,[LANG=urd] عمران گھڑی چور کتی کا پتر ہے ن لیگ لندن ترجمان، تسنیم حیدر,"[1.661816120147705, 2.1059021949768066, 1.5206406116485596, 1.8481264114379883, 1.43461275100708, 1.6015410423278809]"
urd_e2c2176d655f0aac1d38fe2d1686085f,"قوم کو پاک فوج پر پورا اعتماد ہے , پوری توقع ہے کہ باجوہ ڈاکٹرائن کا کسی این آر او کی کوشش سے کوئی تعلق نہیں ہوگا ۔ #FiveYearsOfFailure #DGISPR #SaqibNisar #SupremeCourt @USER",1,1,1,1,1,1,urd,"[LANG=urd] قوم کو پاک فوج پر پورا اعتماد ہے , پوری توقع ہے کہ باجوہ ڈاکٹرائن کا کسی این آر او کی کوشش سے کوئی تعلق نہیں ہوگا ۔ #FiveYearsOfFailure #DGISPR #SaqibNisar #SupremeCourt @USER","[1.5070686340332031, 1.616679310798645, 1.1994026899337769, 1.421644687652588, 1.1390917301177979, 1.1346912384033203]"
urd_fe727239ae1d73fdd9e702e6e1834d59,سر تن سے جدا ہو سکتا ہے لیکن ختم نبوت پر سودا نہیں ہو سکتا ہے #AhmadisAreNotMuslims #Expose_Qadyani_ProMinisters #قادیانی_کافرمرتد,1,0,1,1,0,1,urd,[LANG=urd] سر تن سے جدا ہو سکتا ہے لیکن ختم نبوت پر سودا نہیں ہو سکتا ہے #AhmadisAreNotMuslims #Expose_Qadyani_ProMinisters #قادیانی_کافرمرتد,"[1.689880609512329, 1.9477105140686035, 1.5598748922348022, 1.9286177158355713, 1.4583863019943237, 1.6295350790023804]"
urd_160da8409606c8b04ec21ea5863cb137,مرد اگر نامحرم سے اپنی نگاه محفوظ کر لے تو پھر بخدا کسی عورت کو بے پردگی کی لذت محسوس نه @URL,0,0,0,0,0,0,urd,[LANG=urd] مرد اگر نامحرم سے اپنی نگاه محفوظ کر لے تو پھر بخدا کسی عورت کو بے پردگی کی لذت محسوس نه @URL,"[1.8954286575317383, 1.8978607654571533, 1.697755217552185, 1.7389302253723145, 1.4889168739318848, 1.4850993156433105]"
urd_6a1b22947e3e45fe85a15c3dc60dfb5c,ہندو پلیدوں کو نیست و نابود کرنے والا ہمارا ہیرو ✌️ #محمد_بن_قاسم_مسلم_ہیرو,1,1,1,1,1,1,urd,[LANG=urd] ہندو پلیدوں کو نیست و نابود کرنے والا ہمارا ہیرو ✌️ #محمد_بن_قاسم_مسلم_ہیرو,"[1.3919777870178223, 1.6009597778320312, 1.2219548225402832, 1.9012019634246826, 1.108758568763733, 1.1802048683166504]"
urd_07ef1021561d67c32f563e15f904522b,اس بات سے ڈرنا چاہیے نہ جانے مجھے ایسا کیوں لگ رہا ہے کہ عوام کا اگلہ قدم گیٹ نمبر 4 ھے #امپورٹڈ_حکومت_نامنظور,1,0,0,0,0,1,urd,[LANG=urd] اس بات سے ڈرنا چاہیے نہ جانے مجھے ایسا کیوں لگ رہا ہے کہ عوام کا اگلہ قدم گیٹ نمبر 4 ھے #امپورٹڈ_حکومت_نامنظور,"[0.569782018661499, 0.7116994261741638, 0.24232876300811768, 0.38692381978034973, 0.43646109104156494, 0.4862784445285797]"
urd_6fcef613d68c3a97b902695b309aecfd,واشنگٹن: پاکستانی ایٹمی پروگرام ملکی دفاع کیلیےہے،اعزازچودھری,0,0,0,0,0,0,urd,[LANG=urd] واشنگٹن: پاکستانی ایٹمی پروگرام ملکی دفاع کیلیےہے،اعزازچودھری,"[-2.4974076747894287, -2.983361005783081, -3.3490068912506104, -2.6463093757629395, -3.196500301361084, -2.9837186336517334]"
urd_119254bd06dcfc926505e76bf373a195,"""جو دِل میں بس رہا ہے حکومت اُسی کی ہے "" نواز شریف کا بیانیہ عوام کے دِلوں میں گھر کرتا جارہا ہے"" روک سکو تو روک لو @USER",1,1,0,0,0,0,urd,"[LANG=urd] ""جو دِل میں بس رہا ہے حکومت اُسی کی ہے "" نواز شریف کا بیانیہ عوام کے دِلوں میں گھر کرتا جارہا ہے"" روک سکو تو روک لو @USER","[-0.35549551248550415, -0.33768853545188904, -0.9532449245452881, -0.409351110458374, -0.6469365954399109, -0.7095773816108704]"
urd_61a32caf54df3cfbfe2ad41b5626f855,گزشتہ حکومتوں کی طرح اگر تحریک انصاف کی حکومت بھی پردے جیسے اسلامی احکامات کے نفاذ کے فیصلے دیسی لبرلز کے ڈر سے واپس لیتی رہے گی تو پھر,1,1,0,0,1,0,urd,[LANG=urd] گزشتہ حکومتوں کی طرح اگر تحریک انصاف کی حکومت بھی پردے جیسے اسلامی احکامات کے نفاذ کے فیصلے دیسی لبرلز کے ڈر سے واپس لیتی رہے گی تو پھر,"[1.9552454948425293, 1.8749151229858398, 1.414732575416565, 1.5768053531646729, 1.527858018875122, 1.3800846338272095]"
urd_204c06767174c669f6556c891e4f15f7,سپریم کورٹ نے آخرکار جعلی صادق اور امین کو آئین کی خلاف ورزی کرنے پر اور آئین کو پامال کرنے پر مجرم قرار دیدیا #آئین_شکن_غدار,1,1,1,1,1,1,urd,[LANG=urd] سپریم کورٹ نے آخرکار جعلی صادق اور امین کو آئین کی خلاف ورزی کرنے پر اور آئین کو پامال کرنے پر مجرم قرار دیدیا #آئین_شکن_غدار,"[1.2531641721725464, 1.9253543615341187, 1.017879843711853, 1.4500988721847534, 1.068000316619873, 1.1540964841842651]"
urd_ebcfbe16b6ff0e27166f18b71b55f5ed,سما ٹی وی دھرنے اور جلسوں کو سپانسر کرتا رھا! لعنت ایسی آزاد میڈیا پر #mediaEnslaved,1,1,0,1,1,1,urd,[LANG=urd] سما ٹی وی دھرنے اور جلسوں کو سپانسر کرتا رھا! لعنت ایسی آزاد میڈیا پر #mediaEnslaved,"[1.6021802425384521, 1.9352964162826538, 1.4424922466278076, 1.826669454574585, 1.4730758666992188, 1.5051554441452026]"
urd_89a4ab63fb2c8e7ac2149c489ae9d661,زات ،پات مزہب لسانیت سے برتر سب سے پہلے پاکستان #IndiaStopTerrorism,0,0,0,0,0,0,urd,[LANG=urd] زات ،پات مزہب لسانیت سے برتر سب سے پہلے پاکستان #IndiaStopTerrorism,"[-0.02301560714840889, -0.4536391496658325, -1.0533933639526367, 0.25682613253593445, -0.9574068188667297, -0.792637288570404]"
urd_2b0c34c3b4c5a12a0bc2d8ae57662eb5,اقوام متحدہ میں عمران کی تقریر ۔ تین خامیاں 1. مذہبی انتہا پسندی 2۔ ایٹمی جنگ کی دھمکی @USER معاملات اور جھوٹ,1,1,1,1,1,1,urd,[LANG=urd] اقوام متحدہ میں عمران کی تقریر ۔ تین خامیاں 1. مذہبی انتہا پسندی 2۔ ایٹمی جنگ کی دھمکی @USER معاملات اور جھوٹ,"[0.8604456186294556, 1.1045573949813843, 0.6648098230361938, 0.7397773265838623, 0.7973983883857727, 0.7500466704368591]"
urd_abb55a3ca95629580e6f2e903a971a04,ترقی پسند جماعت کو دیوار سے لگا کر شہر کو مذہبی انتہا پسندی کے حوالے کیاجا رہا ہے ،فاروق ستار,1,1,1,1,1,1,urd,[LANG=urd] ترقی پسند جماعت کو دیوار سے لگا کر شہر کو مذہبی انتہا پسندی کے حوالے کیاجا رہا ہے ،فاروق ستار,"[1.0999436378479004, 1.0384494066238403, 0.49722591042518616, 0.5730071067810059, 0.7042345404624939, 0.3870944678783417]"
urd_63f96397e8d495b50fffe421e82c9ef6,شہلا رضا صاحبہ کا رجحان ہمیشہ سے فرقہ ورانہ اور تعصب پرست رہاہے۔ ان سے درخواست ہے کہ عوام میں محبتیں پھیلائیں نفرتوں سے گریز کریں۔,1,1,0,1,0,0,urd,[LANG=urd] شہلا رضا صاحبہ کا رجحان ہمیشہ سے فرقہ ورانہ اور تعصب پرست رہاہے۔ ان سے درخواست ہے کہ عوام میں محبتیں پھیلائیں نفرتوں سے گریز کریں۔,"[-0.5061209201812744, -0.5533410906791687, -1.3338395357131958, -0.8661817312240601, -0.9307807087898254, -1.0232009887695312]"
urd_210b970b3e9ff9bebe4b0e16f9edae85,سندھ حکومت اٹھارویں ترمیم سے پہلے پنجاب سے شکایات اور اب پیسا ملنے کے بعد کھا پی رہے ہیں ، سندھ کو کوئی فائدہ نہیں,1,1,1,1,1,1,urd,[LANG=urd] سندھ حکومت اٹھارویں ترمیم سے پہلے پنجاب سے شکایات اور اب پیسا ملنے کے بعد کھا پی رہے ہیں ، سندھ کو کوئی فائدہ نہیں,"[1.8740487098693848, 1.9246270656585693, 1.4422763586044312, 1.6219708919525146, 1.5713423490524292, 1.5292880535125732]"
urd_0f13538bde491378aa593695750d97ec,@USER کیا یہ واقعی سچ ہے کہ چیری بلاسم بوٹ پالشیا انٹرنیشنل چور جوکر وزیراعظم شہباز شریف کو تھپڑ پڑا ؟؟؟,1,1,1,1,1,1,urd,[LANG=urd] @USER کیا یہ واقعی سچ ہے کہ چیری بلاسم بوٹ پالشیا انٹرنیشنل چور جوکر وزیراعظم شہباز شریف کو تھپڑ پڑا ؟؟؟,"[1.7049859762191772, 2.1296911239624023, 1.5239282846450806, 2.277132034301758, 1.4363750219345093, 1.4822527170181274]"
urd_5feee8f5369aa3644d48b1d75d173307,#منظورنامنظور لیکن افغانی جلیبی ہمیں منظور پیش کرو 🙈🙈,1,1,1,1,1,1,urd,[LANG=urd] #منظورنامنظور لیکن افغانی جلیبی ہمیں منظور پیش کرو 🙈🙈,"[1.4480791091918945, 1.8106178045272827, 1.2703758478164673, 1.4079478979110718, 1.1427202224731445, 1.0315237045288086]"
urd_9dc82367cd9d615ee91c3f0f8ee0229a,السلام عليكم ورحمة الله وبركاته کرونا وائرس لا علاج نہیں اس کا مکمل علاج اسلامی نظام زندگی ہے #LetsFightCorona,1,1,1,1,1,1,urd,[LANG=urd] السلام عليكم ورحمة الله وبركاته کرونا وائرس لا علاج نہیں اس کا مکمل علاج اسلامی نظام زندگی ہے #LetsFightCorona,"[1.0524234771728516, 0.7598649859428406, 0.800399899482727, 1.3195757865905762, 0.7238316535949707, 0.5027738213539124]"
urd_46e6bc67ea76fe004ffe53c3791572e6,پارلیمانی نظام کو دیکھا اور بہت ہی مایوس کن پایا اب #عوام_مانگے_صدارتی_نظام,1,1,1,1,1,1,urd,[LANG=urd] پارلیمانی نظام کو دیکھا اور بہت ہی مایوس کن پایا اب #عوام_مانگے_صدارتی_نظام,"[1.0311625003814697, 1.0436733961105347, 0.4399208128452301, 0.8033536076545715, 0.7055713534355164, 0.8051545023918152]"
urd_7df0ea7426db2250134a28fa99d78300,نوازشریف اور بےنظیر نے لندن میں دنیا کے سامنےبیٹھ کر مشرف کی فوجی آمریت کےخلاف میثاق جمہوریت کیا امران خان کی طرح چهپ کرملاقاتیں نہیں کیں,1,1,1,1,1,1,urd,[LANG=urd] نوازشریف اور بےنظیر نے لندن میں دنیا کے سامنےبیٹھ کر مشرف کی فوجی آمریت کےخلاف میثاق جمہوریت کیا امران خان کی طرح چهپ کرملاقاتیں نہیں کیں,"[1.340590238571167, 1.1589447259902954, 1.2185817956924438, 0.6658449172973633, 0.998414933681488, 0.8536807298660278]"
urd_5149704d9bbbe3327513f5ad2da91974,3 چیزیں ھر نئی حکومت میں منتقل ہو جاتی ہے. .پی ٹی وی جیو نیوز مولانا ڈیزل @USER @USER #تینوں_نسلیں_چور_نکلیں,1,1,1,1,1,1,urd,[LANG=urd] 3 چیزیں ھر نئی حکومت میں منتقل ہو جاتی ہے. .پی ٹی وی جیو نیوز مولانا ڈیزل @USER @USER #تینوں_نسلیں_چور_نکلیں,"[1.8144090175628662, 2.068587303161621, 1.4655430316925049, 1.5340149402618408, 1.350085973739624, 1.4852979183197021]"
urd_0f9c0366ffad387c8e525391dcce4614,@USER رضا ربانی، ناکام صدارتی نہیں پارلیمانی نظام ہے۔ کس صدر کے تحت اتنی بد انتظامی اور کرپشن تھی جتنی منتخب وزیر اعظموں کے تحت؟,0,0,0,0,0,0,urd,[LANG=urd] @USER رضا ربانی، ناکام صدارتی نہیں پارلیمانی نظام ہے۔ کس صدر کے تحت اتنی بد انتظامی اور کرپشن تھی جتنی منتخب وزیر اعظموں کے تحت؟,"[1.0125713348388672, 1.1330291032791138, 0.6512141227722168, 0.5647761821746826, 0.6937516331672668, 0.7980526089668274]"
urd_93066feea4fdd19f54a8311c803cf31c,‘ہندو میرج بل 2017’ سینیٹ سے منظور #Urdu,0,0,0,0,0,0,urd,[LANG=urd] ‘ہندو میرج بل 2017’ سینیٹ سے منظور #Urdu,"[-2.9839437007904053, -2.9472227096557617, -2.8965771198272705, -2.7311043739318848, -3.067938804626465, -2.7800614833831787]"
urd_988a488e32bd09478f42adb4af4ef845,مذہبی و سیاسی شخصیات کی پُوجا پاکستانی معاشرے کو تباہی کی جانب لے جا رہی ہے. #NoToExtremism,1,1,1,1,1,1,urd,[LANG=urd] مذہبی و سیاسی شخصیات کی پُوجا پاکستانی معاشرے کو تباہی کی جانب لے جا رہی ہے. #NoToExtremism,"[1.1263532638549805, 1.0824066400527954, 0.674578070640564, 1.2877755165100098, 0.7635654807090759, 0.5543906092643738]"
urd_5c40b5a92eceda325eaa2350c574d587,افغانیوں کی واپسی کا وقت ہوا چاہتا ہے اب ان حرام خوروں کو نکال دو پاکستان سے۔ #GoAfghaniGo,0,1,1,1,1,0,urd,[LANG=urd] افغانیوں کی واپسی کا وقت ہوا چاہتا ہے اب ان حرام خوروں کو نکال دو پاکستان سے۔ #GoAfghaniGo,"[1.8002920150756836, 1.8532416820526123, 1.6732068061828613, 2.1799705028533936, 1.5208864212036133, 1.6302934885025024]"
urd_0675e4fd0f3d5ef3f42b1dea6d5080bd,وقت آ گیا ہے کہ مطالبہ کیاجائےکہ سلیکٹڈ وزیراعظم کانفسیاتی معائنہ کرایاجائے،احسن اقبال لگتا ہے اس بار خان نے کوئی گہری چوٹ پہنچائی ہے ۔ 😜,1,1,1,1,1,1,urd,[LANG=urd] وقت آ گیا ہے کہ مطالبہ کیاجائےکہ سلیکٹڈ وزیراعظم کانفسیاتی معائنہ کرایاجائے،احسن اقبال لگتا ہے اس بار خان نے کوئی گہری چوٹ پہنچائی ہے ۔ 😜,"[0.5557765364646912, 1.0958278179168701, 0.4788306951522827, 0.83843994140625, 0.5909548401832581, 0.7086376547813416]"
urd_da668a05e1716813d88ade28fde27b22,آزادی مارچ سےپہلےمارشل لالگاتوسب سےپہلےگولی کھاؤنگا،جاویدہاشمیSamaa Tv,0,0,0,0,0,0,urd,[LANG=urd] آزادی مارچ سےپہلےمارشل لالگاتوسب سےپہلےگولی کھاؤنگا،جاویدہاشمیSamaa Tv,"[0.07186280936002731, 0.30519428849220276, 0.23279088735580444, 0.3928350508213043, -0.08575007319450378, -0.3267955482006073]"
urd_1b51f01b7235afdeac69efaebc11fb4e,کیا یہی وہ نیا پاکستان ہے جس کا خواب کپتان نے دیکھا تھا ؟؟؟ ہمیں نیا پاکستان نئیں چاہیے ، @USER #BringBackSabirHashmi,0,0,0,0,0,0,urd,[LANG=urd] کیا یہی وہ نیا پاکستان ہے جس کا خواب کپتان نے دیکھا تھا ؟؟؟ ہمیں نیا پاکستان نئیں چاہیے ، @USER #BringBackSabirHashmi,"[0.8146138191223145, 0.7476615309715271, 0.5707411766052246, 0.7331627607345581, 0.487446129322052, 0.6159529089927673]"
urd_93b7dc445f058952cf6b965a5a32c9b6,:) امیر شہر کی نظروں میں سرکش و مفسد خطیب شہر کے خطبوں میں کافرو مرتد,0,0,0,0,0,0,urd,[LANG=urd] :) امیر شہر کی نظروں میں سرکش و مفسد خطیب شہر کے خطبوں میں کافرو مرتد,"[1.8098152875900269, 2.032947063446045, 1.210161566734314, 1.8476316928863525, 1.3341913223266602, 1.338977575302124]"
urd_30be6221f9036c8126a8e3dd884541f1,#UnfollowHamidMir زرد صحافت اور لفافہ صحافت کا علم بردار,1,1,1,1,1,1,urd,[LANG=urd] #UnfollowHamidMir زرد صحافت اور لفافہ صحافت کا علم بردار,"[1.8784892559051514, 2.0807080268859863, 1.3626569509506226, 1.5380339622497559, 1.4381821155548096, 1.570278286933899]"
urd_51ddaff848ea98552b01f18d0e6f631b,دو قومی نظریہ کہیں یا الیکٹڈ اور سلیکٹڈ میں فرق قانون کی کتابیں لکھنے والے بنانا رپلک میں ہونے والے تماشوں پر ہستے تو ہوں گے @USER,1,1,1,1,1,1,urd,[LANG=urd] دو قومی نظریہ کہیں یا الیکٹڈ اور سلیکٹڈ میں فرق قانون کی کتابیں لکھنے والے بنانا رپلک میں ہونے والے تماشوں پر ہستے تو ہوں گے @USER,"[1.3839716911315918, 1.4621766805648804, 1.2078438997268677, 1.1011635065078735, 1.1559867858886719, 1.089476227760315]"
urd_4209a37dcb27eb0b0cf6641d04ae2a96,یوتھیا یوتھیا کہنے والو سنو ذرا مراٹھی زبان میں یوتھیا بہنوئی کو کہتے ہیں۔۔ اس لیے کہتے ہیں کم علم جان کا خطرہ😂,1,1,1,1,1,1,urd,[LANG=urd] یوتھیا یوتھیا کہنے والو سنو ذرا مراٹھی زبان میں یوتھیا بہنوئی کو کہتے ہیں۔۔ اس لیے کہتے ہیں کم علم جان کا خطرہ😂,"[1.5785460472106934, 1.3692727088928223, 1.509926199913025, 1.1637154817581177, 1.1404156684875488, 1.1530630588531494]"
urd_dfc8e884eca64ea9abe6149b1e9672dc,اوریا مقبول جان کے نام کی وجہ سے دیسی لبرلز کی چیخیں مریخ پہ بھی سنائی دے رھی ھیں😜. #NASA,1,0,1,1,1,0,urd,[LANG=urd] اوریا مقبول جان کے نام کی وجہ سے دیسی لبرلز کی چیخیں مریخ پہ بھی سنائی دے رھی ھیں😜. #NASA,"[1.8758519887924194, 2.0085396766662598, 1.2592417001724243, 1.5139009952545166, 1.515381097793579, 1.406532645225525]"
urd_848bbcfa6a63075f89e747830f01b218,نا منظور نا منظور ۔۔۔ لفافہ صحافت نا منظور #ج_سے_جھوٹا,0,1,0,1,0,1,urd,[LANG=urd] نا منظور نا منظور ۔۔۔ لفافہ صحافت نا منظور #ج_سے_جھوٹا,"[1.5608057975769043, 2.3622331619262695, 1.4528183937072754, 1.874873399734497, 1.4636776447296143, 1.6908278465270996]"
urd_0342a611d2980c7b0ee37d8f66794c0e,"مادر پدر آزاد میڈیا کو جبتک اخلاق اور غیرحقیقی تبصروں اورتجزیوں سے بعض رہنے کیلئےکسی قانون کاپابند نہ کیا گیا, اکثریت پراقلیت بھاری رہے گی.",1,1,0,1,0,0,urd,"[LANG=urd] مادر پدر آزاد میڈیا کو جبتک اخلاق اور غیرحقیقی تبصروں اورتجزیوں سے بعض رہنے کیلئےکسی قانون کاپابند نہ کیا گیا, اکثریت پراقلیت بھاری رہے گی.","[0.10223904997110367, -0.1423460692167282, -0.3249785006046295, 0.044527314603328705, -0.12539906799793243, 0.00015520036686211824]"
urd_912d44ed12f7b598c55390236883b245,حکومت آزادی اظہار رائے پہ یقین رکھتی ہے، مولانا فضل الرحمن کی ریاست مخالف تقاریر پہ پابندی لگانے والے ادارے آزاد ہیں حکومت کیجانب سے کوئی حکم ہے نہ مداخلت! @USER,0,0,0,1,0,0,urd,[LANG=urd] حکومت آزادی اظہار رائے پہ یقین رکھتی ہے، مولانا فضل الرحمن کی ریاست مخالف تقاریر پہ پابندی لگانے والے ادارے آزاد ہیں حکومت کیجانب سے کوئی حکم ہے نہ مداخلت! @USER,"[-1.5961881875991821, -1.2045990228652954, -2.0807106494903564, -1.2356481552124023, -1.8758368492126465, -1.816848874092102]"
urd_0acc24314f0ede847ec607a8df8326c6,افغانی ذرائع ابلاغ اسلامی و افغانی اقدار کا تحفظ کرے @USER,0,0,0,0,0,0,urd,[LANG=urd] افغانی ذرائع ابلاغ اسلامی و افغانی اقدار کا تحفظ کرے @USER,"[-1.5487512350082397, -1.5958893299102783, -2.080944061279297, -0.8786582946777344, -2.4375953674316406, -1.9537533521652222]"
urd_aaf678fa71b64f6bbba2fd2f5385cc6d,عمران خان کا آزادی مارچ کے شرکا سے خطاب @USER,0,0,0,0,0,0,urd,[LANG=urd] عمران خان کا آزادی مارچ کے شرکا سے خطاب @USER,"[-2.956315040588379, -2.6009905338287354, -2.931199550628662, -2.909122943878174, -2.961343288421631, -2.8246865272521973]"
urd_ea722ba96626bdb21dc7da5ea44d5401,سارے انڈین عمران کی جیت پر خوش اور غدار، مودی کا یار صرف نواز شریف @USER,1,1,1,1,1,1,urd,[LANG=urd] سارے انڈین عمران کی جیت پر خوش اور غدار، مودی کا یار صرف نواز شریف @USER,"[1.3159881830215454, 1.5039498805999756, 0.8197755813598633, 1.3803691864013672, 1.0133250951766968, 0.937457263469696]"
urd_db6e00bf9fc43be9b06f124ebe5c4414,#بدزبان_علی_زیدی تم ایک بہترین بے حیا انسان ہو علی زیدی۔۔۔,1,1,1,1,1,1,urd,[LANG=urd] #بدزبان_علی_زیدی تم ایک بہترین بے حیا انسان ہو علی زیدی۔۔۔,"[1.4192616939544678, 2.240523338317871, 1.6061044931411743, 2.0555264949798584, 1.4268014430999756, 1.516170620918274]"
urd_990293f6cef19cd130c7f71304aee7ac,داعش سے نمٹنے کے لیے فرقہ واریت ختم کریں،سینیٹر عبدالقیوم,0,0,0,0,0,0,urd,[LANG=urd] داعش سے نمٹنے کے لیے فرقہ واریت ختم کریں،سینیٹر عبدالقیوم,"[-1.7137503623962402, -0.8343562483787537, -1.8632488250732422, -1.0281052589416504, -1.120328664779663, -1.3542863130569458]"
urd_e9fdedd03de8927c9e06f834626cdec4,انشاءاللّٰه  آج یہود و نصاریٰ کی سرزمین ہوگی اور خان بولےگا اِیٙاکٙ نٙعبدُوٙاِیٙاکٙ نٙسّتٙعِین💞💞💞 #PMIKInUSA @USER,1,1,1,1,1,1,urd,[LANG=urd] انشاءاللّٰه  آج یہود و نصاریٰ کی سرزمین ہوگی اور خان بولےگا اِیٙاکٙ نٙعبدُوٙاِیٙاکٙ نٙسّتٙعِین💞💞💞 #PMIKInUSA @USER,"[1.3452763557434082, 1.1858370304107666, 1.185853123664856, 1.285756230354309, 0.9151731133460999, 1.215638279914856]"
urd_17444ca447f5a75e682c85afbc98c976,غور نگاہ سب حضرات مدینہ جیسی ریاست کا خواب شرمندہ تعبیر ھوتے ھوٸے دیکھ لیں قوم لوط اور یوتھیوں اینڈ پیسٹریوں کو نیا پاکستان مبارک ہو @USER,1,1,1,1,1,0,urd,[LANG=urd] غور نگاہ سب حضرات مدینہ جیسی ریاست کا خواب شرمندہ تعبیر ھوتے ھوٸے دیکھ لیں قوم لوط اور یوتھیوں اینڈ پیسٹریوں کو نیا پاکستان مبارک ہو @USER,"[1.8780620098114014, 1.7892745733261108, 1.4380491971969604, 1.7413959503173828, 1.4432973861694336, 1.3412199020385742]"
urd_758213dd7049aa42fa58b3f0b5e7e048,سینیٹ الیکشن میں ہارس ٹریڈنگ کے الزامات تو بہت لگے لیکن کیا کوئی الیکشن کمیشن کو ثبوت بھی دے پائے گا؟#capitaltalk,1,1,1,1,1,1,urd,[LANG=urd] سینیٹ الیکشن میں ہارس ٹریڈنگ کے الزامات تو بہت لگے لیکن کیا کوئی الیکشن کمیشن کو ثبوت بھی دے پائے گا؟#capitaltalk,"[-1.4584696292877197, -1.0232521295547485, -1.952445387840271, -1.1927255392074585, -1.3508267402648926, -1.2016006708145142]"
urd_7e4b443010b0ba9634999ee5faa99ac7,وہ بھی کیا لوگ تھے جو شہر کے چوراہے پر واجب القتل ہوئے اپنی وفاؤں کے طفیل,0,0,0,0,0,0,urd,[LANG=urd] وہ بھی کیا لوگ تھے جو شہر کے چوراہے پر واجب القتل ہوئے اپنی وفاؤں کے طفیل,"[-0.9348211288452148, -1.3918421268463135, -1.7645500898361206, -1.5343683958053589, -1.4542357921600342, -0.9972162246704102]"
urd_745ab4532fc585d6b3936fa36318a6ef,جمہوریت جمہوریت کا نعرہ لگانے والے یہ بتائیں کہ کونسی جمہوریت کا اصول ہے کہ پیسا کھاؤ اور NRO لے لو #نسلی_ڈیفیکٹڈ,1,1,1,1,1,1,urd,[LANG=urd] جمہوریت جمہوریت کا نعرہ لگانے والے یہ بتائیں کہ کونسی جمہوریت کا اصول ہے کہ پیسا کھاؤ اور NRO لے لو #نسلی_ڈیفیکٹڈ,"[1.4647181034088135, 1.4669655561447144, 1.2727700471878052, 1.4140088558197021, 1.1682467460632324, 1.263292908668518]"
urd_d3bbe686fc5ea5afa27ed72b734e9349,مجھے سمجھ نہیں آتی یہ عورتیں تو بے حیائی پہ اترتی ہیں عورت مارچ کے نام پر یہ ہیجڑے نما مرد کونسی آزادی کی بات کرتے ہیں #SayNoToFeminism,1,1,1,1,1,1,urd,[LANG=urd] مجھے سمجھ نہیں آتی یہ عورتیں تو بے حیائی پہ اترتی ہیں عورت مارچ کے نام پر یہ ہیجڑے نما مرد کونسی آزادی کی بات کرتے ہیں #SayNoToFeminism,"[1.9391552209854126, 1.9511374235153198, 1.626288652420044, 1.9009709358215332, 1.5634055137634277, 1.5557149648666382]"
urd_d0516339306e7e41b414f25c9c2edf09,@USER  قادری کے اعتماد اور انگریزی کے پیچھے یہود و نصاریٰ کی پالیسی پنہاں ہے اور عمران  اغوا ہو چکے ہیں #GoImranGo,1,1,1,1,1,1,urd,[LANG=urd] @USER  قادری کے اعتماد اور انگریزی کے پیچھے یہود و نصاریٰ کی پالیسی پنہاں ہے اور عمران  اغوا ہو چکے ہیں #GoImranGo,"[1.618009328842163, 1.6921647787094116, 1.2909399271011353, 1.227964162826538, 1.2279764413833618, 1.207072138786316]"
urd_ab54a2ad940a3047e34fc96c3be4bc64,بینظیر کی برسی، جیالوں نے خون سے چراغ روشن کئے @USER,0,0,0,0,0,0,urd,[LANG=urd] بینظیر کی برسی، جیالوں نے خون سے چراغ روشن کئے @USER,"[-2.7266623973846436, -2.445760726928711, -3.3201487064361572, -2.6451478004455566, -3.073483943939209, -2.9185450077056885]"
urd_9fc24a118a8aa107ac52448522c43538,قلم فروش صحافی ایک جسم فروش طوائف سے زیادہ بدکردار ہے ۔,1,1,1,1,1,1,urd,[LANG=urd] قلم فروش صحافی ایک جسم فروش طوائف سے زیادہ بدکردار ہے ۔,"[1.6346580982208252, 1.9777320623397827, 1.7656954526901245, 1.984001874923706, 1.4983859062194824, 1.69693124294281]"
urd_ae7b574d170ac5dc0bc9b41e30a7941d,#ConstitutionWins اب یوتھیوں آپ کو پتہ چلا گیا ملک کا غدار کون ہے۔,1,1,1,1,1,1,urd,[LANG=urd] #ConstitutionWins اب یوتھیوں آپ کو پتہ چلا گیا ملک کا غدار کون ہے۔,"[2.0315909385681152, 2.003237724304199, 1.4844835996627808, 1.8024309873580933, 1.478657603263855, 1.4985030889511108]"
urd_c97aa024f25a783f5b8bfb816c4efb22,امت کو یہودی ایجنٹ نما خلیفہ مبارک ہو۔ #ISIS,1,1,1,1,1,1,urd,[LANG=urd] امت کو یہودی ایجنٹ نما خلیفہ مبارک ہو۔ #ISIS,"[1.8317492008209229, 2.270376682281494, 1.6346606016159058, 1.9356392621994019, 1.553450584411621, 1.7260650396347046]"
urd_2406c2242ce19d683b4028982b94b6e8,یہودی ایجنٹ کو سعودیہ میں اتنی عزت؟ 😉 @USER,1,1,1,1,1,1,urd,[LANG=urd] یہودی ایجنٹ کو سعودیہ میں اتنی عزت؟ 😉 @USER,"[0.918775200843811, 1.4336137771606445, 0.8940749764442444, 0.7588125467300415, 0.9139485955238342, 0.8423005938529968]"
urd_045feb65e38c4a897904fbd56b7e2832,علیحدگی پسندوں بلوچوں نے آج کے میچ کی جھلکیاں برائے پنجاب مخالف پروپیگنڈہ محفوظ کر لی ہیں۔,1,1,1,1,1,1,urd,[LANG=urd] علیحدگی پسندوں بلوچوں نے آج کے میچ کی جھلکیاں برائے پنجاب مخالف پروپیگنڈہ محفوظ کر لی ہیں۔,"[1.707460880279541, 1.4516416788101196, 0.8065685033798218, 0.8534237742424011, 1.0618441104888916, 0.8764340281486511]"
urd_a3e6c86c589f6cdc9bb2a17a1c411976,توشہ خانہ ریفرنس، الیکشن کمیشن کے5اراکین نے عمران خان کو متفقہ طورپرتااہل قراردے دیا #عمران_خان_ہماری_ریڈ_لائن,1,0,1,0,0,0,urd,[LANG=urd] توشہ خانہ ریفرنس، الیکشن کمیشن کے5اراکین نے عمران خان کو متفقہ طورپرتااہل قراردے دیا #عمران_خان_ہماری_ریڈ_لائن,"[-1.4705188274383545, -1.1727350950241089, -2.1061089038848877, -1.5746076107025146, -1.8088728189468384, -1.7608814239501953]"
urd_da48c177bdd8fba883866b19b613fe63,گلگت بلتستان حکومت فرقہ ورانہ اور سیاسی ہم آہنگی میں کردار ادا کرے، وزیر اعظم #NewsONE #SuchKiLagan,0,0,0,0,0,0,urd,[LANG=urd] گلگت بلتستان حکومت فرقہ ورانہ اور سیاسی ہم آہنگی میں کردار ادا کرے، وزیر اعظم #NewsONE #SuchKiLagan,"[-2.6306509971618652, -2.9098501205444336, -3.2050247192382812, -2.8664140701293945, -3.02463436126709, -2.705960750579834]"
urd_feacd2acd0d39becbf3d193fbe6e053d,گھٹیا پن ملاحظہ ہو نیب پراسیکیوٹر کو اج بہانہ نہ ملا تو جسٹس اطہرمن اللہ پر نوازشریف سے تعلق کا اعتراض کر دیا 😂,1,1,1,1,1,1,urd,[LANG=urd] گھٹیا پن ملاحظہ ہو نیب پراسیکیوٹر کو اج بہانہ نہ ملا تو جسٹس اطہرمن اللہ پر نوازشریف سے تعلق کا اعتراض کر دیا 😂,"[1.3950810432434082, 1.7772883176803589, 1.2488209009170532, 1.2299036979675293, 1.3820619583129883, 1.306581735610962]"
urd_ee38d060e23e6a5294ec4ac976485dc2,کچھ ہو جائے میں کالا باغ ڈیم بنوا کر رہوں گا #ڈیم_بناؤ_پاکستان_بچاؤ #BuildKalabaghDam #SavePakistan @URL,0,0,0,0,0,0,urd,[LANG=urd] کچھ ہو جائے میں کالا باغ ڈیم بنوا کر رہوں گا #ڈیم_بناؤ_پاکستان_بچاؤ #BuildKalabaghDam #SavePakistan @URL,"[-2.6971940994262695, -2.511875867843628, -3.080565929412842, -2.2515921592712402, -3.0815858840942383, -2.601367473602295]"
urd_fc57680aeb84cd5501148357c7aeef49,"پاکستان اسرائیل کو تسلیم کرنے والوں میں سے نہیں بلکہ پاکستان اسرائیل کو ""فتح"" کرنے والوں میں سے ہوگا، ان شاء اللّٰہ",0,0,0,0,0,0,urd,"[LANG=urd] پاکستان اسرائیل کو تسلیم کرنے والوں میں سے نہیں بلکہ پاکستان اسرائیل کو ""فتح"" کرنے والوں میں سے ہوگا، ان شاء اللّٰہ","[1.1497775316238403, 1.07001531124115, 0.712225079536438, 1.2633538246154785, 1.0445725917816162, 1.0661375522613525]"
urd_514016650d4d34fccf82d9c839477d6b,فارن فنڈنگ کیس کا فیصلہ اگر تحریکِ انصاف کے خلاف ہو تو فوری الیکشن ممکن ہیں ۔,0,0,0,0,0,0,urd,[LANG=urd] فارن فنڈنگ کیس کا فیصلہ اگر تحریکِ انصاف کے خلاف ہو تو فوری الیکشن ممکن ہیں ۔,"[0.22176779806613922, 0.5841185450553894, -0.12067825347185135, 0.4033317267894745, 0.3523247241973877, 0.2143898457288742]"
urd_0f16b5fd57e88df49395a48de0699516,کچھی کینال پانی پہنچا رہی بلوچوں کو جبکہ مشرف مکے دکھاتا تھا سیاستدان و آمر میں فرق #بلوچستان,1,1,1,1,1,1,urd,[LANG=urd] کچھی کینال پانی پہنچا رہی بلوچوں کو جبکہ مشرف مکے دکھاتا تھا سیاستدان و آمر میں فرق #بلوچستان,"[0.1385943442583084, 0.46978601813316345, -0.3811410963535309, 0.37357309460639954, 0.05865610018372536, 0.002689187414944172]"
urd_53fe7a22f8bddc05a9a2910cf70150fd,کالا باغ ڈیم وقت کی اشد ضرورت اور اسے صرف عمران خان ہی بنائے گا ،,0,0,0,0,0,0,urd,[LANG=urd] کالا باغ ڈیم وقت کی اشد ضرورت اور اسے صرف عمران خان ہی بنائے گا ،,"[-1.325793981552124, -1.035245656967163, -1.69066321849823, -1.0896246433258057, -1.6270751953125, -1.391116976737976]"
urd_f7e70e85d4dd9b76aebf9fd9f428fa64,اے میرے پروردگار مملکت خداداد پاکستان کو دین فروش ملاؤں وطن فروش سیاست دانوں اورضمیر فروش صحافیوں سے نجات دے۔ سب بولیں آمین.,1,1,1,1,0,1,urd,[LANG=urd] اے میرے پروردگار مملکت خداداد پاکستان کو دین فروش ملاؤں وطن فروش سیاست دانوں اورضمیر فروش صحافیوں سے نجات دے۔ سب بولیں آمین.,"[1.333089828491211, 1.5553406476974487, 0.826828122138977, 1.1117750406265259, 0.7959027886390686, 0.8773378133773804]"
urd_60c3b7fea78aa5f4889855056b2ad422,یہ بہت اچھا طریقہ ہے، پہلے توہین مذہب، صحابہ و اہلبیت کرو پھر معافی مانگ لو #GeoMorningShow,0,0,0,0,0,0,urd,[LANG=urd] یہ بہت اچھا طریقہ ہے، پہلے توہین مذہب، صحابہ و اہلبیت کرو پھر معافی مانگ لو #GeoMorningShow,"[-2.0699963569641113, -1.5244824886322021, -2.507909059524536, -1.6781134605407715, -1.9236375093460083, -1.790778636932373]"
urd_22c76d3b251ba760f37057aa834e25b8,فارن فنڈنگ کیس کے علاوہ سب فیصلے وقت سے پہلے ہو جاتے ہیں,1,1,1,1,1,1,urd,[LANG=urd] فارن فنڈنگ کیس کے علاوہ سب فیصلے وقت سے پہلے ہو جاتے ہیں,"[-1.0551624298095703, -1.0110679864883423, -1.3648719787597656, -0.718738317489624, -1.105007290840149, -0.6844885945320129]"
urd_08b35760dc1189e1923f304cf8d14c9d,اسرائیل کا کھنا ہے کہ خطرہ بڑھ گیا ہے اسرائیل ایران سے صرف ایک ھزار کلومیٹر دور ہے اور سارا اسرائیل نشانہ بن سکتا ہے .,0,0,0,0,0,0,urd,[LANG=urd] اسرائیل کا کھنا ہے کہ خطرہ بڑھ گیا ہے اسرائیل ایران سے صرف ایک ھزار کلومیٹر دور ہے اور سارا اسرائیل نشانہ بن سکتا ہے .,"[-1.0602434873580933, -0.4415666162967682, -1.4250160455703735, -0.24842144548892975, -0.8781242966651917, -1.2081161737442017]"
urd_ac54cdd7b0f6d4c9424fbce208a1aae8,پنجابی نے جے عزت والی زندگی گزارنی اے تے فے؛ پنجابی نوں پنجابی قوم پرست بننا پووے گا۔,1,1,1,1,1,1,urd,[LANG=urd] پنجابی نے جے عزت والی زندگی گزارنی اے تے فے؛ پنجابی نوں پنجابی قوم پرست بننا پووے گا۔,"[1.392760992050171, 0.9361470937728882, 0.7492611408233643, 1.0158863067626953, 0.8637928366661072, 1.131069540977478]"
urd_60322a760a801fdb454724cfa1003179,میرا ووٹ جو ہمیشہ صرف نوازشریف کا ووٹ ہے کسی بوٹ پالشیا کے لئے نہیں ہو سکتا,1,1,1,1,1,1,urd,[LANG=urd] میرا ووٹ جو ہمیشہ صرف نوازشریف کا ووٹ ہے کسی بوٹ پالشیا کے لئے نہیں ہو سکتا,"[1.6892356872558594, 1.5427829027175903, 1.38888680934906, 1.4156556129455566, 1.1978394985198975, 1.3485280275344849]"
urd_7b9a15bef92e4348e6dbd983fbcd0995,بیروٹ مندوانی اور تونسہ کے   بلوچوں کو دلی عید مبارک/نیشنل پارٹی ،بلوچ اتحاد،بی ایس او/توسہ شریف,0,0,0,0,0,0,urd,[LANG=urd] بیروٹ مندوانی اور تونسہ کے   بلوچوں کو دلی عید مبارک/نیشنل پارٹی ،بلوچ اتحاد،بی ایس او/توسہ شریف,"[-2.4265754222869873, -2.4532976150512695, -3.2155568599700928, -2.620081663131714, -2.9286584854125977, -2.7814223766326904]"
urd_6347f38c5a4692a66b7503b05e273fde,جہانگیر ترین کا نیازی کو فون نمک حرام کہ کر فون 😁بن کر دیا😁,1,1,1,1,1,1,urd,[LANG=urd] جہانگیر ترین کا نیازی کو فون نمک حرام کہ کر فون 😁بن کر دیا😁,"[1.6229972839355469, 2.1195530891418457, 1.372724175453186, 1.9185242652893066, 1.4794343709945679, 1.5528572797775269]"
urd_43aa0dbae2bd2e21ead8abec92bcf36d,عمران خان کی سیاست ملک اور قوم کے مفادات کے خلاف ہے،میر صادق عمرانی  @USER,1,1,1,1,1,1,urd,[LANG=urd] عمران خان کی سیاست ملک اور قوم کے مفادات کے خلاف ہے،میر صادق عمرانی  @USER,"[1.0349187850952148, 1.0307118892669678, 0.3859412968158722, 0.7808265089988708, 0.5574780106544495, 0.3367292881011963]"
urd_975a77eb1e105f1eb2d4cde28a25a86e,استغفراللہ بہت عرصے بعد میوزک چینل دیکھا بچوں کو اسی بے حیائی نے بگاڑا ہے 😒😒😒,1,1,1,1,1,1,urd,[LANG=urd] استغفراللہ بہت عرصے بعد میوزک چینل دیکھا بچوں کو اسی بے حیائی نے بگاڑا ہے 😒😒😒,"[1.6181864738464355, 2.2873973846435547, 1.5138545036315918, 1.9986848831176758, 1.4250882863998413, 1.445327877998352]"
urd_ed8708f0433e3411b36b7d97d291eb77,سینڈو خان نے پاکستانی معاشرے کو ثقافتی انتشار اور اخلاقی انحطاط کے گرداب میں پھنسا دیا ہے۔ #الزام_خان_سینڈوحاضرہو,1,1,1,1,1,1,urd,[LANG=urd] سینڈو خان نے پاکستانی معاشرے کو ثقافتی انتشار اور اخلاقی انحطاط کے گرداب میں پھنسا دیا ہے۔ #الزام_خان_سینڈوحاضرہو,"[1.6500842571258545, 1.7697688341140747, 1.216385006904602, 1.622920274734497, 1.4391298294067383, 1.4109013080596924]"
urd_d7839483d64a7cfdbc446d518c0a8971,تحفظ ناموس رسالت ﷺ ملین مارچ لاہور #NamoseRisalatMilionMarch @USER,0,0,0,0,0,0,urd,[LANG=urd] تحفظ ناموس رسالت ﷺ ملین مارچ لاہور #NamoseRisalatMilionMarch @USER,"[-2.146026611328125, -2.1321957111358643, -3.4897143840789795, -2.2779223918914795, -3.3304102420806885, -3.2639691829681396]"
urd_64a52d119b7a9913d067af8307f1aea9,100 یوٹرن میں سے بڑے بڑے یوٹرن پر ایک نظر۔ #100Days100UTurns @USER,1,1,0,1,0,0,urd,[LANG=urd] 100 یوٹرن میں سے بڑے بڑے یوٹرن پر ایک نظر۔ #100Days100UTurns @USER,"[-2.0215094089508057, -2.2031493186950684, -2.7100131511688232, -2.0842275619506836, -2.818368673324585, -2.659187078475952]"
urd_2e714fff72fd36a557a35764562b61bf,#جرنیلوں_کاکتا قوم یوتھ کی منہ پر سب سے بڑا طمانچہ ۔۔۔۔ @USER,0,1,1,1,0,0,urd,[LANG=urd] #جرنیلوں_کاکتا قوم یوتھ کی منہ پر سب سے بڑا طمانچہ ۔۔۔۔ @USER,"[1.798235297203064, 2.0209429264068604, 1.4444667100906372, 1.932168960571289, 1.198419451713562, 1.2456766366958618]"
urd_94e1b492f53e0e07aca69403ee2da07b,مہاجروں نوجوانوں کے ساتھ ظلم بند کرو۔ #SaveKazimAbbas,0,0,0,0,0,0,urd,[LANG=urd] مہاجروں نوجوانوں کے ساتھ ظلم بند کرو۔ #SaveKazimAbbas,"[-1.3375204801559448, -1.2577663660049438, -2.063575267791748, -1.4352246522903442, -0.9498228430747986, -0.6724862456321716]"
urd_b8a65c1b0220cce187ef3eb36d4c9037,جرمنی میں مرزائی ٹیچروں کو مسلمانوں کے بچوں کو سکولوں میں پڑھانے سے روک دیا گیا۔ اسلام زندہ باد فتنہ مرزائیہ مردہ باد #HBDMumtazQadri,1,0,0,1,1,1,urd,[LANG=urd] جرمنی میں مرزائی ٹیچروں کو مسلمانوں کے بچوں کو سکولوں میں پڑھانے سے روک دیا گیا۔ اسلام زندہ باد فتنہ مرزائیہ مردہ باد #HBDMumtazQadri,"[1.9201459884643555, 1.9344388246536255, 1.5769435167312622, 1.8914861679077148, 1.469935655593872, 1.629593014717102]"
urd_19b3e7bc4b877fb72bc1c116590329cb,صیہونی حکومت دہشتگرد گروہوں کی جڑ ہے @URL,1,1,1,1,1,1,urd,[LANG=urd] صیہونی حکومت دہشتگرد گروہوں کی جڑ ہے @URL,"[-0.17350108921527863, -0.10603993386030197, -1.1604827642440796, -0.8190919160842896, -0.650590717792511, -0.3197746276855469]"
urd_f5d6f3d7c2032e033f3d4857fe81733c,پاکستان کے سپریم کورٹ کو ایک زینی مریض بابے نے یرغمال بنایا ہوا ہے.,1,1,1,1,1,1,urd,[LANG=urd] پاکستان کے سپریم کورٹ کو ایک زینی مریض بابے نے یرغمال بنایا ہوا ہے.,"[1.6128854751586914, 2.3624935150146484, 1.5811012983322144, 1.9268066883087158, 1.5173945426940918, 1.6276992559432983]"
urd_270057842acf5c1b0cd37d80a587779b,پاکستان کا امن شہلارضا جیسی شخصیات کی زبان درازی کی وجہ سے ہوتا ہے اور تم کہتے ہو کہ یہ شیعہ کافر کے نعرہ لگاتے ہیں #RemoveShehlaRaza,1,0,1,1,1,1,urd,[LANG=urd] پاکستان کا امن شہلارضا جیسی شخصیات کی زبان درازی کی وجہ سے ہوتا ہے اور تم کہتے ہو کہ یہ شیعہ کافر کے نعرہ لگاتے ہیں #RemoveShehlaRaza,"[1.9833033084869385, 2.136512517929077, 1.6397136449813843, 1.8767964839935303, 1.6286249160766602, 1.6225993633270264]"
urd_afdd912b9adee955e74e6737959daf94,وہ پوچھنا تھا کہ کسی شہر کو آفت زدہ قرار دینے کے لیے کتنی بڑی آفت کا ہونا ضروری ہوتا ھے کہ اٹھارویں ترمیم راستہ نہ روکے,0,0,0,0,0,0,urd,[LANG=urd] وہ پوچھنا تھا کہ کسی شہر کو آفت زدہ قرار دینے کے لیے کتنی بڑی آفت کا ہونا ضروری ہوتا ھے کہ اٹھارویں ترمیم راستہ نہ روکے,"[0.7928856611251831, 0.6225926280021667, 0.5466673374176025, 0.7202019095420837, 0.7441903352737427, 0.289643794298172]"
urd_2cd9a65d0f505611788332f9d9deb330,#بےحیا_جاویدلطیف بے حیائی کا ہر رستہ انکے گھر کی طرف جاتا ہے,1,1,1,1,1,1,urd,[LANG=urd] #بےحیا_جاویدلطیف بے حیائی کا ہر رستہ انکے گھر کی طرف جاتا ہے,"[1.9757792949676514, 2.122253656387329, 1.4585455656051636, 2.125664710998535, 1.572344422340393, 1.6324608325958252]"
urd_f496f504f7adf1d2598eab336d52b785,#IWD2020 آئیے مغربی تہذیب اور بے پردگی کا خاتمہ کر کے عورت کو شمع محفل بننے سے بچائیں اور اس کے قدموں کے نیچے جنت رکھ دیں,1,1,1,1,1,1,urd,[LANG=urd] #IWD2020 آئیے مغربی تہذیب اور بے پردگی کا خاتمہ کر کے عورت کو شمع محفل بننے سے بچائیں اور اس کے قدموں کے نیچے جنت رکھ دیں,"[1.603934407234192, 1.4733232259750366, 1.164887547492981, 1.3969978094100952, 1.2123152017593384, 1.1626585721969604]"
urd_950964144c4421dc482b25fe4c989ac7,یاد رہے وہی ن لیگ جو فوج مخالف بیانات دیتی رہی ہے آج ISPR کی ترجمان بنی ہوئی ہے 😐 #امپورٹڈ__حکومت__نامنظور #ISPR,1,1,1,1,1,1,urd,[LANG=urd] یاد رہے وہی ن لیگ جو فوج مخالف بیانات دیتی رہی ہے آج ISPR کی ترجمان بنی ہوئی ہے 😐 #امپورٹڈ__حکومت__نامنظور #ISPR,"[1.3300062417984009, 1.2953559160232544, 1.0264924764633179, 0.961388111114502, 0.9510568380355835, 0.9610297083854675]"
urd_eff35521d1be6d04f2a8eb471265b825,عمران خان ایک فاشسٹ ہے جو جمہوریت اور آئین پر یقین نہیں رکھتا،آئین شکنی پر آرٹیکل ۶لگتا ہے,1,1,0,0,0,0,urd,[LANG=urd] عمران خان ایک فاشسٹ ہے جو جمہوریت اور آئین پر یقین نہیں رکھتا،آئین شکنی پر آرٹیکل ۶لگتا ہے,"[1.8317095041275024, 2.0276756286621094, 1.4793816804885864, 1.83706796169281, 1.5588550567626953, 1.5785716772079468]"
urd_2d70abd47a58b7e377d87bed66d29f70,پاکستان کے تمام مسائل کا حل ہے اسلامی نظام میں اسلام آئے گا صالح گروہ کے ہاتھ سے انشا اللہ #PakistanNeedsSirajulHaq,0,0,1,1,0,0,urd,[LANG=urd] پاکستان کے تمام مسائل کا حل ہے اسلامی نظام میں اسلام آئے گا صالح گروہ کے ہاتھ سے انشا اللہ #PakistanNeedsSirajulHaq,"[1.6794660091400146, 1.437705636024475, 1.306654691696167, 1.5356184244155884, 1.1166930198669434, 1.0356495380401611]"
urd_5ddb93d7e2bc37bf2805f3051b60e2e3,حاجیوں نے بھی سلیکٹڈ کو بیغیرت کہہ دیا لعنت 🖐🖐🖐سلیکٹڈ وزیراعظم پر @URL,1,1,1,1,1,1,urd,[LANG=urd] حاجیوں نے بھی سلیکٹڈ کو بیغیرت کہہ دیا لعنت 🖐🖐🖐سلیکٹڈ وزیراعظم پر @URL,"[1.7338473796844482, 1.9932403564453125, 1.3451646566390991, 1.7211296558380127, 1.4852004051208496, 1.4902807474136353]"
urd_f8b4ec6f9c90f9ab2694f37a9c56cf67,جسكا خون ناموس نبی ﷺ کی خاطر جوش نہیں مارتا هو وه خون حلالی نهی @USER,1,1,1,1,1,1,urd,[LANG=urd] جسكا خون ناموس نبی ﷺ کی خاطر جوش نہیں مارتا هو وه خون حلالی نهی @USER,"[-0.11767411977052689, 0.16651929914951324, 0.3130771219730377, 0.5468703508377075, 0.1400844305753708, 0.2724323272705078]"
urd_7982d578e179c8c90e2b74fd3dd61548,فوج مخالف بیانات اور مہم چلانے والا محسن داوڑ حکومت میں اور شہباز گل حراست میں دو قومی نظریہ 🖐️🖐️🖐️,1,1,1,1,1,1,urd,[LANG=urd] فوج مخالف بیانات اور مہم چلانے والا محسن داوڑ حکومت میں اور شہباز گل حراست میں دو قومی نظریہ 🖐️🖐️🖐️,"[0.184743270277977, 0.4884847402572632, -0.06578764319419861, -0.09603143483400345, 0.04938727989792824, -0.22572578489780426]"
urd_48d656f8f932d6772889c53c508d1e8e,یمن بحرین قطیف شام و عراق اپنی جگہ مگرتھوڑی فرصت نکال کر پاکستان میں شیعہ نسل کشی، لاپتا شیعہ زائرین عزاداربیگناہ اسیروں کے متعلق بھی سوچیں,0,0,0,0,0,0,urd,[LANG=urd] یمن بحرین قطیف شام و عراق اپنی جگہ مگرتھوڑی فرصت نکال کر پاکستان میں شیعہ نسل کشی، لاپتا شیعہ زائرین عزاداربیگناہ اسیروں کے متعلق بھی سوچیں,"[1.1582159996032715, 1.0638275146484375, 0.861018180847168, 0.8829397559165955, 0.8583672642707825, 0.6986603736877441]"
urd_4c54d03978ac5f2bd13245eab9ab004b,قوم پرست. بھتہ خور تنظیم. ڈاکیت. اغوا کار. کرایہ کا قاتل . منشیات فروش گروپ کا کارندہ ھو. قاتل قاتل ھوتا ھے. 1/2 A #HangTargetKillers,1,1,1,1,1,1,urd,[LANG=urd] قوم پرست. بھتہ خور تنظیم. ڈاکیت. اغوا کار. کرایہ کا قاتل . منشیات فروش گروپ کا کارندہ ھو. قاتل قاتل ھوتا ھے. 1/2 A #HangTargetKillers,"[1.4761507511138916, 1.8256639242172241, 1.029227375984192, 2.0226268768310547, 1.0976152420043945, 1.2378758192062378]"
urd_541084c7a5ac789a0bd139182dcdb64a,بھارت ’’را‘‘ ایجنٹ کلبھوشن یادیو کی پھانسی رکوانے کیلئے عالمی عدالت انصاف پہنچ گیا,0,0,0,0,0,0,urd,[LANG=urd] بھارت ’’را‘‘ ایجنٹ کلبھوشن یادیو کی پھانسی رکوانے کیلئے عالمی عدالت انصاف پہنچ گیا,"[-3.0585317611694336, -2.6288442611694336, -2.6461501121520996, -2.630506992340088, -2.692807197570801, -2.7291958332061768]"
urd_7d8895be2bbf5e98fcad60a9a7b7c52e,پاکستان میں ریاستی دہشت گردی عروج پر ہے پاک فوج پختونوں اور بلوچوں کو اغوا کر رہے ہیں اور غنڈہ ٹیکس لے رہے ہیں #StopStateTerrorism,1,1,1,1,1,1,urd,[LANG=urd] پاکستان میں ریاستی دہشت گردی عروج پر ہے پاک فوج پختونوں اور بلوچوں کو اغوا کر رہے ہیں اور غنڈہ ٹیکس لے رہے ہیں #StopStateTerrorism,"[2.0002002716064453, 1.9488033056259155, 1.4120551347732544, 1.9788298606872559, 1.4236763715744019, 1.3012079000473022]"
urd_a9a51d23e41e7d7a02cf78d8f741aa6e,بتلادو گستاخ نبی کو۔غیرت مسلم زندہ ہے۔ نبی کی حرمت پہ مرمٹنےکاجذبہ کل بھی تھااورآج بھی ہے۔ میرے نبی سےمیرارشتہ کل بھی تھااور آج بھی ہے۔۔۔,1,1,1,1,1,1,urd,[LANG=urd] بتلادو گستاخ نبی کو۔غیرت مسلم زندہ ہے۔ نبی کی حرمت پہ مرمٹنےکاجذبہ کل بھی تھااورآج بھی ہے۔ میرے نبی سےمیرارشتہ کل بھی تھااور آج بھی ہے۔۔۔,"[1.2357887029647827, 1.4294625520706177, 0.9951303005218506, 1.3839449882507324, 1.0261626243591309, 1.0603764057159424]"
urd_71b364ac048ec60a8c2eb3702d9aed02,#سپریم_کورٹ جنرل مشرف کا کیس بھی سن لے۔ #مشرف نے آئین سے #غداری بھی کی اور اربوں روپیہ بھی بنائے۔,1,1,0,0,0,0,urd,[LANG=urd] #سپریم_کورٹ جنرل مشرف کا کیس بھی سن لے۔ #مشرف نے آئین سے #غداری بھی کی اور اربوں روپیہ بھی بنائے۔,"[1.192007064819336, 1.3330260515213013, 0.6876044273376465, 0.6270545125007629, 0.8390925526618958, 0.7578473687171936]"
urd_485c327c6a3c0c3484df74009d5a0548,سلیکشن کمیشن آف پاکستان جب تمہیں الیکشن میں سلیکشن کرنی ہوتی تو کیوں قوم کا پیسہ برباد کرتے ہو #لگےگا_کرین_پہ_ٹھپہ @USER,1,1,0,1,0,0,urd,[LANG=urd] سلیکشن کمیشن آف پاکستان جب تمہیں الیکشن میں سلیکشن کرنی ہوتی تو کیوں قوم کا پیسہ برباد کرتے ہو #لگےگا_کرین_پہ_ٹھپہ @USER,"[1.6663851737976074, 2.1386666297912598, 1.5832449197769165, 1.9319980144500732, 1.5406291484832764, 1.769980788230896]"
urd_4f896f1459d487ee7aa03df8ed040b87,مہاجر کون ؟؟؟ *لسانیت کا نعرہ لگانے والوں کیلئے* اس ڈاکومینٹری کو زیادہ سے زیادہ ریٹویٹ کریں۔۔۔ #Yes2Crane2018 #JummahMubarak #15thramzan @USER,0,0,1,0,1,0,urd,[LANG=urd] مہاجر کون ؟؟؟ *لسانیت کا نعرہ لگانے والوں کیلئے* اس ڈاکومینٹری کو زیادہ سے زیادہ ریٹویٹ کریں۔۔۔ #Yes2Crane2018 #JummahMubarak #15thramzan @USER,"[-1.0962122678756714, -1.0233391523361206, -1.9641352891921997, -1.2688941955566406, -1.051853895187378, -1.354784607887268]"
urd_b7f500f92e8c2f22c9e8525c88f69540,قوم یوتھ کا نیا نعرہ دے جا سخیا راہ خدا تیرا رب ای بوٹا لاوے گا,0,0,0,0,0,0,urd,[LANG=urd] قوم یوتھ کا نیا نعرہ دے جا سخیا راہ خدا تیرا رب ای بوٹا لاوے گا,"[1.0784549713134766, 1.269469976425171, 1.1875807046890259, 1.241234540939331, 0.8881325721740723, 0.9600591659545898]"
urd_804dcb4d04ba982427c8221487494d9d,قلم فروش صحافی اک جسم فروش طوائف سے زیادہ بدکردار ہوتا ھے۔ #گستاخ_وقار_ستی_کوگرفتارکرو,1,1,1,1,1,1,urd,[LANG=urd] قلم فروش صحافی اک جسم فروش طوائف سے زیادہ بدکردار ہوتا ھے۔ #گستاخ_وقار_ستی_کوگرفتارکرو,"[1.6621947288513184, 2.0160560607910156, 1.7922405004501343, 2.1384620666503906, 1.4686155319213867, 1.7380057573318481]"
urd_d2a5243b2cc364c4c1a3252929020084,جیالوں کا گیم چینجر دبئی بھاگ گیا 😄,1,1,1,1,1,1,urd,[LANG=urd] جیالوں کا گیم چینجر دبئی بھاگ گیا 😄,"[0.09672996401786804, 0.7649887204170227, -0.010365625843405724, 0.44958260655403137, 0.03243498131632805, 0.35619571805000305]"
urd_152dbbf3793e0e59651b065486ec7601,* شھید ناموس رسالت مولانا سمیع الحق صاحب کی قبر سے خوشبو جاری,0,0,0,0,0,0,urd,[LANG=urd] * شھید ناموس رسالت مولانا سمیع الحق صاحب کی قبر سے خوشبو جاری,"[-3.0959107875823975, -2.599665403366089, -3.0322372913360596, -2.7837982177734375, -3.0782012939453125, -2.8926167488098145]"
urd_3049f82d51aa2307f93926faa0b475fa,ایک بات ھے صرف مسلمانوں کے لیےایک شخص سرا سرا جھوٹا پچاس ویڈو موجود لیکن پھر بھی قادیانی شیطانی عمرانی لوطی یوتھی نھی مانتے,0,1,1,1,0,0,urd,[LANG=urd] ایک بات ھے صرف مسلمانوں کے لیےایک شخص سرا سرا جھوٹا پچاس ویڈو موجود لیکن پھر بھی قادیانی شیطانی عمرانی لوطی یوتھی نھی مانتے,"[1.9604754447937012, 2.2088847160339355, 1.5592693090438843, 2.085015058517456, 1.5749173164367676, 1.556803584098816]"
urd_77a0767c874ce1a007737551e35cc0ae,جو گستاخ رسول کا سینا چھنی کرے اس مرد مجاہد کو ممتاز قادری کہتے ہیں #HBDMumtazQadri,0,0,1,1,0,0,urd,[LANG=urd] جو گستاخ رسول کا سینا چھنی کرے اس مرد مجاہد کو ممتاز قادری کہتے ہیں #HBDMumtazQadri,"[0.9991961717605591, 1.052147388458252, 1.4155372381210327, 1.4362058639526367, 0.7961162328720093, 1.2159969806671143]"
urd_0709c733072221ea64356b91f2c322d7,مریم نواز شریف کے خطاب کا بلیک آوٹ اور آزاد میڈیا ہونے کا دعوی عوام سب جان گئے ہیں @USER @USER,0,0,0,0,0,0,urd,[LANG=urd] مریم نواز شریف کے خطاب کا بلیک آوٹ اور آزاد میڈیا ہونے کا دعوی عوام سب جان گئے ہیں @USER @USER,"[0.4398386478424072, 0.9149008989334106, -0.13248386979103088, 0.3624586760997772, 0.22822360694408417, 0.010812741704285145]"
urd_f9049ca61ea57accdecaaaaa4033d648,ارے پنجابیوں شرم کرو عافیہ صدیقی پنجابی هے تو پنجابی کو کہو دو .کہ وطن لے ائے .شرم کرم بےغیرت پنجابیوں شریفوں .کتوں,0,0,1,1,0,0,urd,[LANG=urd] ارے پنجابیوں شرم کرو عافیہ صدیقی پنجابی هے تو پنجابی کو کہو دو .کہ وطن لے ائے .شرم کرم بےغیرت پنجابیوں شریفوں .کتوں,"[1.746337890625, 2.2530946731567383, 1.4712902307510376, 2.069854259490967, 1.4969406127929688, 1.490059494972229]"
urd_b279b56e9bd48a5e9dfd67bb526fb086,لاؤ صدارتی نظام سب غداروں کو سولی پہ چڑھا دو #ہم_پاکستان_کے_مجرم_ہیں,1,1,1,1,1,1,urd,[LANG=urd] لاؤ صدارتی نظام سب غداروں کو سولی پہ چڑھا دو #ہم_پاکستان_کے_مجرم_ہیں,"[1.826036810874939, 2.0207927227020264, 1.542114019393921, 2.0408339500427246, 1.4417892694473267, 1.5396419763565063]"
urd_4f14a81d8b085a76739c2c57e3d913ab,مرزا قادیانی کافر تھے اور اس کے ماننے والے کافر ہیں۔۔۔ #یوم_تشکرJUI,1,1,1,1,1,1,urd,[LANG=urd] مرزا قادیانی کافر تھے اور اس کے ماننے والے کافر ہیں۔۔۔ #یوم_تشکرJUI,"[1.6873440742492676, 1.594706654548645, 1.339105486869812, 1.8701454401016235, 1.2218263149261475, 1.4331382513046265]"
urd_d086b269514df9908818e31f2e4412e5,سائفر کے معاملے پر مسلسل جھوٹ بول کر سازش کا بیانیہ گھڑا گیا، حمزہ شہباز,0,0,0,0,0,0,urd,[LANG=urd] سائفر کے معاملے پر مسلسل جھوٹ بول کر سازش کا بیانیہ گھڑا گیا، حمزہ شہباز,"[-0.9793184995651245, -0.41548874974250793, -1.8551464080810547, -1.0834019184112549, -1.3139011859893799, -1.0103431940078735]"
urd_deeda02859b6166cfb80ffbbc3e78d21,گستاخ رسول کو زندہ رہنے کا کوئی حق نہیں نبی پاک ہرگناہگار کو معاف کیا لیکن گستاخ رسول کو نہیں #گستاخ_بلاگرز_کوپھانسی_دو,1,1,1,1,1,1,urd,[LANG=urd] گستاخ رسول کو زندہ رہنے کا کوئی حق نہیں نبی پاک ہرگناہگار کو معاف کیا لیکن گستاخ رسول کو نہیں #گستاخ_بلاگرز_کوپھانسی_دو,"[1.2973167896270752, 1.4387952089309692, 1.4466441869735718, 1.764136552810669, 1.1615681648254395, 1.374895691871643]"
urd_6a0c4e23cf19a9ed0064440bb4547c6a,افغانستان :: پشتون کوٹ،فوجی کمانڈرحملے میں ہلاک,0,0,0,0,0,0,urd,[LANG=urd] افغانستان :: پشتون کوٹ،فوجی کمانڈرحملے میں ہلاک,"[-3.1974377632141113, -2.9092235565185547, -3.345714807510376, -3.1399333477020264, -3.0718886852264404, -3.073112964630127]"
urd_73e5c525d0793724b7dca32f457af5dd,کیا پانامہ کی طرز پہ فارن فنڈنگ کیس کا بھی فیصلہ ہوسکے گا؟ @USER,0,0,0,0,0,0,urd,[LANG=urd] کیا پانامہ کی طرز پہ فارن فنڈنگ کیس کا بھی فیصلہ ہوسکے گا؟ @USER,"[0.3409516513347626, 0.49901798367500305, 0.004202351439744234, 0.37609919905662537, 0.19712556898593903, 0.40932732820510864]"
urd_62c0b8738833d4dcc8914f6c903b37cf,27اکتوبر بروز اتوار آزادی مارچ اسلام آباد ان شاء اللہ,0,0,0,0,0,0,urd,[LANG=urd] 27اکتوبر بروز اتوار آزادی مارچ اسلام آباد ان شاء اللہ,"[-2.721310615539551, -3.0409798622131348, -3.161055326461792, -3.033073663711548, -3.2241017818450928, -3.210482120513916]"
urd_fc57369ee8bcbef39299f7a4f4c9643c,عورت مارچ والو سن لو ۔ وہ بنو حنفیہ کا باغ حدیقہ الرحمان تھا جس میں اتنا خون بہا کہ اسے حدیقہ الموت کہا جانے لگا ۔ #BanAuratMarch,1,1,1,0,1,0,urd,[LANG=urd] عورت مارچ والو سن لو ۔ وہ بنو حنفیہ کا باغ حدیقہ الرحمان تھا جس میں اتنا خون بہا کہ اسے حدیقہ الموت کہا جانے لگا ۔ #BanAuratMarch,"[0.9015846252441406, 0.8689640760421753, 0.6770292520523071, 0.91134113073349, 0.6072559356689453, 0.6333040595054626]"
urd_1760440090880ddf17d2d03d16e705b0,سسرنے2013میں نگرانPMکیلئےعاصمہ جہانگیر(قادیانی)کانام تجویزکیاداماد2017میں کہہ رہاہےکےفوج میں قادیانی بھرتی ہونےسےروکنےکیلئےقانون سازی کریںگے,1,1,1,1,1,1,urd,[LANG=urd] سسرنے2013میں نگرانPMکیلئےعاصمہ جہانگیر(قادیانی)کانام تجویزکیاداماد2017میں کہہ رہاہےکےفوج میں قادیانی بھرتی ہونےسےروکنےکیلئےقانون سازی کریںگے,"[1.5286225080490112, 1.8904474973678589, 1.2598636150360107, 1.2991201877593994, 1.161931037902832, 1.045178771018982]"
urd_c8d26094ed91c047d0be9a738fb82c83,@USER ویلڈن خلیل الرحمن قمر صاحب۔ ماروی سرمد جیسی لبرل بے ہودا گھٹیا عورت کے ساتھ ایسے ہی پیش آنا چائیے,1,1,1,1,1,1,urd,[LANG=urd] @USER ویلڈن خلیل الرحمن قمر صاحب۔ ماروی سرمد جیسی لبرل بے ہودا گھٹیا عورت کے ساتھ ایسے ہی پیش آنا چائیے,"[1.7799041271209717, 2.227721929550171, 1.621828556060791, 2.145264148712158, 1.6283364295959473, 1.714522123336792]"
urd_1c451da173ecc6eb2bebdcbc351aa21c,پاکستان میں یا تو فوجی نظام نافذ رہتا ہے یا عدالتی نظام،پارلیمانی نظام والی باتیں ہی ہیں بس,0,0,0,0,0,0,urd,[LANG=urd] پاکستان میں یا تو فوجی نظام نافذ رہتا ہے یا عدالتی نظام،پارلیمانی نظام والی باتیں ہی ہیں بس,"[-2.3501267433166504, -2.5011744499206543, -3.131244421005249, -2.5360119342803955, -2.4810080528259277, -2.2036478519439697]"
urd_0ad0ebe16369ff88338cd3c5abb41e3f,نیوٹرلز کا پیپلز پارٹی میں شامل ہونے کاامکان، مصدقہ ذرائع 😂😂😂 #امپورٹڈ_حکومت_نامنظور,1,1,1,1,1,1,urd,[LANG=urd] نیوٹرلز کا پیپلز پارٹی میں شامل ہونے کاامکان، مصدقہ ذرائع 😂😂😂 #امپورٹڈ_حکومت_نامنظور,"[0.9486981630325317, 1.3520554304122925, 0.5155371427536011, 0.8948373198509216, 0.7880502939224243, 1.0966306924819946]"
urd_9e62b0ada08403c8fb1ad6f50e912027,اسلام میں ہر دن ہر لمحہ عورت کا ھے مغربی معاشرے میں سال میں صرف ایک دن عورت کا ھے,1,1,1,1,1,1,urd,[LANG=urd] اسلام میں ہر دن ہر لمحہ عورت کا ھے مغربی معاشرے میں سال میں صرف ایک دن عورت کا ھے,"[1.8838825225830078, 1.1123974323272705, 1.0777809619903564, 1.4666056632995605, 1.1854701042175293, 1.350631594657898]"
urd_475018daaf5d984442afcebdeff99b7b,خوامخواہ بحث کا کیا فایدہ پاکستان میں موجودہ حکومت بیرونی مداخلت سے بنی ہے یہ سب مان رہے اور ہم یہی کہہ رہے ہے #امپورٹڈ_حکومت_نامنظور,1,1,1,1,1,1,urd,[LANG=urd] خوامخواہ بحث کا کیا فایدہ پاکستان میں موجودہ حکومت بیرونی مداخلت سے بنی ہے یہ سب مان رہے اور ہم یہی کہہ رہے ہے #امپورٹڈ_حکومت_نامنظور,"[0.7923295497894287, 0.9176328778266907, 0.5504398345947266, 0.46506187319755554, 0.5862908959388733, 0.6290408968925476]"
urd_0b103492898879ce8f320aca0f43a292,ہر طرف مافیا ہسپتال مافیا بجلی مافیا اسکول مافیا میڈیسن مافیا میڈیا مافیا ٹینکر مافیا بلڈرز مافیا ۔۔ عمران خان مظلوم,1,1,1,1,1,1,urd,[LANG=urd] ہر طرف مافیا ہسپتال مافیا بجلی مافیا اسکول مافیا میڈیسن مافیا میڈیا مافیا ٹینکر مافیا بلڈرز مافیا ۔۔ عمران خان مظلوم,"[0.7359834313392639, 1.1141128540039062, -0.26927846670150757, 0.9225969314575195, -0.38520365953445435, -0.7174484133720398]"
urd_81ed1c72143c6a5e71eec2a0e35fd242,ناروے میں ناموسِ رسالت اور قرآن پاک کی بے حرمتی کسی صورت قبول نہیں ۔  #TakeActionAgainstNorway,0,0,0,0,0,0,urd,[LANG=urd] ناروے میں ناموسِ رسالت اور قرآن پاک کی بے حرمتی کسی صورت قبول نہیں ۔  #TakeActionAgainstNorway,"[-1.8604028224945068, -2.2054686546325684, -2.623253107070923, -1.612417459487915, -2.0462610721588135, -1.8395940065383911]"
urd_86af8b15b2e81a09e8bec0fb659043da,عمران نیازی ایک سائفر نہیں سنبھال سکا۔#بھگوڑانیازی,1,1,1,1,1,1,urd,[LANG=urd] عمران نیازی ایک سائفر نہیں سنبھال سکا۔#بھگوڑانیازی,"[1.5845496654510498, 2.3241934776306152, 1.3108543157577515, 1.5662232637405396, 1.2703615427017212, 1.3231595754623413]"
urd_3ee2a1f4053a3fe4b3146d9638cf63ed,پشتون قوم کی اواز کو ختم کردیتے ہے #ATCToolOfPersecution,1,1,1,1,1,1,urd,[LANG=urd] پشتون قوم کی اواز کو ختم کردیتے ہے #ATCToolOfPersecution,"[0.490628182888031, 0.4138781726360321, 0.18360809981822968, 0.8938905596733093, 0.5315007567405701, 0.4690609872341156]"
urd_c1d71bf2b7d957b674c2eb0da0e323be,رحیم یارخان شدید طوفان کی زد میں، تبدیلی کے تیز جھکڑ، عمران کی گرج چمک کے ساتھ نئے پاکستان کی بارش،جعلی مینڈیٹ گونوازگو کے ریلے میں بہہ گیا,1,1,1,1,1,1,urd,[LANG=urd] رحیم یارخان شدید طوفان کی زد میں، تبدیلی کے تیز جھکڑ، عمران کی گرج چمک کے ساتھ نئے پاکستان کی بارش،جعلی مینڈیٹ گونوازگو کے ریلے میں بہہ گیا,"[1.0993082523345947, 1.3676611185073853, 0.9367790222167969, 1.0612865686416626, 1.0601143836975098, 0.9401422739028931]"
urd_b48f5d18b83c72d62c27e2bafd883aa5,قادیانیت کا اسلام کیساتھ کوئ تعلق نہیں۔ قادیانیت لاعلم لوگوں کو گمراہ کرنے کا دوسرا نام ہے۔  #قادیانیت_اک_فریب,1,1,1,1,1,1,urd,[LANG=urd] قادیانیت کا اسلام کیساتھ کوئ تعلق نہیں۔ قادیانیت لاعلم لوگوں کو گمراہ کرنے کا دوسرا نام ہے۔  #قادیانیت_اک_فریب,"[2.051962375640869, 1.824102520942688, 1.3681648969650269, 1.8879282474517822, 1.5024523735046387, 1.5134837627410889]"
urd_28c946849700e70c8facbf7b630c9daf,توشہ خانہ کا سارا ریکارڈ موجود ہے اس میں چوری کی گنجائش نہیں، عمران خان,0,0,0,0,0,0,urd,[LANG=urd] توشہ خانہ کا سارا ریکارڈ موجود ہے اس میں چوری کی گنجائش نہیں، عمران خان,"[-1.6195650100708008, -1.6992250680923462, -2.3536031246185303, -1.0476816892623901, -1.657593011856079, -1.0364121198654175]"
urd_192d8588b1c9101b5c628536eb1f30e5,اگر کوئی کہے کہ مولانا صاحب مذہب کارڈ استعمال کر رہا ہے تو سینا تان کے بولو الحمد للہ ہمارے پاس ناچ گانے والا کارڈ نہیں ہے #PDMKarachiJalsa,1,1,1,1,1,1,urd,[LANG=urd] اگر کوئی کہے کہ مولانا صاحب مذہب کارڈ استعمال کر رہا ہے تو سینا تان کے بولو الحمد للہ ہمارے پاس ناچ گانے والا کارڈ نہیں ہے #PDMKarachiJalsa,"[1.635514497756958, 2.031869411468506, 1.5048569440841675, 1.7464910745620728, 1.433129072189331, 1.5329347848892212]"
urd_58cb7df10fd97caa4c520b054e98cb07,عالیہ کا تازہ فیصلہ حاضر سروس وردی والے بھی سینٹر بن سکدے 😂😂😂,1,1,1,1,1,1,urd,[LANG=urd] عالیہ کا تازہ فیصلہ حاضر سروس وردی والے بھی سینٹر بن سکدے 😂😂😂,"[1.1037282943725586, 1.1878116130828857, 0.7673630714416504, 0.8218547701835632, 0.8019599914550781, 0.8386812806129456]"
urd_7d9aa934286411c7b320252353494d56,92ءآپریشن میں یہ بھی کہاگیا کہ یہ مہاجر ، بھارتی ایجنٹ ہیں، اندرا گاندھی کی اولادیں @USER حسین #MohajirDushmanShahidHayat,1,1,0,1,0,1,urd,[LANG=urd] 92ءآپریشن میں یہ بھی کہاگیا کہ یہ مہاجر ، بھارتی ایجنٹ ہیں، اندرا گاندھی کی اولادیں @USER حسین #MohajirDushmanShahidHayat,"[1.7425763607025146, 1.8608590364456177, 1.2018083333969116, 1.3266704082489014, 1.239777684211731, 1.1424976587295532]"
urd_784ddbd8adb59e4915f585ce5e4299e2,نمک حرام افغانی آج پھر میچ ہاریں گے ، انشااللہ _____________________________________•,1,1,1,0,0,0,urd,[LANG=urd] نمک حرام افغانی آج پھر میچ ہاریں گے ، انشااللہ _____________________________________•,"[1.817814826965332, 1.8109513521194458, 1.3736317157745361, 1.9239963293075562, 1.3275525569915771, 1.4359524250030518]"
urd_8fb19acf98703c9e5e261bf2f3e4caf9,اس مرتبہ وردی والے کا غلط بندے سے واسطہ پڑھ گیا ھے یہ کاروائی کسی کے لئے سبق بھی ھو سکتا ہیں ۔ #سلیکٹڈ_از_ریجیکٹڈ @USER,1,1,1,1,1,1,urd,[LANG=urd] اس مرتبہ وردی والے کا غلط بندے سے واسطہ پڑھ گیا ھے یہ کاروائی کسی کے لئے سبق بھی ھو سکتا ہیں ۔ #سلیکٹڈ_از_ریجیکٹڈ @USER,"[1.4151160717010498, 1.7153266668319702, 1.3690599203109741, 1.527097463607788, 1.1409344673156738, 1.2658628225326538]"
urd_477b0394cb3a185c2663456761bf53dc,اسرائیل جو اسلحہ بناۓ گا وہ اسلحہ بھارت کوبھی فروخت کےلیےدے گا بھارت اوراسرائیل کےدرمیان معاہدہ طے پایا,0,0,0,0,0,0,urd,[LANG=urd] اسرائیل جو اسلحہ بناۓ گا وہ اسلحہ بھارت کوبھی فروخت کےلیےدے گا بھارت اوراسرائیل کےدرمیان معاہدہ طے پایا,"[-1.8347179889678955, -1.9428479671478271, -2.6398165225982666, -2.146304130554199, -2.193413257598877, -2.1966662406921387]"
urd_2560004663d10381e524112a32a4a2a4,کپتان دوسروں کی وکٹیں اُڑا کر کہا کرتا تھا کہ فلاں جیالا کھلاڑی بن گیا ھے جبکہ اب کہتا ھے کہ فلاں لوٹا بن گیا ھے #FerozewalaFiles,0,0,1,0,0,0,urd,[LANG=urd] کپتان دوسروں کی وکٹیں اُڑا کر کہا کرتا تھا کہ فلاں جیالا کھلاڑی بن گیا ھے جبکہ اب کہتا ھے کہ فلاں لوٹا بن گیا ھے #FerozewalaFiles,"[1.8559027910232544, 1.9815092086791992, 1.3983469009399414, 1.621297836303711, 1.3289036750793457, 1.2274843454360962]"
urd_3e4cf0267c82b542bf7f5236e989c9d9,ایسے بنے گا نیا پاکستان یہ بنائنگے نیا پاکستان @USER,0,0,0,0,0,0,urd,[LANG=urd] ایسے بنے گا نیا پاکستان یہ بنائنگے نیا پاکستان @USER,"[1.3422963619232178, 1.257607102394104, 1.042099952697754, 1.0063828229904175, 0.9247670769691467, 1.0587795972824097]"
urd_36a4ef829fe6e703383e45a58e4736aa,@USER @USER @USER زرداری بھی بھٹو ازم کا رکھوالا جیالا ہے,1,1,1,1,1,1,urd,[LANG=urd] @USER @USER @USER زرداری بھی بھٹو ازم کا رکھوالا جیالا ہے,"[1.6256195306777954, 2.012537956237793, 1.3162912130355835, 1.4320383071899414, 1.2170815467834473, 1.3134366273880005]"
urd_7ad36a0eff24e9930fa6f05bfb91b869,"جاہلِ اعظم کی ""ریاست مدینہ"" میں بالآخر مسجدیں ویران #کروناکاعلاج_رجوع_الی_اللہ",1,1,1,1,1,1,urd,"[LANG=urd] جاہلِ اعظم کی ""ریاست مدینہ"" میں بالآخر مسجدیں ویران #کروناکاعلاج_رجوع_الی_اللہ","[1.791756510734558, 2.167365789413452, 1.3354731798171997, 1.668912649154663, 1.5616296529769897, 1.5392009019851685]"
urd_d9a0503e29274d5a70e67bd956644261,کل 12نومبر کو بلوچ سوشل میڈیا ایکٹوسٹ کی جانب سے 12بج سے لیکر 4بج تک کیمپن ہوگی تمام مکاتب فکر کے لوگوں کو کیمپن میں #SaveShabirBaloch #SaveBalochMissingPersons استعمال کریں @URL,0,0,0,0,0,0,urd,[LANG=urd] کل 12نومبر کو بلوچ سوشل میڈیا ایکٹوسٹ کی جانب سے 12بج سے لیکر 4بج تک کیمپن ہوگی تمام مکاتب فکر کے لوگوں کو کیمپن میں #SaveShabirBaloch #SaveBalochMissingPersons استعمال کریں @URL,"[-2.8113598823547363, -2.624145269393921, -3.157360315322876, -2.582730531692505, -2.894904136657715, -2.815203905105591]"
urd_dd16580707721a37934b2f37252d4909,انشاءاللّٰہ گوجرانوالہ نئی تاریخ رقم کرے گا آزادی مارچ۔ کی۔,0,0,0,0,0,0,urd,[LANG=urd] انشاءاللّٰہ گوجرانوالہ نئی تاریخ رقم کرے گا آزادی مارچ۔ کی۔,"[-1.5917834043502808, -2.2800679206848145, -2.8574206829071045, -1.6318272352218628, -2.4199023246765137, -2.2392842769622803]"
urd_990fa5ad02d28dc7a158ed150a73e42c,ٹرانس جینڈر بِل کا سب سے بڑا مستفید ہمارا وزیر خارجہ ہو گا ۔۔۔ ( گُپت خبر ),1,1,1,1,1,1,urd,[LANG=urd] ٹرانس جینڈر بِل کا سب سے بڑا مستفید ہمارا وزیر خارجہ ہو گا ۔۔۔ ( گُپت خبر ),"[0.5123625993728638, 0.9454628825187683, 0.5073501467704773, 0.4857008159160614, 0.581171452999115, 0.5375178456306458]"
urd_f56032e0382bc1fc5a16e33c0da5b2b0,کراچی شہر اسوقت لاوارث شہر ہے قبضہ مافیا۔ پانی مافیا۔اور اب کھدائی مافیا پورا شہر کھدا ہواہے اور شہری خوار ہو رہے ہیں,1,1,1,1,1,1,urd,[LANG=urd] کراچی شہر اسوقت لاوارث شہر ہے قبضہ مافیا۔ پانی مافیا۔اور اب کھدائی مافیا پورا شہر کھدا ہواہے اور شہری خوار ہو رہے ہیں,"[1.6478806734085083, 1.7810819149017334, 1.0773143768310547, 1.6061875820159912, 1.1796146631240845, 1.3654593229293823]"
urd_b513696f2eedf4e4ded2c9bf8c33defd,جنوبی پنجاب صوبہ کاقیام عوام کادیرینہ مطالبہ ہے،ایم کیوایم جنوبی پنجاب صوبہ کے قیام کیلئے اپنی جدوجہد جاری رکھے گی #MQM --,1,1,1,1,1,1,urd,[LANG=urd] جنوبی پنجاب صوبہ کاقیام عوام کادیرینہ مطالبہ ہے،ایم کیوایم جنوبی پنجاب صوبہ کے قیام کیلئے اپنی جدوجہد جاری رکھے گی #MQM --,"[-2.7280807495117188, -2.5958261489868164, -2.994309186935425, -2.391327142715454, -2.7826807498931885, -2.6938817501068115]"
urd_f05efedfd6aa518a04dfeb22693f1351,فوج کا صرف 3 فیصد بجٹ کم کر کے مسجدوں کو کنٹرول کرنے پر لگا دیا جائے تو 90 فی صد فسادات کم ہو جائیں @USER,1,1,1,1,1,1,urd,[LANG=urd] فوج کا صرف 3 فیصد بجٹ کم کر کے مسجدوں کو کنٹرول کرنے پر لگا دیا جائے تو 90 فی صد فسادات کم ہو جائیں @USER,"[-2.1513848304748535, -1.5680677890777588, -2.785015106201172, -1.8887248039245605, -2.3513693809509277, -2.2305281162261963]"
urd_5b2982c1a8ba000693d82c1b854d0b71,ڈی جی خان ن لیک ایم این اے سردار جعفرخان لغاری اور انکی اہلیہ مینا لغاری جنوبی پنجاب صوبہ محاظ میں شامل خواتین ونگ کے سربراھ مقرر,0,0,0,0,0,0,urd,[LANG=urd] ڈی جی خان ن لیک ایم این اے سردار جعفرخان لغاری اور انکی اہلیہ مینا لغاری جنوبی پنجاب صوبہ محاظ میں شامل خواتین ونگ کے سربراھ مقرر,"[-1.5807678699493408, -0.9794602990150452, -1.9796959161758423, -1.4938075542449951, -2.0216453075408936, -1.9974004030227661]"
urd_71e2f443cdee246c4f1b98da4c0f1fa7,یوتھئوں کے لیڈر نے پھر یوٹرن لے لیا #امپوڑٹڈ_حکومت_نامنظور,1,1,1,1,1,1,urd,[LANG=urd] یوتھئوں کے لیڈر نے پھر یوٹرن لے لیا #امپوڑٹڈ_حکومت_نامنظور,"[1.4197642803192139, 1.6162935495376587, 1.0442646741867065, 0.9724462032318115, 1.2010376453399658, 1.1730762720108032]"
urd_74bd81d2c0ed74547913d1b54ffdf60a,امپورٹڈ وزیراعظم نے اپنے خطاب کے دوران بے شمار چولیں ماریں، کہا عوام نے منتخب کیا ہے، عوام تو آپ کو بد دعائیں دی رہی ہے۔,0,1,0,1,0,0,urd,[LANG=urd] امپورٹڈ وزیراعظم نے اپنے خطاب کے دوران بے شمار چولیں ماریں، کہا عوام نے منتخب کیا ہے، عوام تو آپ کو بد دعائیں دی رہی ہے۔,"[1.6586201190948486, 1.9799307584762573, 1.4788473844528198, 1.643331527709961, 1.3314101696014404, 1.3692647218704224]"
urd_f0747cfb721cd0ab90dc7a2c3e5f0c87,الطاف کی کھلم کھلے ریاست پاکستان کو دھمکیاں -کیا یہ آئین کی خلاف ورزی نہیں یا پھر آئین کا اطلاق بس پرویز مشرف پر ہوتا #AltafVoiceOfMasses,1,1,1,1,1,1,urd,[LANG=urd] الطاف کی کھلم کھلے ریاست پاکستان کو دھمکیاں -کیا یہ آئین کی خلاف ورزی نہیں یا پھر آئین کا اطلاق بس پرویز مشرف پر ہوتا #AltafVoiceOfMasses,"[1.476578712463379, 1.9128626585006714, 1.2620062828063965, 1.9446543455123901, 1.4644560813903809, 1.245972990989685]"
urd_49250e64865e23738ab028545877388f,مرد کو وحشی عورت کا لباس بناتا ہے اور اگر اسلامی لباس بورے دنیا میں نافس کیا جی تو 70% جرم کم ہو جائیں گے ❤,1,1,1,1,1,1,urd,[LANG=urd] مرد کو وحشی عورت کا لباس بناتا ہے اور اگر اسلامی لباس بورے دنیا میں نافس کیا جی تو 70% جرم کم ہو جائیں گے ❤,"[1.7893580198287964, 1.775363564491272, 1.7109297513961792, 1.864054799079895, 1.482557773590088, 1.6194485425949097]"
urd_d19464f60b06bca46f9c6d8d0477a034,جو سچ کو ہی نہ جھٹلائیں تو کالے کوٹ کیوں پہنیں جو منہ پر جھوٹ نہ بولیں وکالت کر نہیں سکتے,1,1,1,1,1,1,urd,[LANG=urd] جو سچ کو ہی نہ جھٹلائیں تو کالے کوٹ کیوں پہنیں جو منہ پر جھوٹ نہ بولیں وکالت کر نہیں سکتے,"[1.0300297737121582, 1.0310555696487427, 1.231204628944397, 1.135934591293335, 0.9320642948150635, 1.1155970096588135]"
urd_d0ee90c7bb5846fce4316412df92e104,سپریم کورٹ میں صدارتی نظام کے بارے میں ریفرنڈم کے لیے درخواست دائر ہوئی ہے کیا آپ صدارتی نظام کے حق میں ہیں؟,0,0,0,0,0,0,urd,[LANG=urd] سپریم کورٹ میں صدارتی نظام کے بارے میں ریفرنڈم کے لیے درخواست دائر ہوئی ہے کیا آپ صدارتی نظام کے حق میں ہیں؟,"[-0.9305514097213745, -0.5525447726249695, -0.7263073921203613, -0.24236176908016205, -0.20717434585094452, -0.267520934343338]"
urd_1be597bf9719b0ca2ca0f6e9c6cb1be5,قومی سلامتی کمیٹی کے علامیے کے بعد عمران خان کا بیانیہ زمین بوس ہوگیا: سابق گورنر پنجاب چوہدری سرور,0,0,0,0,0,0,urd,[LANG=urd] قومی سلامتی کمیٹی کے علامیے کے بعد عمران خان کا بیانیہ زمین بوس ہوگیا: سابق گورنر پنجاب چوہدری سرور,"[0.9544388055801392, 1.4282498359680176, 0.4193703234195709, 1.1492335796356201, 0.7891589999198914, 0.6140449643135071]"
urd_8f9adf4d82f6eb148c243f8644d921e4,"کیسے""را"" ایجنٹ ہیں جوگرفتارہوجاتے ہیں مقابلہ نہیں کرتے؟ ندیم نصرت #MQM",1,1,0,1,0,1,urd,"[LANG=urd] کیسے""را"" ایجنٹ ہیں جوگرفتارہوجاتے ہیں مقابلہ نہیں کرتے؟ ندیم نصرت #MQM","[1.0193328857421875, 1.451607346534729, 0.5631218552589417, 0.36700716614723206, 0.570431649684906, 0.4177520275115967]"
urd_ef877628d1ea5bd8b05e361bcf4db643,@USER غیرت کھاو ہور کچھ نہیں ن لیگ پر ہر شہر میں ایف آئی آر تو کٹواو فوج مخالف بولنے پر,1,1,1,1,1,1,urd,[LANG=urd] @USER غیرت کھاو ہور کچھ نہیں ن لیگ پر ہر شہر میں ایف آئی آر تو کٹواو فوج مخالف بولنے پر,"[1.7328369617462158, 2.1248016357421875, 1.4249099493026733, 2.010410785675049, 1.3613826036453247, 1.2493051290512085]"
urd_ffdda1a12fa39a7f15efa6d0357efd87,مسجد اقصیٰ کی بے حرمتی، فلسطینیوں کا شدید احتجاج، اسرائیلی فائرنگ سے 7 زخمی @URL,0,0,0,0,0,0,urd,[LANG=urd] مسجد اقصیٰ کی بے حرمتی، فلسطینیوں کا شدید احتجاج، اسرائیلی فائرنگ سے 7 زخمی @URL,"[-2.940436363220215, -2.511864185333252, -3.408433198928833, -2.767754316329956, -2.7545042037963867, -2.7677199840545654]"
urd_940b6cd563520b05d4bd3db8d6f404a8,پاکستان کا بکاؤ میڈیا چپ ہے لیکن دنیا کا انٹرنیشنل میڈیا تو حکومت کے کرتوت دکھا رہا ہے اور ملک ریاض کو ننگا کر رہا ہے @USER,1,1,1,1,1,1,urd,[LANG=urd] پاکستان کا بکاؤ میڈیا چپ ہے لیکن دنیا کا انٹرنیشنل میڈیا تو حکومت کے کرتوت دکھا رہا ہے اور ملک ریاض کو ننگا کر رہا ہے @USER,"[1.69124436378479, 1.9907503128051758, 1.4269930124282837, 1.6863656044006348, 1.5404942035675049, 1.5509305000305176]"
urd_a6034c7f1c6f3443c6a3192742c1cc44,قادیانی دنیا کے بدترین کافر و مرتد ہیں کافر و مرتد ہمیشہ جہنمی ہیں یہ میرے رب کا فرمان ہے #ختم_نبوت_پرجان_قربان,0,1,0,1,0,0,urd,[LANG=urd] قادیانی دنیا کے بدترین کافر و مرتد ہیں کافر و مرتد ہمیشہ جہنمی ہیں یہ میرے رب کا فرمان ہے #ختم_نبوت_پرجان_قربان,"[1.8419303894042969, 1.9203077554702759, 1.5778348445892334, 2.2988743782043457, 1.4286003112792969, 1.562019944190979]"
urd_e913853e158b94b3ff8f7a5cb7ca57ed,پارلیمنٹ کی توهین سے لےکر PTV پر حملےتک سب فاشسٹ هتھکنڈوں کامقصد نوجوان پاکستانیوں کو گمراه کرناهے. کوئی روک سکے تو روک لے. #IamWithHashmi,1,1,1,1,1,1,urd,[LANG=urd] پارلیمنٹ کی توهین سے لےکر PTV پر حملےتک سب فاشسٹ هتھکنڈوں کامقصد نوجوان پاکستانیوں کو گمراه کرناهے. کوئی روک سکے تو روک لے. #IamWithHashmi,"[1.9806427955627441, 1.9615073204040527, 1.2631545066833496, 1.8934717178344727, 1.471571683883667, 1.2897840738296509]"
urd_765ca9e71274d1628dbe1071bb9baa25,شائد انگریزوں نے موبائل مسلمانوں کو بے حیا کرنے کے لیے ایجاد کیا ہوگا,1,1,1,1,1,1,urd,[LANG=urd] شائد انگریزوں نے موبائل مسلمانوں کو بے حیا کرنے کے لیے ایجاد کیا ہوگا,"[1.8302947282791138, 1.7676479816436768, 1.4194077253341675, 1.2329280376434326, 1.4104081392288208, 1.3011518716812134]"
urd_ae3cbd32488cf321c700d8acc9cfb18b,کفر کو لگام ڈالنی ہوگی ہر صورت ڈالنی ہوگی گستاخ رسول کی سزا صرف موت ہے  #من_سب_نبیإ_فاقتلوہ,1,1,1,1,1,1,urd,[LANG=urd] کفر کو لگام ڈالنی ہوگی ہر صورت ڈالنی ہوگی گستاخ رسول کی سزا صرف موت ہے  #من_سب_نبیإ_فاقتلوہ,"[-0.8644376993179321, -0.8297997713088989, -0.6754398345947266, 0.12746205925941467, -0.5919778347015381, -0.4974343180656433]"
urd_d20696e309e28196d69bb812aa02511b,10 روپے کے 2 پٹواری رو پٹواری روپٹواری,1,1,1,1,0,1,urd,[LANG=urd] 10 روپے کے 2 پٹواری رو پٹواری روپٹواری,"[1.5856776237487793, 1.8783737421035767, 1.7209981679916382, 2.2434964179992676, 1.4598736763000488, 1.4635554552078247]"
urd_bae95db5d69583283a5dac20844b0238,ایک جسم فروش طوائف اور قلم فروش صحافی میں کوئی فرق نہیں ہے بلکہ طوائف ان سے اچھی ہے کہ وہ شرافت کا ڈھونگ نہیں رچاتی😕,1,1,0,0,0,1,urd,[LANG=urd] ایک جسم فروش طوائف اور قلم فروش صحافی میں کوئی فرق نہیں ہے بلکہ طوائف ان سے اچھی ہے کہ وہ شرافت کا ڈھونگ نہیں رچاتی😕,"[1.5084404945373535, 1.3218129873275757, 1.246721625328064, 1.0893981456756592, 1.0441200733184814, 1.0860987901687622]"
urd_24352baca22158a93f6e2e1f5b63cb62,جج صاحبان!!! عوام کا مینڈیٹ چوری ہوگیا ہے، سو موٹو لیں! عوام وگرنہ عدالت لگا لے گی! نکلو گھر سے!,1,1,1,1,1,1,urd,[LANG=urd] جج صاحبان!!! عوام کا مینڈیٹ چوری ہوگیا ہے، سو موٹو لیں! عوام وگرنہ عدالت لگا لے گی! نکلو گھر سے!,"[1.244950294494629, 1.1410554647445679, 0.8095730543136597, 1.1816422939300537, 1.0539722442626953, 0.9338089227676392]"
urd_bfa658e03cc5f062207b3f6318227bd5,اب ہم  کو پتا چل گیا کے پاکستان صرف اور صرف پنجابستان کا ہے۔ @USER,1,0,0,0,0,0,urd,[LANG=urd] اب ہم  کو پتا چل گیا کے پاکستان صرف اور صرف پنجابستان کا ہے۔ @USER,"[1.9046865701675415, 1.4262958765029907, 1.104089379310608, 1.3152921199798584, 1.0728517770767212, 1.0900510549545288]"
urd_c3634df40359c59e4f182d3d7e425191,دبئی-دہلی فاصلہ 2204km ٹکٹ 775 درہم دبئی-لاہور فاصلہ 1988km ٹکٹ 2800 درہم اب کہیں گے کہ اس طرح کی خبریں دینے والے بھارتی ایجنٹ ہیں 😂,0,0,0,0,0,0,urd,[LANG=urd] دبئی-دہلی فاصلہ 2204km ٹکٹ 775 درہم دبئی-لاہور فاصلہ 1988km ٹکٹ 2800 درہم اب کہیں گے کہ اس طرح کی خبریں دینے والے بھارتی ایجنٹ ہیں 😂,"[-1.0715203285217285, -0.4294891655445099, -1.6343646049499512, -0.7348822951316833, -0.9405341148376465, -0.685735285282135]"
urd_c29349fc50724857ffe5f5cef17fd449,اورپرامن رہ کرفرقہ وارانہ فسادات کی سازشوں کو ناکام بنادیں۔ الطاف حسین  @USER #MQM #Pakistan 2/2,0,0,0,0,0,0,urd,[LANG=urd] اورپرامن رہ کرفرقہ وارانہ فسادات کی سازشوں کو ناکام بنادیں۔ الطاف حسین  @USER #MQM #Pakistan 2/2,"[-1.7327370643615723, -1.7303452491760254, -1.979188084602356, -1.5755910873413086, -1.781686782836914, -1.3202604055404663]"
urd_067e7de6ea7167485d785507bcef38df,ہزارہ برادری کے لوگوں کی شہادت کے ذمہ دار کرپٹ حکمران ہیں، جن کا مزاج ہی نہیں کہ دہشت گردوں سے ٹکر لیں۔ #EliminateTerrorism #Pakistan,1,1,1,1,1,1,urd,[LANG=urd] ہزارہ برادری کے لوگوں کی شہادت کے ذمہ دار کرپٹ حکمران ہیں، جن کا مزاج ہی نہیں کہ دہشت گردوں سے ٹکر لیں۔ #EliminateTerrorism #Pakistan,"[1.9366087913513184, 1.8603073358535767, 1.3150593042373657, 1.7927560806274414, 1.5140352249145508, 1.3472338914871216]"
urd_907a93f0906dd1ffb292764b956d451f,پاکستان سے محبت سے سرشاد لفافہ صحافت کے ناپاک عزائم کو خاک میں ملانے والا ریاست مرد مجاہد #IamWithSaddiqJaan,1,1,1,1,1,1,urd,[LANG=urd] پاکستان سے محبت سے سرشاد لفافہ صحافت کے ناپاک عزائم کو خاک میں ملانے والا ریاست مرد مجاہد #IamWithSaddiqJaan,"[1.821364164352417, 1.9420489072799683, 1.4152746200561523, 2.0859270095825195, 1.303035020828247, 1.4301600456237793]"
urd_c0808de42ce776356ed8427ed8515558,زرا سوچو ایسا کیوں ھےکشمیریو۔ انڈیا پاکستان اپنی سرحدوں پر گولہ باری کیوں نہیں کرتے۔ دو طرفہ کشمیریوں کی نسل کشی کی جا رہی ہے۔۔,0,0,0,0,0,0,urd,[LANG=urd] زرا سوچو ایسا کیوں ھےکشمیریو۔ انڈیا پاکستان اپنی سرحدوں پر گولہ باری کیوں نہیں کرتے۔ دو طرفہ کشمیریوں کی نسل کشی کی جا رہی ہے۔۔,"[1.022957444190979, 0.889913022518158, 0.8365112543106079, 0.6380792856216431, 0.8084550499916077, 0.7282319664955139]"
urd_ad51d80c6e24ad10a51c97145de9bab7,اگر کوئی وزیراعظم جی ایچ کیو چلا جائے تو یہ سلوٹ تک نہیں کرتے ۔ #ناکام_سلیکٹڈ_حکومت,0,1,0,0,1,0,urd,[LANG=urd] اگر کوئی وزیراعظم جی ایچ کیو چلا جائے تو یہ سلوٹ تک نہیں کرتے ۔ #ناکام_سلیکٹڈ_حکومت,"[1.3891714811325073, 1.6277101039886475, 1.3960200548171997, 1.2213728427886963, 1.2433280944824219, 1.3364671468734741]"
urd_d72cd4c7d97d15f9497f39465d2b054d,ڈنگر یوتھیو قادیانیوں کو اقلیت ماننے کا مطلب ہے کہ تم نے مان لیا کہ قادیانی بھی ایک نبی رکھتےہیں 😠 لعنت ڈنگرو✋✋ #قادیانی_اقلیت_نہیں_غدار,1,1,1,1,0,0,urd,[LANG=urd] ڈنگر یوتھیو قادیانیوں کو اقلیت ماننے کا مطلب ہے کہ تم نے مان لیا کہ قادیانی بھی ایک نبی رکھتےہیں 😠 لعنت ڈنگرو✋✋ #قادیانی_اقلیت_نہیں_غدار,"[1.8650747537612915, 1.9367583990097046, 1.7387962341308594, 2.112849712371826, 1.5749049186706543, 1.6121042966842651]"
urd_53cf8afd834bf4d3c5782a7a674f45d7,نہری نظام اور صاف پانی کی ترسیل دونوں چیزیں کالا باغ ڈیم کے ساتھ جڑی ہیں ۔ #ڈیم_بناؤ_پاکستان_بچاؤ,0,0,0,0,0,0,urd,[LANG=urd] نہری نظام اور صاف پانی کی ترسیل دونوں چیزیں کالا باغ ڈیم کے ساتھ جڑی ہیں ۔ #ڈیم_بناؤ_پاکستان_بچاؤ,"[-2.9102015495300293, -3.0993757247924805, -2.9289710521698, -2.7487289905548096, -2.886152982711792, -2.6631035804748535]"
urd_a37f0c2dd768b0a55301b16287afb062,انشااللہ انشااللہ انشااللہ انشااللہ نیا پاکستان نیا پاکستان نیا پاکستان نیا پاکستان #StampOnBat,0,0,0,0,0,0,urd,[LANG=urd] انشااللہ انشااللہ انشااللہ انشااللہ نیا پاکستان نیا پاکستان نیا پاکستان نیا پاکستان #StampOnBat,"[-0.5875116586685181, 0.07084033638238907, -1.1961508989334106, 0.7649773955345154, -0.20155742764472961, -0.3209724426269531]"
urd_1f63414b30d7d60e33df0b7719fc749e,کوٹ_مٹھن: دربارفرید پر حکومتی پابندیاں ریاستی دھشتگردی کی بدترین مثال ہیں اقوام متحدہ ہماری مذہبی آزادی کا تحفظ یقینی بنائے. خواجہ غلام فرید,1,1,1,1,1,1,urd,[LANG=urd] کوٹ_مٹھن: دربارفرید پر حکومتی پابندیاں ریاستی دھشتگردی کی بدترین مثال ہیں اقوام متحدہ ہماری مذہبی آزادی کا تحفظ یقینی بنائے. خواجہ غلام فرید,"[-0.17132221162319183, 0.028845513239502907, -0.5528687238693237, 0.24737070500850677, -0.5998278856277466, -0.6411793828010559]"
urd_3197569ee9fe4216f5bbcdfdd70c5f26,زینب کے معاملے پر لگاتار دیسی لبرل کے چپ بتاتی کے یہ پاکستان کے لئے نہیں بلکے اپنے آقاوں کے لئے کام کرتے  #DesiLiberals,1,1,1,1,1,1,urd,[LANG=urd] زینب کے معاملے پر لگاتار دیسی لبرل کے چپ بتاتی کے یہ پاکستان کے لئے نہیں بلکے اپنے آقاوں کے لئے کام کرتے  #DesiLiberals,"[1.8859760761260986, 1.9708365201950073, 1.36514151096344, 1.4931731224060059, 1.478271484375, 1.3396133184432983]"
urd_0d59f068bf736d45b478ec3249827038,جاگ مسلم جاگ ۔۔۔ گستاخ رسولؐ کی ایک سزا سر تن سے جدا سر تن سے جدا #stophurtingmuslims,1,1,1,1,1,1,urd,[LANG=urd] جاگ مسلم جاگ ۔۔۔ گستاخ رسولؐ کی ایک سزا سر تن سے جدا سر تن سے جدا #stophurtingmuslims,"[1.6363556385040283, 2.0125510692596436, 1.664391279220581, 2.1702961921691895, 1.4879122972488403, 1.6001203060150146]"
urd_4c0b85ec3caaf43d41f4c6e66b0030f3,یہ ووٹ آف نو کانفیڈنس نہیں ہے یہ نوٹ آف نو کانفیڈنس ہے-یہ آئینی تبدیلی نہیں-آئین سے غداری ہے #ضمیر_فروشوں_کو_نا_اہل_کرو,1,1,1,1,1,1,urd,[LANG=urd] یہ ووٹ آف نو کانفیڈنس نہیں ہے یہ نوٹ آف نو کانفیڈنس ہے-یہ آئینی تبدیلی نہیں-آئین سے غداری ہے #ضمیر_فروشوں_کو_نا_اہل_کرو,"[1.4506595134735107, 1.746972680091858, 1.1101760864257812, 1.6191062927246094, 1.3060896396636963, 1.3903789520263672]"
urd_c88d32035e43ef1c72b3b8690fb45a95,جی ایچ کیو میں صلاح مشورے کیلئے غیر رسمی اجلاس بھی ہوتے ہیں' ذرائع,1,1,1,1,1,1,urd,[LANG=urd] جی ایچ کیو میں صلاح مشورے کیلئے غیر رسمی اجلاس بھی ہوتے ہیں' ذرائع,"[-2.8059897422790527, -2.824270009994507, -3.2677242755889893, -2.8872323036193848, -2.9262609481811523, -2.895885705947876]"
urd_1c7d0b6038105a5195e5b9d0f98af2cc,تمام قلم فروش صحافیوں نے اپنے اکاونٹ بھنڈوں کو دیے ھوئے۔ ۷۰ سال تک ملک کو جس بے دردی سے لوٹا گیا اس کو چند پلاٹ کچھ… @USER,0,1,0,1,0,1,urd,[LANG=urd] تمام قلم فروش صحافیوں نے اپنے اکاونٹ بھنڈوں کو دیے ھوئے۔ ۷۰ سال تک ملک کو جس بے دردی سے لوٹا گیا اس کو چند پلاٹ کچھ… @USER,"[1.7140792608261108, 1.5589617490768433, 1.3876200914382935, 1.6691832542419434, 1.1081563234329224, 1.208925485610962]"
urd_158271e826cb4be8c52bc953dd4cb1e4,سوال یہ ہے کہ مداخلت ہوئی تو بیرونی مداخلت کو روکنا کس کا کام تھا۔ #امپورٹڈ_حکومت_نامنظور,1,1,1,1,1,1,urd,[LANG=urd] سوال یہ ہے کہ مداخلت ہوئی تو بیرونی مداخلت کو روکنا کس کا کام تھا۔ #امپورٹڈ_حکومت_نامنظور,"[0.681589663028717, 0.7568097710609436, 0.5934133529663086, 0.6567347049713135, 0.627099871635437, 0.9169926643371582]"
urd_eacbfa0b892c4c72a71bfcc3a2ee052a,نسل پرست پیپلز پارٹی کی نا اہل سندھ حکومت کی تعلیم دشمن پالیسیاں نا منظور نا منظور #APMSOagainstInjustices,1,1,1,1,1,1,urd,[LANG=urd] نسل پرست پیپلز پارٹی کی نا اہل سندھ حکومت کی تعلیم دشمن پالیسیاں نا منظور نا منظور #APMSOagainstInjustices,"[1.4730473756790161, 1.8655027151107788, 0.8467341065406799, 1.3732483386993408, 1.4400105476379395, 1.3700616359710693]"
urd_ee9fcce0e21b0cf5d6621c95c55232b9,اگر ایک خط کے سامنے ہی لیٹنا ہے تو پھر 16 ارب نیوٹرلز پر کیوں ضائع ہو,0,1,0,0,0,0,urd,[LANG=urd] اگر ایک خط کے سامنے ہی لیٹنا ہے تو پھر 16 ارب نیوٹرلز پر کیوں ضائع ہو,"[1.220949411392212, 1.2564213275909424, 1.1513487100601196, 1.0772747993469238, 0.9676819443702698, 1.0733405351638794]"
urd_c27844f792e2bf3e0cbcbd0ae0010b3d,مجاہدین نے تاجی میں ہونے والے معرکہ میں،رافضی ملیشیا کے اہم جرنیل کو قتل کر دیا. اللہ اکبر والحمد,1,1,1,1,1,1,urd,[LANG=urd] مجاہدین نے تاجی میں ہونے والے معرکہ میں،رافضی ملیشیا کے اہم جرنیل کو قتل کر دیا. اللہ اکبر والحمد,"[-1.3723905086517334, -0.876787006855011, -1.6183586120605469, -1.1001906394958496, -1.227571964263916, -1.0659743547439575]"
urd_52a343ba1948afe8fa9bb1add2890c39,"au revoir, آج رات میں شیعہ سے سوتا ہوں",0,0,0,0,0,0,urd,"[LANG=urd] au revoir, آج رات میں شیعہ سے سوتا ہوں","[-1.4389065504074097, -1.7938857078552246, -1.5668359994888306, -1.0772989988327026, -0.9604015946388245, -0.5513151288032532]"
urd_b37750faa25dac1d577dff2d47e80a1f,زہ خو قوم پرست یم زہ خو قوم پرست یم زہ خو پختون یم  #StopTerrorismInJaniKhail,0,0,0,0,0,0,urd,[LANG=urd] زہ خو قوم پرست یم زہ خو قوم پرست یم زہ خو پختون یم  #StopTerrorismInJaniKhail,"[0.11773921549320221, -1.059977412223816, -2.36887526512146, -0.5274226665496826, -1.2544808387756348, -0.7140464186668396]"
urd_24aa2564bf1fc26a0ce47d29dbcd99b6,یہ آپ کے الفاظ تھے میرے بارے میں۔ کُچھ یاد آیا؟ لیکن میں آپ کی طرح مذہب کارڈ کا استعمال ہرگز نہیں کروں گا۔ مکافاتِ عمل۔ @USER,1,1,0,0,0,1,urd,[LANG=urd] یہ آپ کے الفاظ تھے میرے بارے میں۔ کُچھ یاد آیا؟ لیکن میں آپ کی طرح مذہب کارڈ کا استعمال ہرگز نہیں کروں گا۔ مکافاتِ عمل۔ @USER,"[0.42818889021873474, 0.7793518900871277, 0.8012893795967102, 1.5272953510284424, 0.6390022039413452, 1.1007908582687378]"
urd_0f68c810127972efa58cbb705a025d53,کیا ہم کوئی ذہنی غلام ہیں جو 4 سالہ صفر کارکردگی پر آپکو سپورٹ کریں #فتنہ_مارچ_ناکام #فتنہ_مارچ_ناکام,1,1,1,1,1,1,urd,[LANG=urd] کیا ہم کوئی ذہنی غلام ہیں جو 4 سالہ صفر کارکردگی پر آپکو سپورٹ کریں #فتنہ_مارچ_ناکام #فتنہ_مارچ_ناکام,"[0.38226184248924255, 0.9442939758300781, 0.18782338500022888, 0.6650269031524658, 0.8986167311668396, 0.8987008929252625]"
urd_a753666035a7edeb98353bd0b391e8e5,کیا یہ مسلمانی ہے ایک ۱۱ سال کی بچی کے مرنے کے بعد اسں کے ساتھ بے حرمتی کی گھی - ۔۔۔ویڈیودیکھیں۔۔۔ @USER,1,1,1,1,1,1,urd,[LANG=urd] کیا یہ مسلمانی ہے ایک ۱۱ سال کی بچی کے مرنے کے بعد اسں کے ساتھ بے حرمتی کی گھی - ۔۔۔ویڈیودیکھیں۔۔۔ @USER,"[-0.48907455801963806, -0.5070722103118896, -0.6409396529197693, -0.6908299326896667, -0.25444477796554565, -0.39348316192626953]"
urd_31fae5283be52b7dad0d2a0472c01dab,چاہے بیرونی سازش ہو یا مداخلت لیکن ہمارے ٹرینڈ میں تو کوئی تبدیلی نہیں آئے گی۔ #امپورٹڈ_حکومت_نامنظور,1,1,1,1,1,1,urd,[LANG=urd] چاہے بیرونی سازش ہو یا مداخلت لیکن ہمارے ٹرینڈ میں تو کوئی تبدیلی نہیں آئے گی۔ #امپورٹڈ_حکومت_نامنظور,"[0.7917134165763855, 0.9141226410865784, 0.436506986618042, 0.9288762807846069, 0.5700681805610657, 0.8415392637252808]"
urd_a067b1fe978c5bf6e6b049f0c42299ad,قطری خط امریکی خط دونوں جھوٹ لیکن چوہدری دے خط دا کوئی مُل نہیں #CMPunjabElection,1,1,1,1,1,1,urd,[LANG=urd] قطری خط امریکی خط دونوں جھوٹ لیکن چوہدری دے خط دا کوئی مُل نہیں #CMPunjabElection,"[1.2661086320877075, 1.4060938358306885, 1.1575860977172852, 1.3018271923065186, 1.0856688022613525, 1.2143237590789795]"
urd_e75c50c5cc915c153630655463d0be53,سماء زندہ باد لفافہ صحافت مردہ باد @USER #ٹیم_پاک_کا_سماءنیوز_کو_سلام,1,1,1,1,1,1,urd,[LANG=urd] سماء زندہ باد لفافہ صحافت مردہ باد @USER #ٹیم_پاک_کا_سماءنیوز_کو_سلام,"[1.36836576461792, 1.9295446872711182, 1.3439701795578003, 1.7513976097106934, 1.3607769012451172, 1.500616192817688]"
urd_a893515a2c6b448acf4e74a3f480fab0,اگر فوج کالا باغ ڈیم کی زمہ داری اٹھاےُ تو عسکری بینک میں کالا باغ ڈیم اکاوُنٹ کھول دے ہم فی کس 2000 دینے کو تیار ہیں.,0,0,0,0,0,0,urd,[LANG=urd] اگر فوج کالا باغ ڈیم کی زمہ داری اٹھاےُ تو عسکری بینک میں کالا باغ ڈیم اکاوُنٹ کھول دے ہم فی کس 2000 دینے کو تیار ہیں.,"[-2.1418466567993164, -2.391543388366699, -2.896970748901367, -2.6448192596435547, -2.591090202331543, -2.465224027633667]"
urd_c61541b4ac71796b74f1fcc2bd7394dc,چاہتےہیں کہ ملک میں حقیقی جمہوری نظام قائم کیاجائے،الطاف حسین #RiseForArmy #MQM #Pakistan,0,0,0,0,0,0,urd,[LANG=urd] چاہتےہیں کہ ملک میں حقیقی جمہوری نظام قائم کیاجائے،الطاف حسین #RiseForArmy #MQM #Pakistan,"[-1.4908404350280762, -2.3533294200897217, -2.8601419925689697, -2.4030542373657227, -2.462946891784668, -2.0667803287506104]"
urd_8affb71f1a5acc1748f89fbd7a387150,خدا کی قسم لڈن کا مردار چہرہ دیکھ لینا۔ لعنت نا برس رہی ہو تو کہنا گستاخ صحابہ کا چہرہ بگڑ ہی جاتا ہے,1,1,1,1,1,1,urd,[LANG=urd] خدا کی قسم لڈن کا مردار چہرہ دیکھ لینا۔ لعنت نا برس رہی ہو تو کہنا گستاخ صحابہ کا چہرہ بگڑ ہی جاتا ہے,"[1.2162790298461914, 1.3207727670669556, 1.5685683488845825, 1.8406784534454346, 1.076331615447998, 1.4133225679397583]"
urd_e33f331f482ef2e300846bb001b57a34,ورمیںدشمنان_حسین رافضی ٹولہ کی فائرنگ @USER مولانااورنگزیب فا,0,0,0,0,0,0,urd,[LANG=urd] ورمیںدشمنان_حسین رافضی ٹولہ کی فائرنگ @USER مولانااورنگزیب فا,"[-1.097895860671997, -0.8949089646339417, -1.3561198711395264, -1.1271027326583862, -1.6186623573303223, -1.9486268758773804]"
urd_e2dd62b0a0625bf624c6764719b2048a,’ہم جنس پرستی کی سزا صرف خدا دے سکتا ہے‘,1,1,1,1,1,1,urd,[LANG=urd] ’ہم جنس پرستی کی سزا صرف خدا دے سکتا ہے‘,"[1.3740100860595703, 1.5173214673995972, 1.3253847360610962, 1.0430914163589478, 1.1083836555480957, 1.2944542169570923]"
urd_ac2a9a84e94524bf0cd01ad4d358b47b,ریاست مدینہ کا پہلا حکم۔ سود اور شراب کا خاتمہ تھا,0,0,0,0,0,0,urd,[LANG=urd] ریاست مدینہ کا پہلا حکم۔ سود اور شراب کا خاتمہ تھا,"[-0.652972400188446, -0.8884028196334839, -1.2927931547164917, -0.6828272938728333, -0.8114303350448608, -0.6238426566123962]"
urd_0c466239d93439d1ba887768be38c587,آزاد میڈیا نوتک کو پنجاب کی ہر یوسی سے رپورٹرز کی ضرورت ہے میڈیا سے شوق والے افرد رابطہ کریں 03014796872 الیکشن کی ہر نیوز دیں ہر یو سی کی.,0,0,0,0,0,0,urd,[LANG=urd] آزاد میڈیا نوتک کو پنجاب کی ہر یوسی سے رپورٹرز کی ضرورت ہے میڈیا سے شوق والے افرد رابطہ کریں 03014796872 الیکشن کی ہر نیوز دیں ہر یو سی کی.,"[-0.8405269384384155, -0.8122661709785461, -1.5461046695709229, -0.718542754650116, -1.4238908290863037, -1.6808677911758423]"
urd_f1ea32029b28dfd185ca952d8436ad04,#ArrestPunjabLooters مٹھی بھر کرپٹ اشرافیہ نے سیاسی جماعتوں اور سیاست کو یرغمال بنا رکھا ہے ۔,0,0,0,0,0,0,urd,[LANG=urd] #ArrestPunjabLooters مٹھی بھر کرپٹ اشرافیہ نے سیاسی جماعتوں اور سیاست کو یرغمال بنا رکھا ہے ۔,"[1.9884889125823975, 1.8256762027740479, 1.2433584928512573, 1.5690991878509521, 1.3141605854034424, 1.2382268905639648]"
urd_20fe999ac1085901f6ba1573cf80fcf6,پی ٹی آئی کے #عمرانڈوز کے پاس اب خوش ہونے کے لیۓ اعتزاز احسن کے بیانات اور 1992 کا ورلڈ کپ ہی بچا 😂,1,1,1,1,1,1,urd,[LANG=urd] پی ٹی آئی کے #عمرانڈوز کے پاس اب خوش ہونے کے لیۓ اعتزاز احسن کے بیانات اور 1992 کا ورلڈ کپ ہی بچا 😂,"[1.8147363662719727, 1.879075288772583, 1.3755830526351929, 1.5545103549957275, 1.5168744325637817, 1.35712730884552]"
urd_deac25d0f1f676a5c8be20ca2ae86599,ہوشیار! زرداری اٹھارویں ترمیم کا بھی سودا کر سکتا ہے,1,1,1,1,1,1,urd,[LANG=urd] ہوشیار! زرداری اٹھارویں ترمیم کا بھی سودا کر سکتا ہے,"[-0.07556529343128204, 0.5592420697212219, -0.45529040694236755, 0.33794277906417847, -0.04855550453066826, 0.3091123402118683]"
urd_8c50834db31d9f44d28b1b734291ace5,دیسی فیمنزم کے ہاں عورت کارڈ کا وقت ہوا چاہتا ہے.,1,1,1,1,1,1,urd,[LANG=urd] دیسی فیمنزم کے ہاں عورت کارڈ کا وقت ہوا چاہتا ہے.,"[1.915512204170227, 2.090378761291504, 1.5672335624694824, 1.598327875137329, 1.5131014585494995, 1.5874758958816528]"
urd_60cc41abd4fc4ef5417d8e9297ab0bad,پنجاب میں ہارس ٹریڈنگ کی بری مثال قائم کی گئی ہے،احسن اقبال,0,0,0,0,0,0,urd,[LANG=urd] پنجاب میں ہارس ٹریڈنگ کی بری مثال قائم کی گئی ہے،احسن اقبال,"[-1.529703140258789, -2.3349435329437256, -3.382378339767456, -2.3928351402282715, -2.6197071075439453, -2.094524383544922]"
urd_a8160a481c791f75fccbcc8e4203cb41,صیہونی وزیر خارجہ نے نتن یاہو کی پالیسیوں کی تنقید کی.  @USER @USER,0,0,0,0,0,0,urd,[LANG=urd] صیہونی وزیر خارجہ نے نتن یاہو کی پالیسیوں کی تنقید کی.  @USER @USER,"[-2.6726555824279785, -1.7343487739562988, -2.7490861415863037, -2.478266716003418, -2.5624520778656006, -2.6052582263946533]"
urd_9d7296b220eafda65d63e30f4c6b4416,ووٹ کی ایک پرچی سے ترقی یافتہ پاکستان یا کرپٹ حکمران؟ فیصلہ آپ کے ہاتھ میں #Pakistan #GE2018 #GeneralElections2018,1,1,1,1,1,1,urd,[LANG=urd] ووٹ کی ایک پرچی سے ترقی یافتہ پاکستان یا کرپٹ حکمران؟ فیصلہ آپ کے ہاتھ میں #Pakistan #GE2018 #GeneralElections2018,"[-0.9848173260688782, -0.8014968037605286, -1.9207813739776611, -0.943362295627594, -1.5202147960662842, -1.165002703666687]"
urd_80af167f3ded106f952224b800e5d530,تاریخ گواہ ہے، جیو، جنگ، حامد میر ہمیشہ ریاست مخالف گروہ کے وکیل بنے ہیں #RejectLifafaSahafat,0,1,0,1,0,0,urd,[LANG=urd] تاریخ گواہ ہے، جیو، جنگ، حامد میر ہمیشہ ریاست مخالف گروہ کے وکیل بنے ہیں #RejectLifafaSahafat,"[1.9034864902496338, 2.0679609775543213, 1.3775920867919922, 2.03031587600708, 1.5999404191970825, 1.5040394067764282]"
urd_dd87cd88e09f2159675e470613ae59ab,آج بھی ملک میں کمزورہی سہی پارلیمانی نظام ہے، بلاول بھٹو زرداری #5thJulyBlackDay #BlackDay,0,0,0,0,0,0,urd,[LANG=urd] آج بھی ملک میں کمزورہی سہی پارلیمانی نظام ہے، بلاول بھٹو زرداری #5thJulyBlackDay #BlackDay,"[-2.5524849891662598, -2.894357681274414, -3.2889339923858643, -2.9948058128356934, -3.130645990371704, -2.708702564239502]"
urd_dd88a759257011043a0478f27e24f6b5,سورج گرہن ہو یا چاند گرہن  مرزائی ہمیشہ کافر رہیں گے اور اپنا انعام 🖐وصول کرتے رہیں گے,1,1,1,1,1,1,urd,[LANG=urd] سورج گرہن ہو یا چاند گرہن  مرزائی ہمیشہ کافر رہیں گے اور اپنا انعام 🖐وصول کرتے رہیں گے,"[1.7005112171173096, 2.1209750175476074, 1.5296505689620972, 2.1852333545684814, 1.5334155559539795, 1.6588666439056396]"
urd_6561d79c43fa4b0410c71878ff94c796,حافظ آباد: سرچ آپریشن میں 17 افغانی باشندے زیرحراست، پولیس,0,0,0,0,0,0,urd,[LANG=urd] حافظ آباد: سرچ آپریشن میں 17 افغانی باشندے زیرحراست، پولیس,"[-2.963026523590088, -3.2269580364227295, -3.1948158740997314, -3.139495849609375, -3.116833209991455, -3.029252052307129]"
urd_251d6715781e7c65ea1ef27b9646944a,مودی کا یار تو غدار ٹہرا۔ اور نتن یاہو ڈیم فنڈ کیلٸے چندہ دینے آیا تھا؟ #جعلی_وزیراعظم_شرم_کرو,1,1,1,1,1,1,urd,[LANG=urd] مودی کا یار تو غدار ٹہرا۔ اور نتن یاہو ڈیم فنڈ کیلٸے چندہ دینے آیا تھا؟ #جعلی_وزیراعظم_شرم_کرو,"[1.687089204788208, 2.13818359375, 1.373047947883606, 1.754037618637085, 1.514604091644287, 1.651124358177185]"
urd_99188826648dca6385c3a1472f89a250,"ہمارے بزرگوں نے اپنی جانوں,مائوں بہنونے عصمتوں کی قربانی صرف نبی کی شریعت کے لئے دی تھی کسی لبرلزم کے لئے نہیں. #ناموس -رسالت -خواتین -مارچ",1,1,1,1,1,1,urd,"[LANG=urd] ہمارے بزرگوں نے اپنی جانوں,مائوں بہنونے عصمتوں کی قربانی صرف نبی کی شریعت کے لئے دی تھی کسی لبرلزم کے لئے نہیں. #ناموس -رسالت -خواتین -مارچ","[1.0109851360321045, 0.556269109249115, -0.005844808649271727, 0.9840839505195618, 0.32682865858078003, 0.2485528141260147]"
urd_b01626bf20363b534c40889c72f5a31a,پاکستان درست سمت میں جا رہا ہے پاکستان کا سلیکٹڈ وزیراعظم نیازی,1,1,1,1,1,1,urd,[LANG=urd] پاکستان درست سمت میں جا رہا ہے پاکستان کا سلیکٹڈ وزیراعظم نیازی,"[-2.2742605209350586, -1.909842610359192, -2.299194097518921, -2.2356033325195312, -2.418968677520752, -2.3781402111053467]"
urd_d127c0858149f244a420a89c8b0e4f68,ہم پاکستانی ۔ قادیانی مرزائی سے پاک۔۔۔پاک اسلامی فوج کے شانہ بشانہ کھڑے ہیں ان شاءاللہ #لبیک_پاکستان,1,1,1,1,1,1,urd,[LANG=urd] ہم پاکستانی ۔ قادیانی مرزائی سے پاک۔۔۔پاک اسلامی فوج کے شانہ بشانہ کھڑے ہیں ان شاءاللہ #لبیک_پاکستان,"[1.7483880519866943, 1.8534033298492432, 1.2112466096878052, 1.9825992584228516, 1.2570267915725708, 1.3753379583358765]"
urd_8e7008b80c37a878e9547f64398466e6,چوہا نمبر ایک: بھگوڑا چوہا نمبر دو: بیماری چوہا نمبر تین: چیری بلاسم #AmarBilMaroof,0,0,0,0,0,0,urd,[LANG=urd] چوہا نمبر ایک: بھگوڑا چوہا نمبر دو: بیماری چوہا نمبر تین: چیری بلاسم #AmarBilMaroof,"[1.0905543565750122, 1.5118626356124878, 1.6361571550369263, 1.6478502750396729, 0.6966981291770935, 0.9072394967079163]"
urd_4349d306716cc4a9ac84f962d8b6f9b5,صدارتی نظام کے حق میں جو بھی ہے وہ ریٹویٹ کرے #امپورٹڈ_بجٹ_نامنظور,1,1,1,1,1,1,urd,[LANG=urd] صدارتی نظام کے حق میں جو بھی ہے وہ ریٹویٹ کرے #امپورٹڈ_بجٹ_نامنظور,"[0.7596844434738159, 0.9823904037475586, 0.01424628496170044, 0.5636358261108398, 0.41431888937950134, 0.8567354083061218]"
urd_169116ee7f65fa06481e2361c3292465,اس ایک عورت سے ڈر گئے ۔ اسٹبلشمنٹ نیب عدلیہ ریاست مدنیہ کے دعویدار ۔ @USER,1,1,1,1,1,1,urd,[LANG=urd] اس ایک عورت سے ڈر گئے ۔ اسٹبلشمنٹ نیب عدلیہ ریاست مدنیہ کے دعویدار ۔ @USER,"[1.5580873489379883, 1.7976481914520264, 0.8468625545501709, 1.3392174243927002, 1.1044723987579346, 0.9677790999412537]"
urd_1129b339e76dc7f01de5735fb870e378,چیف آرمی سٹاف پاکستان اپیل ہم کو نہ ایسی جہموریت چاہیے نہ سیاست چاہیے اور نہ ایسے کرپٹ سیاستدان چاہیے ہم پاکستان کی سلامتی اور بقا چاہیے,1,1,0,1,0,1,urd,[LANG=urd] چیف آرمی سٹاف پاکستان اپیل ہم کو نہ ایسی جہموریت چاہیے نہ سیاست چاہیے اور نہ ایسے کرپٹ سیاستدان چاہیے ہم پاکستان کی سلامتی اور بقا چاہیے,"[0.9581338167190552, 1.111180067062378, 0.5642673969268799, 0.8471461534500122, 0.6793250441551208, 0.655829668045044]"
urd_3e0a6b8718916707803998a641eab2f8,پنڈی جی ایچ کیو کے سامنے احتجاج کی کال دی جاے,0,0,0,0,0,0,urd,[LANG=urd] پنڈی جی ایچ کیو کے سامنے احتجاج کی کال دی جاے,"[-2.0245299339294434, -1.5408464670181274, -2.395563840866089, -1.241222620010376, -1.9945433139801025, -1.7012994289398193]"
urd_170917bab4e9135a548ef62ea8f863f4,ڈان لیکس کےبعد جو کچھ آپ نےکیا،قوم کو آپ پر اعتبارنہیں،عمران خان,0,0,0,0,0,0,urd,[LANG=urd] ڈان لیکس کےبعد جو کچھ آپ نےکیا،قوم کو آپ پر اعتبارنہیں،عمران خان,"[-1.2863624095916748, -0.9274590611457825, -1.8157151937484741, -1.40846586227417, -1.3493181467056274, -0.9533067345619202]"
urd_d4ed4fa9a078ddadf666e5023d9b0380,اب مذہب کارڈ چلانے والے کا کیا بنے گا,1,0,0,0,1,0,urd,[LANG=urd] اب مذہب کارڈ چلانے والے کا کیا بنے گا,"[1.504587173461914, 1.682073950767517, 1.2628763914108276, 1.5095603466033936, 1.1934337615966797, 1.235946774482727]"
urd_9e9875cc8b5797167561707d279e1d15,شیعوں کا اصول: جہاں شیعہ اقلیت میں ہیں تو وہاں شیعہ سنی بھائ بھائ اورجہاں شیعہ اکثریت میں ہیں وہاں سنیوں پر شامت آئ۔,1,1,1,1,1,1,urd,[LANG=urd] شیعوں کا اصول: جہاں شیعہ اقلیت میں ہیں تو وہاں شیعہ سنی بھائ بھائ اورجہاں شیعہ اکثریت میں ہیں وہاں سنیوں پر شامت آئ۔,"[0.904506504535675, 0.3611849844455719, 0.49074554443359375, 0.673046350479126, 0.3272867202758789, 0.5931407809257507]"
urd_5105a8e7700f920f3e78fb9384a55d9c,ارشد شریف کو اتنی صحافتی بد دیانتی اور جھوٹے پراپیگنڈا کے بعد کیا نیند آجاتی ہو گی؟؟ اگر آجاتی ہے تو یہ مرد ضمیر کی نشانی ہے,1,1,1,1,1,1,urd,[LANG=urd] ارشد شریف کو اتنی صحافتی بد دیانتی اور جھوٹے پراپیگنڈا کے بعد کیا نیند آجاتی ہو گی؟؟ اگر آجاتی ہے تو یہ مرد ضمیر کی نشانی ہے,"[1.7028809785842896, 1.8876789808273315, 1.4432145357131958, 1.6061310768127441, 1.5300898551940918, 1.5689488649368286]"
urd_f6bf1c1bf8ae0c0389cda82b46e90d2f,مشہور مرزائی سوشل میڈیا ایکٹیوسٹ  کاشف چوہدری کے ساتھ ھمارے وزیرِ موصوف @USER,1,1,0,1,0,0,urd,[LANG=urd] مشہور مرزائی سوشل میڈیا ایکٹیوسٹ  کاشف چوہدری کے ساتھ ھمارے وزیرِ موصوف @USER,"[0.9976915121078491, 1.6317793130874634, 0.5188305377960205, 0.8239915370941162, 0.6018304228782654, 0.2374200075864792]"
urd_7e84cf2230ea4a8e5834b4b4ff9f1d59,را کو پاکستان آنے کی دعوت نیازی دے اور مودی کا یار نواز شریف نیا فلسفہ یوتھیالوجی #یرغمال_جمہوریت_نامنظور,1,1,0,1,1,1,urd,[LANG=urd] را کو پاکستان آنے کی دعوت نیازی دے اور مودی کا یار نواز شریف نیا فلسفہ یوتھیالوجی #یرغمال_جمہوریت_نامنظور,"[1.6040148735046387, 2.1107311248779297, 1.357802152633667, 1.7405365705490112, 1.6040880680084229, 1.591502070426941]"
urd_fad2e81925f0a1787eefb8d748b1ddbe,یہ حامد میر اب صوبائیت کو ہوا دے رہا ہے،  لعنت ہے وئی,1,1,1,1,1,1,urd,[LANG=urd] یہ حامد میر اب صوبائیت کو ہوا دے رہا ہے،  لعنت ہے وئی,"[1.5960140228271484, 2.0272586345672607, 1.3451558351516724, 1.7383298873901367, 1.4933561086654663, 1.4412299394607544]"
urd_de4bb541fbc3e29d040179eeb843ef7d,اعجازحیدر جیسے بدتمیز لبرل کو خان صاحب انٹرویو دے رہے ہیں مطلب یہ کہ خان صاحب مشکل سوالوں سے گھبرانے والے @USER ہی ان دیسی لبرلز سے,0,1,0,0,0,0,urd,[LANG=urd] اعجازحیدر جیسے بدتمیز لبرل کو خان صاحب انٹرویو دے رہے ہیں مطلب یہ کہ خان صاحب مشکل سوالوں سے گھبرانے والے @USER ہی ان دیسی لبرلز سے,"[1.8911042213439941, 2.3698387145996094, 1.5569484233856201, 1.8872199058532715, 1.4798505306243896, 1.4529982805252075]"
urd_6ccbddd7ed9be6398ebaaac80199e969,جعلی بال جعلی وعدے جعلی مینڈیٹ جعلی ترقی جعلی منصوبے جعلی دعوے جعلی جمہوریت اور اصلی کرپشن😐 😕 ویلکم ٹو PMLN #NSBagKholo,1,1,1,1,1,1,urd,[LANG=urd] جعلی بال جعلی وعدے جعلی مینڈیٹ جعلی ترقی جعلی منصوبے جعلی دعوے جعلی جمہوریت اور اصلی کرپشن😐 😕 ویلکم ٹو PMLN #NSBagKholo,"[1.494816780090332, 1.9538308382034302, 1.1073442697525024, 1.823914647102356, 1.320831298828125, 1.4101635217666626]"
urd_b18a8fce06d83f3e1e9299dec63a7dcc,مصطفیٰ کمال کا ملک میں صدارتی نظام کا مطالبہ,0,0,0,0,0,0,urd,[LANG=urd] مصطفیٰ کمال کا ملک میں صدارتی نظام کا مطالبہ,"[-2.868922233581543, -2.590545654296875, -2.7906529903411865, -2.6602694988250732, -2.7754671573638916, -2.6864612102508545]"
urd_53dab03fef94cc99848fe6bd0402098c,کبھی امریکی سازش کبھی مذہب کارڈ اب تمہارا جھوٹا چورن نہیں بکنے والا۔۔۔ @USER #کیاسب_کویوتھیاسمجھ_رکھاہے,1,1,1,1,1,1,urd,[LANG=urd] کبھی امریکی سازش کبھی مذہب کارڈ اب تمہارا جھوٹا چورن نہیں بکنے والا۔۔۔ @USER #کیاسب_کویوتھیاسمجھ_رکھاہے,"[1.106238603591919, 1.7226377725601196, 1.4571049213409424, 1.700355887413025, 1.1195974349975586, 1.394290566444397]"
urd_0b880e44e65e9ce1b29ef44c3dd7951f,ملکی تاریخ سب سے بڑے سیاسی ایونٹ کا بائیکاٹ پاکستانی میڈیا کو لے ڈوبے گا۔,1,1,1,1,1,1,urd,[LANG=urd] ملکی تاریخ سب سے بڑے سیاسی ایونٹ کا بائیکاٹ پاکستانی میڈیا کو لے ڈوبے گا۔,"[-0.9056754112243652, -0.6836218237876892, -1.6075770854949951, -0.5472022294998169, -0.9594061970710754, -0.9688575863838196]"
urd_f6f6f61215b19fc0026a29725d40c1df,"عالمی لیڈر! چیری بلاسم کو دیکھ کر پریشان ہیں کہ ""اب گھوڑوں کی ریس میں گدھے بھی دوڑیں گے""😂🥹😂 #امپورٹڈ_حکومت_نامنظور",1,1,1,1,1,1,urd,"[LANG=urd] عالمی لیڈر! چیری بلاسم کو دیکھ کر پریشان ہیں کہ ""اب گھوڑوں کی ریس میں گدھے بھی دوڑیں گے""😂🥹😂 #امپورٹڈ_حکومت_نامنظور","[1.6963176727294922, 2.12835693359375, 1.7574113607406616, 1.976355791091919, 1.5568232536315918, 1.7543448209762573]"
urd_8dafa7a85a137f0f99737a630d10a868,قاتل بھی افغانی۔۔۔مقتول بھی افغانی گالیاں پاکستان، فوج، علامہ اقبال، محمد بن قاسم اور طارق جمیل کو ۔ ۔ ۔ #Justice4Farishta,1,1,1,1,1,1,urd,[LANG=urd] قاتل بھی افغانی۔۔۔مقتول بھی افغانی گالیاں پاکستان، فوج، علامہ اقبال، محمد بن قاسم اور طارق جمیل کو ۔ ۔ ۔ #Justice4Farishta,"[1.8173803091049194, 1.8283988237380981, 1.3438705205917358, 1.894481897354126, 1.3545570373535156, 1.1883833408355713]"
urd_8ed3dfbb47ef6e9e110ee02c7b621d55,متعصب اور نسل پرست پیپلز پارٹی سندھو دیش کی حامی اور شدت پسند سندھی قوم پرست گروہوں کی مکمل پشت پناہی کر رہی ہے۔ #27DecJustice4Mohajirs,1,1,1,1,1,1,urd,[LANG=urd] متعصب اور نسل پرست پیپلز پارٹی سندھو دیش کی حامی اور شدت پسند سندھی قوم پرست گروہوں کی مکمل پشت پناہی کر رہی ہے۔ #27DecJustice4Mohajirs,"[1.3857476711273193, 1.0627964735031128, 0.509259045124054, 0.9272545576095581, 0.9657924771308899, 0.9055565595626831]"
urd_e854529866af723424407545414b40a1,بعض عناصر فرقہ پرستی کےذریعےسستی شہرت حاصل کرناچاہتےہیں،زعیم قادری,0,0,0,0,0,0,urd,[LANG=urd] بعض عناصر فرقہ پرستی کےذریعےسستی شہرت حاصل کرناچاہتےہیں،زعیم قادری,"[1.1890846490859985, 0.9604902863502502, 0.3506241738796234, 0.4490041732788086, 0.38884639739990234, 0.4454396963119507]"
urd_dd466893a90ab341a2a74f0be53ab4c3,لانگ مارچ کا خوف 👇 لانگ مارچ کا اعلان ہوتے ہی شیخ رشید کو اکتوبر نومبر میں پاک بھارت جنگ نظر آنے لگ گئ #WhatsApp #واٹس_ایپ_انصاف_نامنظور,1,1,1,1,0,0,urd,[LANG=urd] لانگ مارچ کا خوف 👇 لانگ مارچ کا اعلان ہوتے ہی شیخ رشید کو اکتوبر نومبر میں پاک بھارت جنگ نظر آنے لگ گئ #WhatsApp #واٹس_ایپ_انصاف_نامنظور,"[1.6867015361785889, 1.869590401649475, 1.0722018480300903, 1.5611413717269897, 1.4259107112884521, 1.1638838052749634]"
urd_26e470dda23e65ca871675a4ac75609d,#SupportIKToSavePak خان کا مقصد ملک کو ترقی یافتہ بنانا ہے,1,1,1,1,1,1,urd,[LANG=urd] #SupportIKToSavePak خان کا مقصد ملک کو ترقی یافتہ بنانا ہے,"[-1.714202642440796, -1.4973578453063965, -2.630554437637329, -1.771099328994751, -2.3482160568237305, -1.9812555313110352]"
urd_87cafe8059512e2afbcb2d4132f4b109,کراچی:فائرنگ افغانی گارڈ نے کی، ذرائع,1,1,0,1,0,0,urd,[LANG=urd] کراچی:فائرنگ افغانی گارڈ نے کی، ذرائع,"[-2.441429615020752, -2.0783114433288574, -3.145440101623535, -2.848625659942627, -2.991450309753418, -3.055819272994995]"
urd_1b8a325e3bae81149fad41d9da96aa65,مولوی۔ ویلنٹائن ڈے کیسا رہا ؟؟ دیسی لبرل۔ اپنی گرل فرینڈ کو چاکلیٹ پرفیوم اور نۓ کپڑے دئے مولوی ۔ واہ! اور آپ ک… @URL,1,1,1,1,1,1,urd,[LANG=urd] مولوی۔ ویلنٹائن ڈے کیسا رہا ؟؟ دیسی لبرل۔ اپنی گرل فرینڈ کو چاکلیٹ پرفیوم اور نۓ کپڑے دئے مولوی ۔ واہ! اور آپ ک… @URL,"[1.7207690477371216, 2.2524397373199463, 1.4202004671096802, 1.6817576885223389, 1.571900486946106, 1.7151938676834106]"
urd_0b58c3b136f45e9b2f13daefc28821bf,ریاست مدینہ کی بات کرنے والے خود---؟ #کرپٹ_نظام_لٹیروں_کا_محافظ,0,0,0,0,0,0,urd,[LANG=urd] ریاست مدینہ کی بات کرنے والے خود---؟ #کرپٹ_نظام_لٹیروں_کا_محافظ,"[1.756919503211975, 1.7921372652053833, 1.1439205408096313, 1.5511255264282227, 1.1895712614059448, 1.3370981216430664]"
urd_cc62a87476a06d768b7069e0408d9c5c,1/2 محرم الحرام کےدوران مذہبی رواداری اورفرقہ وارانہ ہم آہنگی برقراررکھنے کیلئے ایم کیوایم کی رابطہ کمیٹی کے ارکان کی- #SohrabGothMassacre,0,0,0,0,0,0,urd,[LANG=urd] 1/2 محرم الحرام کےدوران مذہبی رواداری اورفرقہ وارانہ ہم آہنگی برقراررکھنے کیلئے ایم کیوایم کی رابطہ کمیٹی کے ارکان کی- #SohrabGothMassacre,"[-2.6091859340667725, -2.2851200103759766, -3.0948660373687744, -2.484835147857666, -2.6551003456115723, -2.683696985244751]"
urd_d3936107c2687d4ce2b016dd8c823a64,چیری بلاسم وزیراعظم کُکڑی وزیراعلی یہی بتانا تھا #امپورٹڈ_حکومت_نامنظور,1,1,0,1,0,0,urd,[LANG=urd] چیری بلاسم وزیراعظم کُکڑی وزیراعلی یہی بتانا تھا #امپورٹڈ_حکومت_نامنظور,"[1.6413497924804688, 2.4055397510528564, 1.3970078229904175, 1.8786730766296387, 1.4752602577209473, 1.5468074083328247]"
urd_112d8ccad1d4ad0c879219ae3f6993da,سلیکٹرز نے فواد عالم کواے ٹیم کی قیادت کا ’’لالی پاپ‘‘ تھما دیا @USER Express Urdu News,0,0,0,0,0,0,urd,[LANG=urd] سلیکٹرز نے فواد عالم کواے ٹیم کی قیادت کا ’’لالی پاپ‘‘ تھما دیا @USER Express Urdu News,"[-2.9272069931030273, -2.618439197540283, -2.9603192806243896, -2.6454224586486816, -3.1436023712158203, -3.1212427616119385]"
urd_65e3f40ea6baee141f849d844e976e24,مجھے امی نے پردہ کرنے کا کہا میری کزنز نہیں کرتی @USER میں ملحد ہو گئی.  #ایک_پاکستانی_ملحد,0,0,0,0,0,0,urd,[LANG=urd] مجھے امی نے پردہ کرنے کا کہا میری کزنز نہیں کرتی @USER میں ملحد ہو گئی.  #ایک_پاکستانی_ملحد,"[-0.24659408628940582, -0.37022683024406433, -0.05844849348068237, -0.3450928330421448, -0.4606008529663086, -0.5726686120033264]"
urd_f2b7f742368d0470dbb26fb8e294a710,راولپنڈی: اسیر ناموس صحابہ صدر #اہل_سنت_والجماعت راولپنڈی مفتی تنویر عالم فاروقی کی ضمانت منظور کرلی گئی.,0,0,0,0,0,0,urd,[LANG=urd] راولپنڈی: اسیر ناموس صحابہ صدر #اہل_سنت_والجماعت راولپنڈی مفتی تنویر عالم فاروقی کی ضمانت منظور کرلی گئی.,"[-2.875208854675293, -2.9489333629608154, -3.030776262283325, -3.053802251815796, -3.2514097690582275, -3.1416513919830322]"
urd_1c1bf4a700c2df46bb2e001c93865bb9,وقار،عظمی،عالیہ،زرد صحافت کا گٹھ جوڑ مرده باد۔۔۔ وکلا اتحاد زنده باد,1,1,1,1,1,1,urd,[LANG=urd] وقار،عظمی،عالیہ،زرد صحافت کا گٹھ جوڑ مرده باد۔۔۔ وکلا اتحاد زنده باد,"[0.9979952573776245, 0.8796554207801819, 0.656135082244873, 1.2498387098312378, 0.7433508038520813, 1.0086169242858887]"
urd_a6dc0d41140c7cb034eb3d2a1ed0acf7,ہماری عدالتیں مشرف اور راؤ انوار کو صاحب کہتی ہیں اور عوامی نواز شریف کو گارڈ فادر ۔مافیا کون گارڈ فادر ہے؟ سب جانتے ہیں_ #میاں_تیرے_ساتھ_رہیں_گے,1,1,0,0,0,0,urd,[LANG=urd] ہماری عدالتیں مشرف اور راؤ انوار کو صاحب کہتی ہیں اور عوامی نواز شریف کو گارڈ فادر ۔مافیا کون گارڈ فادر ہے؟ سب جانتے ہیں_ #میاں_تیرے_ساتھ_رہیں_گے,"[1.4905731678009033, 1.7718993425369263, 1.4262440204620361, 1.6394120454788208, 1.2070368528366089, 1.4068740606307983]"
urd_e3945b7e132fec64d279289509425575,بیٹی مریم اور کیپٹن (ر) صفدر کے کمرے پر دھاوا، دروازہ توڑنا، جھوٹے مقدمے کا اندراج قابلِ مذمت اور فسطائیت کا ثبوت ہے: شہباز شریف,0,0,0,0,0,0,urd,[LANG=urd] بیٹی مریم اور کیپٹن (ر) صفدر کے کمرے پر دھاوا، دروازہ توڑنا، جھوٹے مقدمے کا اندراج قابلِ مذمت اور فسطائیت کا ثبوت ہے: شہباز شریف,"[1.71000337600708, 2.0995988845825195, 1.3665952682495117, 1.7895054817199707, 1.355299949645996, 1.3926335573196411]"
urd_3f13a0cada9ab58de2044beef2136e1c,یہ وڈیوز یہ آڈیوز یہ بکنا یہ خریدنا ۔۔۔ جمہوریت اور جمہوریت جمہوریت کی رٹ لگانے والوں کے منہ پر زوردار طمانچہ ہے۔۔۔۔,1,1,1,1,1,1,urd,[LANG=urd] یہ وڈیوز یہ آڈیوز یہ بکنا یہ خریدنا ۔۔۔ جمہوریت اور جمہوریت جمہوریت کی رٹ لگانے والوں کے منہ پر زوردار طمانچہ ہے۔۔۔۔,"[0.013828381896018982, 0.36565476655960083, -0.752032995223999, 0.6455128192901611, -0.015583399683237076, -0.33456045389175415]"
urd_605917cb916c147cbd94701e55aa67c4,جن کو لیپ ٹاپ کی تقسیم ایک ڈرامہ لگتا تھا انہیں لنگر کی پلیٹ تبدیلی لگ رہی ہے ذہنی غلام,1,1,1,1,1,1,urd,[LANG=urd] جن کو لیپ ٹاپ کی تقسیم ایک ڈرامہ لگتا تھا انہیں لنگر کی پلیٹ تبدیلی لگ رہی ہے ذہنی غلام,"[1.4319814443588257, 1.3753176927566528, 1.1334878206253052, 1.1232274770736694, 1.0946640968322754, 1.0512486696243286]"
urd_dc89ba83df331c21e6a50aec0060a593,فضلو ڈیزل سے بڑا یہودی ایجنٹ کوئی بھی نہیں ہ پورے پاکستان میں,1,1,1,1,1,1,urd,[LANG=urd] فضلو ڈیزل سے بڑا یہودی ایجنٹ کوئی بھی نہیں ہ پورے پاکستان میں,"[1.786449909210205, 2.1980066299438477, 1.6976724863052368, 1.813539981842041, 1.482711672782898, 1.7653414011001587]"
urd_673c33a47ebaa8fe7d869ed439631cfa,سپیکر اور ڈپٹی سپیکرقومی اسمبلی کی ہولی کے تہوار پر ہندو اراکین پارلیمنٹ اور ہندو برادری کو مبارک باد,0,0,0,0,0,0,urd,[LANG=urd] سپیکر اور ڈپٹی سپیکرقومی اسمبلی کی ہولی کے تہوار پر ہندو اراکین پارلیمنٹ اور ہندو برادری کو مبارک باد,"[-2.8417890071868896, -2.5703835487365723, -2.9997570514678955, -2.556884527206421, -2.7465035915374756, -2.5929224491119385]"
urd_3bbcf7536df636158b4f025dc8a558c2,صیہونیوں کے ہاتھوں ایک بر پھر مسجد الاقصی کی بے حرمتی @USER @USER,0,0,0,0,0,0,urd,[LANG=urd] صیہونیوں کے ہاتھوں ایک بر پھر مسجد الاقصی کی بے حرمتی @USER @USER,"[-0.2595796287059784, -0.06270165741443634, -1.4769290685653687, -0.6521977782249451, -0.670590341091156, -0.8184368014335632]"
urd_256231d69d9db02a57caad1dec237b96,قادیانی کافر مرتد کذاب دجال زندیق اور زندیق اس کو کہتے ہیں جو اپنے کفر کو اسلام کہے تاجدار ختم نبوت زندہ باد @USER @USER @USER @USER @USER #اجماع_امت_قادیانی_کافر,1,1,1,1,0,1,urd,[LANG=urd] قادیانی کافر مرتد کذاب دجال زندیق اور زندیق اس کو کہتے ہیں جو اپنے کفر کو اسلام کہے تاجدار ختم نبوت زندہ باد @USER @USER @USER @USER @USER #اجماع_امت_قادیانی_کافر,"[1.482194423675537, 1.8306201696395874, 1.4247071743011475, 2.1353957653045654, 1.3540887832641602, 1.3840476274490356]"
urd_e4c9b26d9bef8873ab361f160789ee62,ان کے پاس پاکستانی قوم کا پیسہ لوٹ کر باہر لے جانے کا تجربہ ہے ۔ عمران خان #WazireAzamImranKhan @URL,1,1,1,1,1,1,urd,[LANG=urd] ان کے پاس پاکستانی قوم کا پیسہ لوٹ کر باہر لے جانے کا تجربہ ہے ۔ عمران خان #WazireAzamImranKhan @URL,"[0.6134522557258606, 0.7713913321495056, 0.35074880719184875, 0.4605160653591156, 0.4270746111869812, 0.33850130438804626]"
urd_a625b58f2912bc061649afe49e3368d2,افغانیوں کی غیرت دین کا ہے یہ علاج ملا کو ان کے کوہ و دمن سے نکال دو علامہ اقبال,1,1,1,1,1,1,urd,[LANG=urd] افغانیوں کی غیرت دین کا ہے یہ علاج ملا کو ان کے کوہ و دمن سے نکال دو علامہ اقبال,"[0.9012624025344849, 0.7819176316261292, 1.101549506187439, 0.7685539722442627, 0.6141496300697327, 0.7944262027740479]"
urd_4a91d04a29ef96febb3cf7422a1f0468,@USER @USER  چندہ تو اک بہانہ ہے مقصد تو فسادات کروانا ہے عمران خان کہتا ہے خود کو یہودی کلچر کا دیوانہ ہے #PMChinaVisit,1,1,1,1,1,1,urd,[LANG=urd] @USER @USER  چندہ تو اک بہانہ ہے مقصد تو فسادات کروانا ہے عمران خان کہتا ہے خود کو یہودی کلچر کا دیوانہ ہے #PMChinaVisit,"[1.6741527318954468, 1.9677460193634033, 1.2273589372634888, 1.350277304649353, 1.2642030715942383, 1.214983582496643]"
urd_911159935de83a14300ba7271dad4b22,ایک تصویر کے دو @USER بیڑا غرق پاکستان کی لفافہ صحافت کا 😕 @USER,1,1,1,1,1,1,urd,[LANG=urd] ایک تصویر کے دو @USER بیڑا غرق پاکستان کی لفافہ صحافت کا 😕 @USER,"[1.5407068729400635, 2.1806976795196533, 1.505440592765808, 2.0009233951568604, 1.4282739162445068, 1.5467442274093628]"
urd_c00ae94d60c4897f007bb72c0f5bce6b,کوئٹہ: آواران میں سیکیورٹی فورسز کی کارروائی، 4 شر پسند ہلاک,0,0,0,0,0,0,urd,[LANG=urd] کوئٹہ: آواران میں سیکیورٹی فورسز کی کارروائی، 4 شر پسند ہلاک,"[-2.4751343727111816, -2.8871824741363525, -3.3915648460388184, -3.0130884647369385, -3.1359996795654297, -2.8910577297210693]"
urd_a52a40ca49a0c5df9ac543e22d54855a,دہشت گردی کے خلاف جنگ میں پختونوں کی پروفائلنگ جاری ہے،اسفندیارولی خان,1,1,1,1,1,1,urd,[LANG=urd] دہشت گردی کے خلاف جنگ میں پختونوں کی پروفائلنگ جاری ہے،اسفندیارولی خان,"[-2.3408427238464355, -3.1011977195739746, -3.232027292251587, -3.075228452682495, -3.1748383045196533, -2.900653123855591]"
urd_1b711db40c8f35b76a43901bd50be6dc,اصل میں مریم نواز کی خاموشی بھی ان لوگوں سے ہضم نہی ہورہی انہیں بہت تکلیف دے رہی ۔۔ یہ اب حامد گھٹیا جیسے ٹاؤٹ کو استعمال کرنا شروع ہوگے #BoycottHamidMir,1,1,1,1,1,1,urd,[LANG=urd] اصل میں مریم نواز کی خاموشی بھی ان لوگوں سے ہضم نہی ہورہی انہیں بہت تکلیف دے رہی ۔۔ یہ اب حامد گھٹیا جیسے ٹاؤٹ کو استعمال کرنا شروع ہوگے #BoycottHamidMir,"[1.8580689430236816, 2.19857120513916, 1.5683236122131348, 2.0586180686950684, 1.6022205352783203, 1.5629082918167114]"
urd_03c4f9e43feec05cea82d683ce858eac,مرزائی کائنات کا سب سے غلیظ اور لعنتی کافر کتا _&amp; #ریاستی_ادارےقادیانی_نواز,0,1,1,1,0,0,urd,[LANG=urd] مرزائی کائنات کا سب سے غلیظ اور لعنتی کافر کتا _&amp; #ریاستی_ادارےقادیانی_نواز,"[1.7269848585128784, 2.07527756690979, 1.5510581731796265, 2.3145041465759277, 1.51746666431427, 1.6804172992706299]"
urd_1f32167a6cb2ac7a176b649ebc319289,ہم انکو کہہ رہے ہیں نا رو نا رو۔۔۔ یہ کہہ رہے ہیں این آر او این آر او 🤣😍 @USER @USER,0,0,0,0,0,0,urd,[LANG=urd] ہم انکو کہہ رہے ہیں نا رو نا رو۔۔۔ یہ کہہ رہے ہیں این آر او این آر او 🤣😍 @USER @USER,"[-1.486916422843933, -0.7349624037742615, -1.9097288846969604, -1.1808552742004395, -1.4623245000839233, -1.6093260049819946]"
urd_bc849d7af8908c8c2ff107f0a4381b4a,#امپورٹڈ_حکومت_نامنظور کرائم منسٹر نامنظور ساڈا چوکیدار چور ہے,1,1,1,1,1,1,urd,[LANG=urd] #امپورٹڈ_حکومت_نامنظور کرائم منسٹر نامنظور ساڈا چوکیدار چور ہے,"[1.4905155897140503, 2.0592164993286133, 1.256851077079773, 1.8177028894424438, 1.361324429512024, 1.5584336519241333]"
urd_b95fd3495de364a7fd7b526831470049,پہلے صرف دیوبندی و الحدیث مسلک والے گستاخ و واجب القتل تھے اور اب ہر اہل اختلاف واجب القتل ہے  معذرت کے ساتھ 🥺😭,1,1,1,1,1,1,urd,[LANG=urd] پہلے صرف دیوبندی و الحدیث مسلک والے گستاخ و واجب القتل تھے اور اب ہر اہل اختلاف واجب القتل ہے  معذرت کے ساتھ 🥺😭,"[1.5593228340148926, 1.3730155229568481, 0.8727027177810669, 1.9094343185424805, 1.0803897380828857, 1.3729621171951294]"
urd_28cc822509df3788c0869b5de6e9831e,آپ سویلین ہیں اورآپ اشرافیہ سے ملے ہیں تو آپ پر قانون کا اطلاق نہیں ہوتا،رضاربانی,0,0,0,0,0,0,urd,[LANG=urd] آپ سویلین ہیں اورآپ اشرافیہ سے ملے ہیں تو آپ پر قانون کا اطلاق نہیں ہوتا،رضاربانی,"[1.176720380783081, 1.1603397130966187, 0.9633915424346924, 0.856178879737854, 0.895719587802887, 1.0022063255310059]"
urd_3f0b35f91a80d6b9fb9e23829de4c374,۔ پارلیمنٹ میں دی گئی منی ٹریل کو سیاسی تقریر کہنے پر کڑی گرفت ہونی چاہیے تھی، ان کے پاس قانونی منی ٹریل نہیں ہے #PATProtestForJustice,1,1,1,1,1,1,urd,[LANG=urd] ۔ پارلیمنٹ میں دی گئی منی ٹریل کو سیاسی تقریر کہنے پر کڑی گرفت ہونی چاہیے تھی، ان کے پاس قانونی منی ٹریل نہیں ہے #PATProtestForJustice,"[0.9547957181930542, 1.0359495878219604, 0.8098032474517822, 0.8873947858810425, 0.8651314377784729, 0.7345333695411682]"
urd_fe79a654347d5bef8b0273ac3f7634dc,یہی وہ هندستان کا چهرہ ہے جس کی وجہ سے پاکستان وجود میں آیا. مسلمانوں کے خلاف حالیہ واقعات گجرات، مظفر گڑه فسادات کا تسلسل هے,1,1,1,1,1,1,urd,[LANG=urd] یہی وہ هندستان کا چهرہ ہے جس کی وجہ سے پاکستان وجود میں آیا. مسلمانوں کے خلاف حالیہ واقعات گجرات، مظفر گڑه فسادات کا تسلسل هے,"[1.07041335105896, 0.9268460869789124, 0.7574385404586792, 0.4957272708415985, 0.6273370385169983, 0.5498680472373962]"
urd_9269d179d4501be9b035987950476de3,پاکستان میں ایک اقلیت، اکثریت اور دوسری اقلیتوں کے لئے عذاب بنا ہوا @USER حکومت اور اس کا ڈیڑھ عربی دوست بھی اس اقلیت کی ہم خیال ہے.,1,1,0,0,0,0,urd,[LANG=urd] پاکستان میں ایک اقلیت، اکثریت اور دوسری اقلیتوں کے لئے عذاب بنا ہوا @USER حکومت اور اس کا ڈیڑھ عربی دوست بھی اس اقلیت کی ہم خیال ہے.,"[1.767385721206665, 1.7555822134017944, 1.4569549560546875, 1.5144100189208984, 1.3040122985839844, 1.1954402923583984]"
urd_a80444314933380c013fbe69e6e8ea0e,@USER @USER اور آئین میں گستاخ صحابہ کو اسلام سے خارج قرار دیا جائے ٭جنید کی قربانی پر یہ سودا برا نہیں @URL,1,1,1,1,1,1,urd,[LANG=urd] @USER @USER اور آئین میں گستاخ صحابہ کو اسلام سے خارج قرار دیا جائے ٭جنید کی قربانی پر یہ سودا برا نہیں @URL,"[-1.2787727117538452, -0.8312369585037231, -1.2900112867355347, -0.7483205795288086, -1.0816354751586914, -0.833836019039154]"
urd_08a79fb72546b94c8c7e31d786b00e19,بھائیوں ان زرد صحافت کے پیروکار وں کو چھوڑ و۔ سوشل میڈیا اور یو ٹیوبر صحافیوں کی طرف آؤ تاکہ ان اپنی اوقات یاد آ جائے#صحافت_کا_جنازہ,1,1,1,1,1,1,urd,[LANG=urd] بھائیوں ان زرد صحافت کے پیروکار وں کو چھوڑ و۔ سوشل میڈیا اور یو ٹیوبر صحافیوں کی طرف آؤ تاکہ ان اپنی اوقات یاد آ جائے#صحافت_کا_جنازہ,"[1.120029091835022, 0.9521916508674622, 0.7669601440429688, 0.7377961277961731, 0.8080942034721375, 0.6639648079872131]"
urd_435f1773bba78e518702a62f730803b7,"فوجیوں کی تنخواں کو لیکر طعنہ دینے والے بلو رانی, مریم صفدر اور فوج پر بھونکنے والے  دیسی لبرلز 24 اگست کو اس ماں کے شہید بیٹے کی شادی تھی، 😑😑 @USER",0,1,0,1,0,0,urd,"[LANG=urd] فوجیوں کی تنخواں کو لیکر طعنہ دینے والے بلو رانی, مریم صفدر اور فوج پر بھونکنے والے  دیسی لبرلز 24 اگست کو اس ماں کے شہید بیٹے کی شادی تھی، 😑😑 @USER","[1.9699326753616333, 2.093195676803589, 1.5829111337661743, 1.9383577108383179, 1.5538792610168457, 1.5423812866210938]"
urd_5449d168faa0e56fc69673293a970541,دیسی لبرل لیگ بھی کہہ دو برا نہیں ھے #شرمناک_لیگ کو,1,1,1,1,1,1,urd,[LANG=urd] دیسی لبرل لیگ بھی کہہ دو برا نہیں ھے #شرمناک_لیگ کو,"[1.8425626754760742, 2.1434266567230225, 1.2649506330490112, 1.855403184890747, 1.3721305131912231, 1.4183505773544312]"
urd_c245db73a12efa0ad2f7b4fbe916a8f4,دو قسم لوگ ابھی تک ازاد نھیں ھوئے 1 -میرا جسم میری مرضی والے 2 -پی ٹی آئی والے۔😂 ھائی شرمیدالو,1,0,1,1,0,0,urd,[LANG=urd] دو قسم لوگ ابھی تک ازاد نھیں ھوئے 1 -میرا جسم میری مرضی والے 2 -پی ٹی آئی والے۔😂 ھائی شرمیدالو,"[1.954228401184082, 2.2559494972229004, 1.4471588134765625, 1.947791576385498, 1.541235327720642, 1.6340147256851196]"
urd_278acf6d074ec9958e2bf6be38ebaafd,مہاجر صوبہ بنایاجائے ، بلکہ نہ کہہ رہے ہیں ہزارہ وال ، سرائیکی لوگوں کو بھی سنا جائے ۔ جہاں تک معاملات کا تعلق ہے ایم #MQM #Pakistan,1,1,1,1,1,1,urd,[LANG=urd] مہاجر صوبہ بنایاجائے ، بلکہ نہ کہہ رہے ہیں ہزارہ وال ، سرائیکی لوگوں کو بھی سنا جائے ۔ جہاں تک معاملات کا تعلق ہے ایم #MQM #Pakistan,"[-1.5186026096343994, -1.9627916812896729, -2.4564664363861084, -2.246652126312256, -1.8658276796340942, -1.8421494960784912]"
urd_0c0c7608e8157e0eac306bc809f1bb94,اگر وہ “مودی کا یار” تھا تو یہ “نیتن یاہو کا یار” ہوا؟؟ میرے پاکستانیو۔۔۔۔۔ اسرائیل کی تعریفیں کرنے کا وقت ہوا چاہتا ہے۔ #اسرائیل_کا_یار,1,1,1,1,1,1,urd,[LANG=urd] اگر وہ “مودی کا یار” تھا تو یہ “نیتن یاہو کا یار” ہوا؟؟ میرے پاکستانیو۔۔۔۔۔ اسرائیل کی تعریفیں کرنے کا وقت ہوا چاہتا ہے۔ #اسرائیل_کا_یار,"[1.1860038042068481, 1.6173462867736816, 1.0185693502426147, 1.1668012142181396, 1.147459864616394, 1.1832185983657837]"
urd_e0cff94cf419b7f7bd6ac32b89db0826,کٹھ پتلی حکومت وزیروں مشیروں کی حکم عدولی پر سرکاری افسران کو عہدوں سے ہٹا کر ملک میں فسطائیت قائم کئے ہوئے ہے۔ #تبدیلی_یا_تباہی,1,1,1,1,1,1,urd,[LANG=urd] کٹھ پتلی حکومت وزیروں مشیروں کی حکم عدولی پر سرکاری افسران کو عہدوں سے ہٹا کر ملک میں فسطائیت قائم کئے ہوئے ہے۔ #تبدیلی_یا_تباہی,"[1.8907968997955322, 1.9567995071411133, 1.5689058303833008, 1.8365753889083862, 1.53324294090271, 1.5762550830841064]"
urd_dabcc462cbfbd36d8b67d2b13d979246,پر باؤ جی کی مکروہ بونڈ صرف مولوی ڈیزل ہی مار سکتا ہے,1,1,1,1,1,1,urd,[LANG=urd] پر باؤ جی کی مکروہ بونڈ صرف مولوی ڈیزل ہی مار سکتا ہے,"[1.5576112270355225, 2.0017974376678467, 1.733289361000061, 2.0111351013183594, 1.3824617862701416, 1.57196843624115]"
urd_32390e13a0f797298c3cee8ae36a5c0a,کچھ سیاستدان ملکی ترقی کی بجائے دھرنوں کی سیاست پریقین رکھتے ہیں کنٹینر پر کھڑے ہو کر غیراخلاقی بات کی گئی،وزیراعظم نوازشریف,1,1,1,1,1,1,urd,[LANG=urd] کچھ سیاستدان ملکی ترقی کی بجائے دھرنوں کی سیاست پریقین رکھتے ہیں کنٹینر پر کھڑے ہو کر غیراخلاقی بات کی گئی،وزیراعظم نوازشریف,"[-0.5106029510498047, -0.37570664286613464, -1.04400634765625, -1.1282835006713867, -0.8601869344711304, -0.9613417983055115]"
urd_9f8d1caa6fafc6eaa566eef8a8091e8d,افغان مہاجرین عزت سے نہ گئے تو انہیں دھکے دے کر نکال دیں گے، وزیر داخلہ بلوچستان,0,0,0,0,0,0,urd,[LANG=urd] افغان مہاجرین عزت سے نہ گئے تو انہیں دھکے دے کر نکال دیں گے، وزیر داخلہ بلوچستان,"[1.1509709358215332, 1.110970377922058, 0.8150702714920044, 1.3341257572174072, 0.8428260087966919, 0.649345874786377]"
urd_be5413659de6385ec5a9097897af402e,ناموس صحابہ اور یوم صدیق اکبر ؓ کے موقع پر نکالی جانے والی ریلی پر بم دھماکہ کیا یہ دہشتگردی نہیں ہے؟؟؟ #BlastInASWJJuloosQuetta,0,0,0,0,0,0,urd,[LANG=urd] ناموس صحابہ اور یوم صدیق اکبر ؓ کے موقع پر نکالی جانے والی ریلی پر بم دھماکہ کیا یہ دہشتگردی نہیں ہے؟؟؟ #BlastInASWJJuloosQuetta,"[-0.4969711899757385, -0.005253790877759457, -0.7314342856407166, -0.2817835509777069, -0.22065892815589905, -0.4335721433162689]"
urd_76f7b382c6c199a7807e1cf3a7881590,پارلیمان ملک کا سب سے بڑا ادارہ- اگر وهاں کے منتخب ممبران اور سیاسی قائدین هی اسکا احترام ملحوظ خاطر نہیں رکهتے تو وردی والوں سے کیا گلہ؟,0,0,0,0,0,0,urd,[LANG=urd] پارلیمان ملک کا سب سے بڑا ادارہ- اگر وهاں کے منتخب ممبران اور سیاسی قائدین هی اسکا احترام ملحوظ خاطر نہیں رکهتے تو وردی والوں سے کیا گلہ؟,"[0.9126453995704651, 0.837813675403595, 0.4637240469455719, 0.6086946725845337, 0.6643585562705994, 0.7849122881889343]"
urd_0051dc4a9db171730cff3085f5492fa2,لالو پرساد کی بدقسمتی ہے کہ انڈیا میں نہ پٹواری پائے جاتے ہیں اور نہ ہی بکاؤ دیسی لبرلز اور لفافہ صحافی! @USER,1,1,1,1,1,1,urd,[LANG=urd] لالو پرساد کی بدقسمتی ہے کہ انڈیا میں نہ پٹواری پائے جاتے ہیں اور نہ ہی بکاؤ دیسی لبرلز اور لفافہ صحافی! @USER,"[1.8531076908111572, 2.072449207305908, 1.7283891439437866, 1.80573308467865, 1.5287606716156006, 1.6439893245697021]"
urd_7731052cf566cc1311187ef28b62b4bb,مصر کے جمال عبدالناصر کا 27 سال بعد پتہ چلا کہ وہ امریکی ایجنٹ ہے۔ اب عمران خان کا 24 سال بعد پتہ چلا کہ یہ بھی امریکی ایجنٹ ہے۔,1,1,1,1,1,1,urd,[LANG=urd] مصر کے جمال عبدالناصر کا 27 سال بعد پتہ چلا کہ وہ امریکی ایجنٹ ہے۔ اب عمران خان کا 24 سال بعد پتہ چلا کہ یہ بھی امریکی ایجنٹ ہے۔,"[-0.14658956229686737, 0.18850462138652802, -0.34195178747177124, -0.022339502349495888, -0.1024012416601181, -0.06734661012887955]"
urd_87fa2fba051c0d408dc1ed2394bda47f,#ہم_پاکستان_کے_مجرم_ہیں آزادی راۓ کے نام پہ بکاؤ میڈیا جو انڈین لوبی سے ملک میں انتشار پھیلاتا ہے اسے کب بند کیا جاۓ گا,1,1,1,1,1,1,urd,[LANG=urd] #ہم_پاکستان_کے_مجرم_ہیں آزادی راۓ کے نام پہ بکاؤ میڈیا جو انڈین لوبی سے ملک میں انتشار پھیلاتا ہے اسے کب بند کیا جاۓ گا,"[1.7483952045440674, 1.7071523666381836, 1.2480089664459229, 1.4767097234725952, 1.341245174407959, 1.3954495191574097]"
urd_3180b418af6f0a5f312e14741b823ca7,اگر ساری دنیا کی مخالفت کے باوجود ایٹم بم بنایا جاسکتا ہے تو چند قوم پرست غداروں کی مخالفت کے باوجود ڈیم کیوں نہیں بنایا جا سکتا ؟؟؟؟ #BuildDamsSavePakistan,1,1,1,1,1,1,urd,[LANG=urd] اگر ساری دنیا کی مخالفت کے باوجود ایٹم بم بنایا جاسکتا ہے تو چند قوم پرست غداروں کی مخالفت کے باوجود ڈیم کیوں نہیں بنایا جا سکتا ؟؟؟؟ #BuildDamsSavePakistan,"[1.8121669292449951, 1.926639199256897, 1.3447550535202026, 1.7718501091003418, 1.4890787601470947, 1.3584165573120117]"
urd_c538f4da87e2d5f0538c182312b21a5e,بہترین متوازن ریاست ایک خواب ☜ اصول نمبر16۔ زردصحافت۔لفافہ صحافت کوفوری طور پہ قابل سزاقراردیاجائے۔,0,0,0,0,0,0,urd,[LANG=urd] بہترین متوازن ریاست ایک خواب ☜ اصول نمبر16۔ زردصحافت۔لفافہ صحافت کوفوری طور پہ قابل سزاقراردیاجائے۔,"[1.5332725048065186, 1.8604658842086792, 1.3292841911315918, 1.8430380821228027, 1.215577483177185, 1.459557056427002]"
urd_caf1f2a2af385ad80d2d5d8db8b4462c,گل بخاری اغوا گل بخاری واپس گھر پہنچ گئی دیسی لبرلز سے گزارش ہے کہ سکرپٹ ہی بدل @USER یہ فلم تو کئی بار چل چکی ہے,1,1,1,1,1,1,urd,[LANG=urd] گل بخاری اغوا گل بخاری واپس گھر پہنچ گئی دیسی لبرلز سے گزارش ہے کہ سکرپٹ ہی بدل @USER یہ فلم تو کئی بار چل چکی ہے,"[0.8738178014755249, 1.5292707681655884, 0.9793282747268677, 1.153144359588623, 1.1050889492034912, 1.1060664653778076]"
urd_d456da1bb63262463637a8cb88907351,مبارک ہو نیا پاکستان @USER عمران خان کا نیا پاکستان اور تبدیلی @USER,0,0,0,0,0,0,urd,[LANG=urd] مبارک ہو نیا پاکستان @USER عمران خان کا نیا پاکستان اور تبدیلی @USER,"[-1.3800119161605835, -0.921129047870636, -1.377962350845337, -1.2862411737442017, -1.5432839393615723, -1.619423270225525]"
urd_b92e0bb05ea2c479246ac52f32642343,آئی جی اسلام آباد نے مظاہرین کو گرفتارکرنے کا حکم دے دیا @URL لعنت ذہنی غلام,1,1,1,1,1,1,urd,[LANG=urd] آئی جی اسلام آباد نے مظاہرین کو گرفتارکرنے کا حکم دے دیا @URL لعنت ذہنی غلام,"[-0.03428560867905617, 0.723811686038971, 0.5768459439277649, 1.0332896709442139, 0.3541918992996216, 0.39535343647003174]"
urd_470b561f5084ff3ae00cbf4ebd91402e,پاکستان اسلام کے نام پر حاصل کیا گیا تھا ۔ پاکستان کو مشکلات سے نکالنے کا واحد حل اسلامی نظام کا نفاذ ہے ۔ #پاکستان_توآبادرہے,0,0,0,0,0,0,urd,[LANG=urd] پاکستان اسلام کے نام پر حاصل کیا گیا تھا ۔ پاکستان کو مشکلات سے نکالنے کا واحد حل اسلامی نظام کا نفاذ ہے ۔ #پاکستان_توآبادرہے,"[1.6546416282653809, 1.4442789554595947, 1.2994052171707153, 1.6321523189544678, 1.2290973663330078, 1.2947417497634888]"
urd_5d3f3d99c9b8023d0f2712764f722694,سلیکٹرز نے سلیکٹیڈ کیلئے کیا کیا گیم کھیلا,1,1,1,1,1,1,urd,[LANG=urd] سلیکٹرز نے سلیکٹیڈ کیلئے کیا کیا گیم کھیلا,"[0.12894631922245026, 0.2035362422466278, -0.35981306433677673, -0.5142081379890442, -0.2851670980453491, -0.059711653739213943]"
urd_9d24fa13b56849b68dba1d12785de30f,جمشید دستی پانی چوری کی بجاے قوم کا پیسہ لوٹتا تو آج پاکستان کا وزیر اعظم ہوتا,1,1,1,1,1,1,urd,[LANG=urd] جمشید دستی پانی چوری کی بجاے قوم کا پیسہ لوٹتا تو آج پاکستان کا وزیر اعظم ہوتا,"[1.5876455307006836, 1.5958625078201294, 1.3978644609451294, 1.3316786289215088, 1.276492714881897, 1.2804464101791382]"
urd_8aea661f68c942eb45ea764c51c7fe45,کوئٹہ:محمودخان اچکزئی پشتونوں کےلیڈرنہیں ہیں،جہانگیر ترین,0,0,0,0,0,0,urd,[LANG=urd] کوئٹہ:محمودخان اچکزئی پشتونوں کےلیڈرنہیں ہیں،جہانگیر ترین,"[-1.0032787322998047, -1.283962607383728, -1.8271169662475586, -1.2782206535339355, -1.2353994846343994, -0.8420366048812866]"
urd_80c2e18640eed5555f7e358d266d2e88,کوئٹہ،بان کی مون دورہ پاکستان میں بلوچ نسل کشی کا نوٹس لیں،بلوچ نیش,0,0,0,0,0,0,urd,[LANG=urd] کوئٹہ،بان کی مون دورہ پاکستان میں بلوچ نسل کشی کا نوٹس لیں،بلوچ نیش,"[-2.521477699279785, -2.1984267234802246, -2.8934319019317627, -2.45526123046875, -2.8058152198791504, -2.6532742977142334]"
urd_229a1c57d62407ac7571dfae6e874830,آسیه ملعونه کی بریت کا فیصله حرامی ساکب ناسور نے اپنے هاتھ سے تحریر کیا یه واجب القتل هے واجب النفرت,1,1,1,1,1,1,urd,[LANG=urd] آسیه ملعونه کی بریت کا فیصله حرامی ساکب ناسور نے اپنے هاتھ سے تحریر کیا یه واجب القتل هے واجب النفرت,"[1.5347256660461426, 1.9187551736831665, 1.6672967672348022, 2.198202610015869, 1.430687427520752, 1.72743821144104]"
urd_0f8c82cbf323c764811a5f8f647948b8,#AskLiberalFascists ڈالروں کی محبت میں ایک اسلامی معاشرے کو ہندو اور مغربی ثقافت کا غلام کیوں بنانا چاہتے ہو ؟؟؟,1,1,1,1,1,1,urd,[LANG=urd] #AskLiberalFascists ڈالروں کی محبت میں ایک اسلامی معاشرے کو ہندو اور مغربی ثقافت کا غلام کیوں بنانا چاہتے ہو ؟؟؟,"[1.8007923364639282, 1.465855598449707, 1.2333072423934937, 1.187620997428894, 1.1951344013214111, 1.1057616472244263]"
urd_90d1312ee16fc0b3f356a6221f14b8a9,جدید تحقیق سے معلوم ہوا افغانی آستین کے سانپ ہیں #طورخم,1,1,1,1,1,1,urd,[LANG=urd] جدید تحقیق سے معلوم ہوا افغانی آستین کے سانپ ہیں #طورخم,"[1.6413756608963013, 2.021063804626465, 1.8367671966552734, 1.7406551837921143, 1.352502703666687, 1.5717750787734985]"
urd_e192c2d9c350513106db1d38a09d3af1,گرفتاری پاکستان میں اور غم افغانستان میں نمک حرام مکمل تباہ دے,1,1,1,1,1,1,urd,[LANG=urd] گرفتاری پاکستان میں اور غم افغانستان میں نمک حرام مکمل تباہ دے,"[-0.3637627065181732, -0.24159829318523407, -0.02140962705016136, 0.8540592193603516, -0.3117758631706238, -0.3717253804206848]"
urd_bd75d1dcccf18fd251322b9ff310930c,ٹیپو سلطان یا میر جعفر بننے کی جنگ جاری ہے۔,1,1,1,1,1,1,urd,[LANG=urd] ٹیپو سلطان یا میر جعفر بننے کی جنگ جاری ہے۔,"[0.9051976203918457, 1.3456543684005737, 0.7905288934707642, 0.7608632445335388, 0.7534189224243164, 0.8307345509529114]"
urd_466e87e557f7249ca79822099abd0191,#DesiLiberals دیسی لبرلز کی نشانی ہے کہ ہمیشہ حق بات کی نفی کرینگے سچے بندے کے خلاف آواز اٹهائیں گے,1,0,0,0,1,0,urd,[LANG=urd] #DesiLiberals دیسی لبرلز کی نشانی ہے کہ ہمیشہ حق بات کی نفی کرینگے سچے بندے کے خلاف آواز اٹهائیں گے,"[1.8887050151824951, 1.397999882698059, 0.9666394591331482, 1.3379228115081787, 1.209006428718567, 1.2354928255081177]"
urd_231e339a51ab6a334a0f82276b4c9b11,آج تو منظم اور صاف بلدیاتی انتخاب ہوا پھر بھی مولانا ڈیزل اور سرحدی گاندھی ہار گئے اب بولو پٹواریوں,1,1,1,1,1,1,urd,[LANG=urd] آج تو منظم اور صاف بلدیاتی انتخاب ہوا پھر بھی مولانا ڈیزل اور سرحدی گاندھی ہار گئے اب بولو پٹواریوں,"[1.786832571029663, 2.2871782779693604, 1.579177975654602, 2.021188974380493, 1.5144299268722534, 1.5447009801864624]"
urd_f5e4a0ba8cdb8435830324de8d02b581,وطن سے محبت کی کہانی !  مہاجروں نے پاکستان بنانے کی تحریک چلائ، سندھیوں نے قرارداد پاس کی، مہاجروں نے 20 لاکھ جانیں قربان کی ، 1/2,0,0,0,0,0,0,urd,[LANG=urd] وطن سے محبت کی کہانی !  مہاجروں نے پاکستان بنانے کی تحریک چلائ، سندھیوں نے قرارداد پاس کی، مہاجروں نے 20 لاکھ جانیں قربان کی ، 1/2,"[0.32538601756095886, -0.24991025030612946, -0.4062708914279938, -0.26027923822402954, -0.36840853095054626, -0.4766905605792999]"
urd_7fb54db7e85a7fe140db1c745e7d9a79,"بوٹ پالشیا لفافہ صحافی ""جاویدچوہدری"" صحافت کا رانگ نمبر #صحافت_کا_رانگ_نمبر",1,1,1,1,1,1,urd,"[LANG=urd] بوٹ پالشیا لفافہ صحافی ""جاویدچوہدری"" صحافت کا رانگ نمبر #صحافت_کا_رانگ_نمبر","[1.6772708892822266, 2.2338595390319824, 1.4144160747528076, 1.6169520616531372, 1.351408839225769, 1.5356303453445435]"
urd_e7b43157b932b1b4ab8e4f4e0217a082,#ShukriaJKT جہانگیرترین کی کوششوں سے جنوبی پنجاب صوبہ محاذ تحریک انصاف میں ضم ہونے کو تیار,0,0,0,0,0,0,urd,[LANG=urd] #ShukriaJKT جہانگیرترین کی کوششوں سے جنوبی پنجاب صوبہ محاذ تحریک انصاف میں ضم ہونے کو تیار,"[0.21024562418460846, 0.4114069938659668, -0.696950376033783, -0.24613747000694275, -0.15936025977134705, -0.15038852393627167]"
urd_28e3dc2930a72df839a410af17124dd4,مظہر بلڈاگ سچ ٹی وی سب سے زیادہ بھونکنے والا ڈوگی ھے بوٹ پالشیا,0,1,1,1,1,0,urd,[LANG=urd] مظہر بلڈاگ سچ ٹی وی سب سے زیادہ بھونکنے والا ڈوگی ھے بوٹ پالشیا,"[1.4470871686935425, 2.2524991035461426, 1.6091941595077515, 1.8726564645767212, 1.373110055923462, 1.4085965156555176]"
urd_6f629109fe924b5d370bf2f74e5679dd,نواز شریف میں گاڈ فادر نظر آ گیا تھا اپنی عدالتوں میں بیٹھے وہ نظر نہیں آتے جو گاڈ فادر کی آفرز ریجیکٹ نہیں کرتے,1,1,1,1,1,1,urd,[LANG=urd] نواز شریف میں گاڈ فادر نظر آ گیا تھا اپنی عدالتوں میں بیٹھے وہ نظر نہیں آتے جو گاڈ فادر کی آفرز ریجیکٹ نہیں کرتے,"[1.385737657546997, 1.4565359354019165, 1.2441681623458862, 1.0150747299194336, 1.2338541746139526, 1.0774201154708862]"
urd_36e334f33ee70b6c8007003c98b7b136,کنڑ،کٹھ پتلی فوجوں پرحملے،دو ہلاک،5 زخمی @USER,1,0,1,0,0,1,urd,[LANG=urd] کنڑ،کٹھ پتلی فوجوں پرحملے،دو ہلاک،5 زخمی @USER,"[-0.5938975811004639, -0.3639666736125946, -1.4269294738769531, -0.9338319897651672, -1.63894522190094, -2.428433656692505]"
urd_3155bd2566d28c087571a5003013c7c6,پاکستان میں ہمیشہ اقلیت (اسٹیبلیشمینٹ) نے اکثریت (عوامی مینڈیٹ) پر حکومت کرنے کےلیے اوچھے ہتھکنڈے استعمال کیے ہیں اس کی روک تھام کےلیے 👇 #پارلیمنٹ_کب_جاگے_گی ؟,1,1,1,1,1,1,urd,[LANG=urd] پاکستان میں ہمیشہ اقلیت (اسٹیبلیشمینٹ) نے اکثریت (عوامی مینڈیٹ) پر حکومت کرنے کےلیے اوچھے ہتھکنڈے استعمال کیے ہیں اس کی روک تھام کےلیے 👇 #پارلیمنٹ_کب_جاگے_گی ؟,"[0.5208775997161865, 0.2638167440891266, 0.2702274024486542, 0.418788880109787, 0.09540921449661255, -0.005775696597993374]"
urd_d104d0dbe482f202a2d693c8adbe8a28,اگر ہندو مذہب کی توہین پر فیاض الحسن چوہان سے استعفی لیا جا سکتا ہے تو توہین صحابہ پر شہلا رضا سے بھی استعفی لیا جاۓ #RemoveShehlaRaza,1,1,1,1,1,1,urd,[LANG=urd] اگر ہندو مذہب کی توہین پر فیاض الحسن چوہان سے استعفی لیا جا سکتا ہے تو توہین صحابہ پر شہلا رضا سے بھی استعفی لیا جاۓ #RemoveShehlaRaza,"[1.4633468389511108, 1.8239179849624634, 1.47663152217865, 1.5811681747436523, 1.4356162548065186, 1.510161280632019]"
urd_25ec9019b4c15852914dea435c50cb97,نواز شریف کا منی ٹریل دنیا کو دکھایا جایے ، میرا منی ٹریل صرف اپ دیکھو چوری چوری .  عمران خان نے سپریم کورٹ میں درخواست جمع کرا دی,0,1,0,1,0,1,urd,[LANG=urd] نواز شریف کا منی ٹریل دنیا کو دکھایا جایے ، میرا منی ٹریل صرف اپ دیکھو چوری چوری .  عمران خان نے سپریم کورٹ میں درخواست جمع کرا دی,"[1.7163238525390625, 1.8741018772125244, 1.3214360475540161, 1.7336746454238892, 1.464460849761963, 1.4751334190368652]"
urd_7c027c8bae4e5d9d3ff4e8553394fe00,#چھوٹا_چور_مچائے_شور ڈرگ اسمگلر اور لفافہ صحافت کا گھٹ جوڑ، ایسے ہی نہیں بھونکتا سلیم لفافی جیو پر بیٹھ کر۔۔۔ :D :D @USER,1,1,1,1,1,1,urd,[LANG=urd] #چھوٹا_چور_مچائے_شور ڈرگ اسمگلر اور لفافہ صحافت کا گھٹ جوڑ، ایسے ہی نہیں بھونکتا سلیم لفافی جیو پر بیٹھ کر۔۔۔ :D :D @USER,"[1.6239898204803467, 2.0963261127471924, 1.4808744192123413, 1.797489047050476, 1.3967454433441162, 1.5380676984786987]"
urd_ef7457d0f916e81f97841819884623fe,اٹھارویں ترمیم کے بعد سارے چودھری مر بھی جائیں تو اب میراثی چودھری نہیں بن سکتا. بوٹ پالش کرنے والوں کو باسی #عیدمبارک,1,1,1,1,1,1,urd,[LANG=urd] اٹھارویں ترمیم کے بعد سارے چودھری مر بھی جائیں تو اب میراثی چودھری نہیں بن سکتا. بوٹ پالش کرنے والوں کو باسی #عیدمبارک,"[1.1597797870635986, 0.8862548470497131, 0.7267910242080688, 0.812472403049469, 0.6762057542800903, 0.5281059741973877]"
urd_335b214c1afa2c7933a7c2058e21d243,"#دھرنا_ہٹاو_امن_لاو لاہور میں دھماکا اسلام آباد میں فسادی بلوچستان میں ""را ایجنٹ"" کہاں ہے حکومت؟کہاں ہے ویگ والی سرکار؟ کہاں خواجے؟",1,1,1,1,1,1,urd,"[LANG=urd] #دھرنا_ہٹاو_امن_لاو لاہور میں دھماکا اسلام آباد میں فسادی بلوچستان میں ""را ایجنٹ"" کہاں ہے حکومت؟کہاں ہے ویگ والی سرکار؟ کہاں خواجے؟","[1.6045546531677246, 2.1687469482421875, 1.310556173324585, 1.6700870990753174, 1.4741982221603394, 1.4449243545532227]"
urd_d697c7d8bef52f8d0fed320edca1bc0c,نوازشریف تو مودی کا یار ہےاس لئے کلبھوشن کا نام نہیں لیتا تھا۔جی ہاں،محب وطن توجنرل اسد درانی ہے جس نے کلبھوشن کا ک… @USER,1,1,1,1,1,1,urd,[LANG=urd] نوازشریف تو مودی کا یار ہےاس لئے کلبھوشن کا نام نہیں لیتا تھا۔جی ہاں،محب وطن توجنرل اسد درانی ہے جس نے کلبھوشن کا ک… @USER,"[0.28817376494407654, 0.430451899766922, 0.5746445655822754, 0.2887468934059143, 0.18275946378707886, 0.292898565530777]"
urd_766a431c299f9e498d2c10ee009ad236,بدنام تو آپ ہورہے ہو اسرائیل سے پیسہ لیکر نمک حرام افغانی 😂 #KalaBaZay,1,1,1,1,1,1,urd,[LANG=urd] بدنام تو آپ ہورہے ہو اسرائیل سے پیسہ لیکر نمک حرام افغانی 😂 #KalaBaZay,"[1.6399160623550415, 1.88839852809906, 1.4305895566940308, 1.787359356880188, 1.332442045211792, 1.5971076488494873]"
urd_607c0ad92b47fbd63b655c4e42279973,"#نیا پاکستان میں؟ ""نیا پاکستان"" پروگرام بند کیا جا رہا @USER @USER",0,0,0,0,0,0,urd,"[LANG=urd] #نیا پاکستان میں؟ ""نیا پاکستان"" پروگرام بند کیا جا رہا @USER @USER","[-2.4179282188415527, -2.1277852058410645, -3.034959554672241, -2.3610830307006836, -2.4354355335235596, -2.0990841388702393]"
urd_97027159c745a569c1bfb030b1ef7dbd,نمک حرام کو انگلش میں کیا کہتے ہیں😕 آج پتہ چلے گا تمہاری انگلش کا😅,0,0,0,0,0,0,urd,[LANG=urd] نمک حرام کو انگلش میں کیا کہتے ہیں😕 آج پتہ چلے گا تمہاری انگلش کا😅,"[1.1201950311660767, 1.3159466981887817, 1.2999285459518433, 1.0571744441986084, 0.9752998948097229, 1.1565238237380981]"
urd_07bb41a24b0ea22ca694156d4c6cb116,#qudsday4return برسلز: فلسطینیوں پر صیہونی افواج کے مظالم کے خلاف یورپی یونین کی عمارت کے ہابر ہزاروں افراد نے جوتے رکھ کر احتجاج کیا۔,0,0,0,0,0,0,urd,[LANG=urd] #qudsday4return برسلز: فلسطینیوں پر صیہونی افواج کے مظالم کے خلاف یورپی یونین کی عمارت کے ہابر ہزاروں افراد نے جوتے رکھ کر احتجاج کیا۔,"[-2.317133665084839, -2.005178451538086, -2.913499593734741, -2.2335658073425293, -2.1961259841918945, -2.495316982269287]"
urd_166a6a783e509d949f8803510aa291d5,جب کہ ان سے ان کے ہم قوم لوط نے فرمایا کیا تم ڈرتے نہیں,0,0,0,0,0,0,urd,[LANG=urd] جب کہ ان سے ان کے ہم قوم لوط نے فرمایا کیا تم ڈرتے نہیں,"[-0.9337084293365479, -0.8586260676383972, -1.3496431112289429, -1.413607120513916, -1.1110618114471436, -1.1467978954315186]"
urd_1f8a6f3c44d48546baaafdfef9ba14e8,#میڈیاکااحتساب_کرو ظالم اور کرپٹ عناصر کی پشت پناہی اور ان کو سپورٹ کرنے والا بیغیرت بے حس بکاؤ میڈیا @USER @USER,1,1,1,1,1,1,urd,[LANG=urd] #میڈیاکااحتساب_کرو ظالم اور کرپٹ عناصر کی پشت پناہی اور ان کو سپورٹ کرنے والا بیغیرت بے حس بکاؤ میڈیا @USER @USER,"[1.7986233234405518, 2.070256233215332, 1.280577301979065, 1.9319238662719727, 1.5340142250061035, 1.5074028968811035]"
urd_d72f7d8f43ac5575ff97372afaed2186,@USER: کرپٹ حکمران ان لوگوں کو ٹھیکے دیتے ہیں جو خود کرپٹ ہیں، یوں ملی بھگت سے عوام کا سرمایہ لوٹتے ہیں۔ #JoinPAT4Revolution #DrQadri,1,0,1,1,1,1,urd,[LANG=urd] @USER: کرپٹ حکمران ان لوگوں کو ٹھیکے دیتے ہیں جو خود کرپٹ ہیں، یوں ملی بھگت سے عوام کا سرمایہ لوٹتے ہیں۔ #JoinPAT4Revolution #DrQadri,"[1.1924307346343994, 1.0890799760818481, 0.6167776584625244, 0.6366803646087646, 0.5649120807647705, 0.6082083582878113]"
urd_b2e1fac0fb43d86a07af8f167fa16c67,بے پردہ عورت اسلامی معاشرہ کی خرابی کا باعث بنتی ہے #پردہ_حکم_خداوندی,1,1,1,1,1,1,urd,[LANG=urd] بے پردہ عورت اسلامی معاشرہ کی خرابی کا باعث بنتی ہے #پردہ_حکم_خداوندی,"[1.860377311706543, 2.0491716861724854, 1.6927005052566528, 2.008301258087158, 1.6173408031463623, 1.6812270879745483]"
urd_b2da7177a942bbb9be52f50865e30887,نواز شریف کا بیانیہ مکمّل دفن ہوا ہیں عوام حقیقی آزادی کیلئے نکلے ہیں,0,0,0,0,0,0,urd,[LANG=urd] نواز شریف کا بیانیہ مکمّل دفن ہوا ہیں عوام حقیقی آزادی کیلئے نکلے ہیں,"[0.5610414147377014, 0.1091698706150055, 0.2911609709262848, 0.37584105134010315, 0.20756679773330688, 0.27602019906044006]"
urd_6250ace2b53a70e376995daae4f25ecb,@USER  عورت مارچ میں حصہ لینے والوں کی تمام عورتیں آزاد ہیں کیا؟؟؟؟؟,1,1,1,1,1,1,urd,[LANG=urd] @USER  عورت مارچ میں حصہ لینے والوں کی تمام عورتیں آزاد ہیں کیا؟؟؟؟؟,"[1.5739396810531616, 0.24886924028396606, 0.034565337002277374, 0.5117488503456116, 0.24596430361270905, 0.4970596730709076]"
urd_f4fae060e8644c37c52cb6e19e7a3894,عمران خان کےمقابلےمیں اب خواجہ سرا الیکشن لڑیں گے تفصیل @USER @USER,1,1,1,1,1,1,urd,[LANG=urd] عمران خان کےمقابلےمیں اب خواجہ سرا الیکشن لڑیں گے تفصیل @USER @USER,"[-2.235870361328125, -2.452700138092041, -3.161519765853882, -2.734388589859009, -2.7283244132995605, -2.7245776653289795]"
urd_6f3c928cbb9ac104a8cd478b43125a9f,سنا ہے نیوٹرلز اب نیوٹرل نہیں رہے ۔,0,0,0,0,0,0,urd,[LANG=urd] سنا ہے نیوٹرلز اب نیوٹرل نہیں رہے ۔,"[1.4579482078552246, 0.9542555809020996, 0.9936589598655701, 1.319225549697876, 0.5616913437843323, 0.7762866616249084]"
urd_422b132a6648818568d5f2552771c8b9,بابائے قوم قائد اعظم محمد علی جناح نے اسی برس قبل دو قومی نظریہ پیش کر کے ہی بتلا دیا تھا کہ آپ اس قوم پر بھروسہ نہیں کر سکتے #ENGvIND,0,0,0,0,0,0,urd,[LANG=urd] بابائے قوم قائد اعظم محمد علی جناح نے اسی برس قبل دو قومی نظریہ پیش کر کے ہی بتلا دیا تھا کہ آپ اس قوم پر بھروسہ نہیں کر سکتے #ENGvIND,"[-1.3229589462280273, -1.1095706224441528, -1.8257207870483398, -1.0721275806427002, -1.6758134365081787, -1.6472210884094238]"
urd_8c4b2120f535f6a008c9ed10c96eafd2,"آج""یوم الفتح"" قادیانیت پہ لعنتیں برسانےکا دن ہے کون کون غلیظ ترین طبقےپہ لعنت کرےگااورکہاں سے۔میں بلوچستان سے💪 #قادیانیت_کی_شکست_کادن",1,1,1,1,1,1,urd,"[LANG=urd] آج""یوم الفتح"" قادیانیت پہ لعنتیں برسانےکا دن ہے کون کون غلیظ ترین طبقےپہ لعنت کرےگااورکہاں سے۔میں بلوچستان سے💪 #قادیانیت_کی_شکست_کادن","[1.5569307804107666, 1.2457562685012817, 0.8657705783843994, 1.4367973804473877, 0.9831947088241577, 0.7170537114143372]"
urd_b9f1eca51d911d863792d203f5367c3f,جی @USER شاء اللہ  گستاخ نبی صلی اللہ علیہ وسلم کا چلتا پھرے کیوں عاشق دل میں جلتا رہے۔۔۔ گستاخ کو آگ لگا کر ہی سینے کی آگ بجھائیں گے #SayNo2GeertWilders #Swt_Haq,1,1,1,1,1,1,urd,[LANG=urd] جی @USER شاء اللہ  گستاخ نبی صلی اللہ علیہ وسلم کا چلتا پھرے کیوں عاشق دل میں جلتا رہے۔۔۔ گستاخ کو آگ لگا کر ہی سینے کی آگ بجھائیں گے #SayNo2GeertWilders #Swt_Haq,"[0.7368576526641846, 1.3409290313720703, 0.9282575845718384, 1.7897961139678955, 0.740358829498291, 0.7217722535133362]"
urd_5fadc3eb63efa6ab233e8deda16bdc18,میرا جسم میری مرضی نہیں بلکہ اللہ کا دیا ہوا جسم اور اللہ ہی کی مرضی,1,1,1,1,1,1,urd,[LANG=urd] میرا جسم میری مرضی نہیں بلکہ اللہ کا دیا ہوا جسم اور اللہ ہی کی مرضی,"[1.8263270854949951, 1.778067708015442, 1.6972428560256958, 1.7026077508926392, 1.4507619142532349, 1.6134122610092163]"
urd_60f7f80f34566dc02ccf0eccefcea374,فرقہ وارانہ فسادات کےماہر لیگی عمران خان کو مشورہ دےرہےکہ سکھوں پر توجہ دیں کے پی کے میں  جناب والا سکھوں کیلیے کام شروع ہوچکا کے پی کے میں,1,1,1,1,1,1,urd,[LANG=urd] فرقہ وارانہ فسادات کےماہر لیگی عمران خان کو مشورہ دےرہےکہ سکھوں پر توجہ دیں کے پی کے میں  جناب والا سکھوں کیلیے کام شروع ہوچکا کے پی کے میں,"[0.727547287940979, 0.6178560853004456, 0.06739218533039093, 0.19674834609031677, 0.32272815704345703, -0.02239098586142063]"
urd_25715c0e0782914c2a12d81878e77889,تیرہ سیٹوں پہ مولانا فضل الرحمن صاحب سے اسلام مانگنے والے اب برسراقتدار آکر اسلامی نظام نافذ کیوں نہیں کرتے؟ منقول #سرگودھا_شاھینوں_کا,1,1,1,1,1,1,urd,[LANG=urd] تیرہ سیٹوں پہ مولانا فضل الرحمن صاحب سے اسلام مانگنے والے اب برسراقتدار آکر اسلامی نظام نافذ کیوں نہیں کرتے؟ منقول #سرگودھا_شاھینوں_کا,"[1.6456563472747803, 1.7513543367385864, 1.2675838470458984, 1.3514366149902344, 1.357992172241211, 1.2127240896224976]"
urd_67c4cd63d48e3de99785b5cefd9e32b0,پاکستان کی سلامتی اورترقی مضبوط جمہوری نظام سےہی ممکن ہے،نوازشریف,0,0,0,0,0,0,urd,[LANG=urd] پاکستان کی سلامتی اورترقی مضبوط جمہوری نظام سےہی ممکن ہے،نوازشریف,"[-1.4825732707977295, -2.7557101249694824, -2.798640251159668, -2.291520118713379, -2.717449188232422, -1.9859744310379028]"
urd_c509c5de12c362d73dff372eb2b61a04,"خان کے طرف سے ""چ"" بنائے جانے کے باجود اصلی ذہنی غلام ٹے پوشی میں مصرف عمل ہا ہا ہا #بنی_گالہ_کاڈاکوپکڑاگیا #بانی_آفشوز83",1,1,1,1,1,1,urd,"[LANG=urd] خان کے طرف سے ""چ"" بنائے جانے کے باجود اصلی ذہنی غلام ٹے پوشی میں مصرف عمل ہا ہا ہا #بنی_گالہ_کاڈاکوپکڑاگیا #بانی_آفشوز83","[1.7800296545028687, 2.1474075317382812, 1.4145352840423584, 1.6615889072418213, 1.460068702697754, 1.4469243288040161]"
urd_3d4ffad264e1fc0d4f90b42c202ce39c,امام احمد اور امام مالک کے نزدیک شاتم رسول صلی اللہ علیہ وسلم کی توبہ اسے قتل کی سزا سے نہیں بچا سکت #TeamRMW  #TᵉᵃᵐʳʳF #GhaziKillBlasphemer,1,1,1,1,1,1,urd,[LANG=urd] امام احمد اور امام مالک کے نزدیک شاتم رسول صلی اللہ علیہ وسلم کی توبہ اسے قتل کی سزا سے نہیں بچا سکت #TeamRMW  #TᵉᵃᵐʳʳF #GhaziKillBlasphemer,"[0.560870885848999, 0.9137486815452576, 0.8939864635467529, 0.8036006689071655, 0.6730274558067322, 0.5705304145812988]"
urd_91df24bb4201cb3fee7b689b94f1f59e,(پھلیں خاران نیوز)ISI المحروف معلوم افراد نے سندھی پشتون فسادات کی تیاری شروع کردی لاڑکانہ میں تین پشتون مزدور شہید(DrJb),0,0,0,0,0,0,urd,[LANG=urd] (پھلیں خاران نیوز)ISI المحروف معلوم افراد نے سندھی پشتون فسادات کی تیاری شروع کردی لاڑکانہ میں تین پشتون مزدور شہید(DrJb),"[0.07329091429710388, 0.35175660252571106, -0.38273927569389343, -0.07911784201860428, -0.5595435500144958, -0.9272993803024292]"
urd_bf68701a85271b99343269f1830569fb,پاکستان میں خونی لبرل / وطن فروش ریٹائرڈ جنرلز کی اولادیں کیوں ھیں؟,0,1,1,0,1,0,urd,[LANG=urd] پاکستان میں خونی لبرل / وطن فروش ریٹائرڈ جنرلز کی اولادیں کیوں ھیں؟,"[2.0029149055480957, 1.8620818853378296, 1.2126412391662598, 1.6622703075408936, 1.1808030605316162, 1.070813536643982]"
urd_54083f846b089e715e5e0c9ef434e987,جج سیسیلین مافیہ اور گاڈ فادر جیسے الفاظ سے مکر گیۓ۔ یہ کسی دن پانامہ فیصلے سے بھی مکر جایئں گے۔,1,1,1,1,1,1,urd,[LANG=urd] جج سیسیلین مافیہ اور گاڈ فادر جیسے الفاظ سے مکر گیۓ۔ یہ کسی دن پانامہ فیصلے سے بھی مکر جایئں گے۔,"[1.5536998510360718, 1.845283031463623, 1.2740330696105957, 1.4598188400268555, 1.3952441215515137, 1.5443679094314575]"
urd_e8d78c722e997483ae95895730d9d155,گجرات فسادات کیس ،امریکی عدالت نے مودی کو طلب کر لیا @USER @USER,0,0,0,0,0,0,urd,[LANG=urd] گجرات فسادات کیس ،امریکی عدالت نے مودی کو طلب کر لیا @USER @USER,"[-3.0383665561676025, -2.7195568084716797, -3.134953498840332, -2.9823107719421387, -3.077061176300049, -2.8093879222869873]"
urd_17ef2450fb9f18ef281d50fe2256ffc0,ہارس ٹریڈنگ کے الزام میں بیس منتخب لوگوں کو پارٹی سے نکلانے والے آج آزاد ارکان کیلئے ہارس ٹریڈنگ کررہے ہیں,0,1,0,0,1,0,urd,[LANG=urd] ہارس ٹریڈنگ کے الزام میں بیس منتخب لوگوں کو پارٹی سے نکلانے والے آج آزاد ارکان کیلئے ہارس ٹریڈنگ کررہے ہیں,"[1.1259511709213257, 1.1310142278671265, 0.7740901112556458, 0.7563865780830383, 0.8165255784988403, 0.7069774270057678]"
urd_2c97c770cc7c021dbf2b69e3a2cb91c7,ڈاکٹر شکیل کےخلاف کراچی کے ایک مدرسے نےتوہین رسالت كا فتویٰ ديا،انھیں واجب القتل قرار دیا گیا @URL @URL,1,1,1,1,1,1,urd,[LANG=urd] ڈاکٹر شکیل کےخلاف کراچی کے ایک مدرسے نےتوہین رسالت كا فتویٰ ديا،انھیں واجب القتل قرار دیا گیا @URL @URL,"[-1.4788495302200317, -1.129346489906311, -1.347854495048523, -1.0123671293258667, -1.2202956676483154, -1.4040130376815796]"
urd_431ad8f2cd63f2f7ef505aad541ef850,"پاکستان کے اکثر پڑھے لکھے لوگ اب بھی ""امیر خسرو"" کو کوئی ""مالدار خواجہ سرا"" ہی سمجھتے ہیں",1,1,1,1,1,1,urd,"[LANG=urd] پاکستان کے اکثر پڑھے لکھے لوگ اب بھی ""امیر خسرو"" کو کوئی ""مالدار خواجہ سرا"" ہی سمجھتے ہیں","[0.379565566778183, 0.023874210193753242, -0.20886796712875366, -0.30414342880249023, -0.10975498706102371, 0.20528538525104523]"
urd_cd22a36a296e693f25d99d15a5bc31e6,@USER  کچھ لبرل، دیسی لبرل اور لبرل فاشسٹوں نے بھی خوب تضحیک اڑائی تھی جنید جمشید کی آڑ میں جس میں محسن بھی شامل تھا @USER,1,1,1,1,1,1,urd,[LANG=urd] @USER  کچھ لبرل، دیسی لبرل اور لبرل فاشسٹوں نے بھی خوب تضحیک اڑائی تھی جنید جمشید کی آڑ میں جس میں محسن بھی شامل تھا @USER,"[1.3205593824386597, 1.2602243423461914, 0.6367900371551514, 1.024072289466858, 0.7135785222053528, 0.3633327782154083]"
urd_6d4fe54ce8494477fa0df6708f77fd06,عمران خان نے حضرت عیسٰی علیہ السلام کے بارے میں جو کہا ہے وہ توہین رسالت نہیں کیا؟,1,1,1,1,1,1,urd,[LANG=urd] عمران خان نے حضرت عیسٰی علیہ السلام کے بارے میں جو کہا ہے وہ توہین رسالت نہیں کیا؟,"[-0.5046597719192505, -0.3336692154407501, -0.7022656798362732, -0.7603803873062134, -0.525260329246521, -0.4484179615974426]"
urd_25b6e67ba1f03d4d3e12e3f8fec0b5f7,مسلم لیگ ن اور پی پی پی نے اتفاق رائے سے ٹرانس جینڈر بل پاس کرا لیا,0,0,0,0,0,0,urd,[LANG=urd] مسلم لیگ ن اور پی پی پی نے اتفاق رائے سے ٹرانس جینڈر بل پاس کرا لیا,"[-2.450242042541504, -2.4397082328796387, -2.8589799404144287, -2.2739014625549316, -2.6124696731567383, -2.344682455062866]"
urd_056f6487a29db04780c4dbaea07073c0,عورت modern ہونے کے چکر میں بے حیا ہوتے جا رہے ہیں کوئی کہنے والا نہیں ہے,1,1,1,1,1,1,urd,[LANG=urd] عورت modern ہونے کے چکر میں بے حیا ہوتے جا رہے ہیں کوئی کہنے والا نہیں ہے,"[1.995412826538086, 2.0306801795959473, 1.4891842603683472, 1.7530028820037842, 1.698164463043213, 1.583248257637024]"
urd_73445a3ed2e421866fde4923b7295057,مجھے پاکسستانی عدالتوں سے اسی فیصلے کی توقع تھی ۔ 😡😡 گستاح رسول صلی اللہ علیہ وسلم کی سزا سر تن سے جدا سر تن سے جدا ۔ #AasiaBibi,1,1,1,1,1,1,urd,[LANG=urd] مجھے پاکسستانی عدالتوں سے اسی فیصلے کی توقع تھی ۔ 😡😡 گستاح رسول صلی اللہ علیہ وسلم کی سزا سر تن سے جدا سر تن سے جدا ۔ #AasiaBibi,"[1.5823454856872559, 2.1556203365325928, 1.504069209098816, 2.1130995750427246, 1.4927425384521484, 1.60370671749115]"
urd_95dcb1ac9667859f41eef1c041f87351,#Thanks4PeacePakForces پاکستان میں امن کے پیچھے وردی والوں کی خون کی قربانی ہے۔ Love you soldiers❤❤❤,0,0,0,0,0,0,urd,[LANG=urd] #Thanks4PeacePakForces پاکستان میں امن کے پیچھے وردی والوں کی خون کی قربانی ہے۔ Love you soldiers❤❤❤,"[-1.6267917156219482, -2.220493793487549, -2.6912598609924316, -1.8017085790634155, -2.0898895263671875, -1.8162797689437866]"
urd_7b710094655a1fb5fd0f09f0032fd476,ھم سے صحابہؓ کرام کی بے حرمتی برداشت نہیں ھوسکتی  #ہفتہ_مدح_صحابہ,0,0,0,0,0,0,urd,[LANG=urd] ھم سے صحابہؓ کرام کی بے حرمتی برداشت نہیں ھوسکتی  #ہفتہ_مدح_صحابہ,"[-2.617141008377075, -2.6978042125701904, -2.7921714782714844, -2.215718984603882, -2.780555486679077, -2.422459840774536]"
urd_1b0d994e79c5756ee37900e06b266361,حکومت این آر او مانگ رہی ہے اور اپوزیشن کسی صورت این آر او دینے کو تیار نہیں,0,0,0,0,0,0,urd,[LANG=urd] حکومت این آر او مانگ رہی ہے اور اپوزیشن کسی صورت این آر او دینے کو تیار نہیں,"[-0.9347431659698486, -0.9276418685913086, -1.5986729860305786, -0.9594055414199829, -1.2862842082977295, -1.075513243675232]"
urd_150f127eaad802b1ad00d5a54f9c3e08,جناب الطاف حسین نےہمیشہ مظلوم بلوچوں کو اپنا بھائی سمجھا ہے .یوسف شاہوانی/ماما قدیربلوچ . #MQM @USER,0,0,0,0,0,0,urd,[LANG=urd] جناب الطاف حسین نےہمیشہ مظلوم بلوچوں کو اپنا بھائی سمجھا ہے .یوسف شاہوانی/ماما قدیربلوچ . #MQM @USER,"[-2.5604095458984375, -2.7356808185577393, -3.0918009281158447, -2.869828701019287, -3.1262993812561035, -2.903944253921509]"
urd_b30f7b8ae7e58bd2475560914ea3a4d8,عمرانڈوز 80 فیصد کرپٹ ہین نہی عمرانڈوز 76 فیصد کرپٹ ہین سابق وزیر خزانہ #روشن_راہیں_نیا_سویرا,1,1,1,1,0,1,urd,[LANG=urd] عمرانڈوز 80 فیصد کرپٹ ہین نہی عمرانڈوز 76 فیصد کرپٹ ہین سابق وزیر خزانہ #روشن_راہیں_نیا_سویرا,"[1.5209908485412598, 1.3995553255081177, 0.9349434971809387, 1.0816853046417236, 0.5201107263565063, 0.5355878472328186]"
urd_c3a83409c7b288147f2445b5cc39d101,پشتون بہن بھائیوں کو پشتون کلچر ڈے مبارک ہو۔,0,0,0,0,0,0,urd,[LANG=urd] پشتون بہن بھائیوں کو پشتون کلچر ڈے مبارک ہو۔,"[-1.9312646389007568, -2.9464564323425293, -3.1403634548187256, -2.693725824356079, -2.9345390796661377, -2.8663384914398193]"
urd_38555e77f0470d49c9eb52832f97eddb,جہاں برائی بے حیائی وہاں صرف پی ٹی آئی 👆👆👆👆 @USER,1,1,1,1,1,1,urd,[LANG=urd] جہاں برائی بے حیائی وہاں صرف پی ٹی آئی 👆👆👆👆 @USER,"[1.6662976741790771, 2.2641618251800537, 1.2808865308761597, 2.2509443759918213, 1.315107822418213, 1.1307443380355835]"
urd_a9fd44e904ef112c09ee28ad606b49d4,"نہتےکشمیریوں کے خلاف بھارتی ریاستی دہشت گردی,قابض فوج کی بربریت انتہائی قابل مذمت ہے۔پاکستان مظلوم کشمیریوں کا وکیل  تھا،ہے اور رہے گا۔",1,1,0,1,1,0,urd,"[LANG=urd] نہتےکشمیریوں کے خلاف بھارتی ریاستی دہشت گردی,قابض فوج کی بربریت انتہائی قابل مذمت ہے۔پاکستان مظلوم کشمیریوں کا وکیل  تھا،ہے اور رہے گا۔","[1.7375357151031494, 1.5966395139694214, 1.0630441904067993, 1.831416130065918, 1.2033107280731201, 1.370088815689087]"
urd_3e915d53eb4180606bb20dfd2c234ca3,جب آئے گا عمران بمے گا نیا پاکستان,0,0,0,0,0,0,urd,[LANG=urd] جب آئے گا عمران بمے گا نیا پاکستان,"[1.7096929550170898, 2.026599168777466, 1.4644700288772583, 1.857649564743042, 1.4251463413238525, 1.3950384855270386]"
urd_3f79c57356235161af146d01026ff6ad,مراد سعید کے گھر بندروں کا حملہ بیرونی سازش لگتی ہے  پولیس کو نہ بلاتا تو بندروں نے مراد سعید کے ساتھ ع غ کردینا تھا 😍😂😂😂😂😂😂😂😍 #LionHeartedNawazSharif,1,1,1,1,1,1,urd,[LANG=urd] مراد سعید کے گھر بندروں کا حملہ بیرونی سازش لگتی ہے  پولیس کو نہ بلاتا تو بندروں نے مراد سعید کے ساتھ ع غ کردینا تھا 😍😂😂😂😂😂😂😂😍 #LionHeartedNawazSharif,"[1.6869637966156006, 2.11376953125, 1.61654794216156, 1.8376176357269287, 1.4946370124816895, 1.5734670162200928]"
urd_7de053d67dfeb7a62f57e6a5ceabc6b6,قوم پرست ماؤں بہنوں کوکاروکاری کرکےماردیتے ہیں اندرون سندھ میں مظالم کی روزنانہ دردناک داستانیں رقم ہوتی ہیں. ہیر سوہو  #AltafVoiceOfMasses,1,1,1,1,1,1,urd,[LANG=urd] قوم پرست ماؤں بہنوں کوکاروکاری کرکےماردیتے ہیں اندرون سندھ میں مظالم کی روزنانہ دردناک داستانیں رقم ہوتی ہیں. ہیر سوہو  #AltafVoiceOfMasses,"[-0.9761096239089966, -1.2730814218521118, -1.7846970558166504, -1.3198902606964111, -1.537682294845581, -1.7330483198165894]"
urd_a04cbf56c1bd014502114e588f26f67c,صدیق اکبر رضی اللہ عنہ کا منکر کافر ہے۔ #مسلمان_مسلمان_بھائ_بھائ,1,1,1,1,1,1,urd,[LANG=urd] صدیق اکبر رضی اللہ عنہ کا منکر کافر ہے۔ #مسلمان_مسلمان_بھائ_بھائ,"[1.7574634552001953, 1.9444612264633179, 1.6181840896606445, 2.1930923461914062, 1.5045201778411865, 1.7669349908828735]"
urd_a063eab46473bc6a413534ff64210b9a,لانگ مارچ میں شرکت کی التماس تحفظ عزا لانگ مارچ 14 فروری سکھر تا وزیر اعلیٰ ہاؤس کراچی #TahafuzeAzaLongMarch,0,0,0,0,0,0,urd,[LANG=urd] لانگ مارچ میں شرکت کی التماس تحفظ عزا لانگ مارچ 14 فروری سکھر تا وزیر اعلیٰ ہاؤس کراچی #TahafuzeAzaLongMarch,"[-2.327775239944458, -1.7725521326065063, -2.764671802520752, -1.1819798946380615, -2.2878878116607666, -2.3336081504821777]"
urd_e06504db039e2a254d82ffd2eba15089,اب کے بار فتنہ خان کو چھوٹ نہیں دی جائے گی #انقلاب_کی_ٹانگیں_کانپ_رہی_ہیں,1,1,1,1,1,1,urd,[LANG=urd] اب کے بار فتنہ خان کو چھوٹ نہیں دی جائے گی #انقلاب_کی_ٹانگیں_کانپ_رہی_ہیں,"[1.8392521142959595, 2.146224021911621, 1.5712618827819824, 1.8750611543655396, 1.4683489799499512, 1.5002636909484863]"
urd_a0d9bf4a49ea6654a350355698f33ce5,بھارتی شدت پسند تنظیمیں مسلمانوں کی نسل کشی کررہی ہیں،وزیراعظم #Newsonepk #PMImranKhan,0,0,0,0,0,0,urd,[LANG=urd] بھارتی شدت پسند تنظیمیں مسلمانوں کی نسل کشی کررہی ہیں،وزیراعظم #Newsonepk #PMImranKhan,"[1.5497658252716064, 1.4877997636795044, 0.7162718176841736, 1.221354603767395, 0.4972006678581238, 0.5574738383293152]"
urd_25075351c7b4d76d3273c7eb1a95fda6,ہیٹ اسٹروک سے شہید ہونے والے کارکنان متحدہ قومی موومنٹ کے ہیں وفاقی حکومت مہاجروں کی نسل کشی بند کرے :الطاف حسین,1,1,0,1,0,1,urd,[LANG=urd] ہیٹ اسٹروک سے شہید ہونے والے کارکنان متحدہ قومی موومنٹ کے ہیں وفاقی حکومت مہاجروں کی نسل کشی بند کرے :الطاف حسین,"[-1.8695756196975708, -1.6078909635543823, -2.2438981533050537, -1.641770839691162, -1.7902350425720215, -1.997058629989624]"
urd_d4d7fd2cccd9b6c95967a60e4cd59960,عدم برداشت کے رویئے نے پاکستانی معاشرے کو بہت زیادہ نقصان پہنچایا ہے,0,0,0,0,0,0,urd,[LANG=urd] عدم برداشت کے رویئے نے پاکستانی معاشرے کو بہت زیادہ نقصان پہنچایا ہے,"[-0.23920977115631104, -0.11160314828157425, -0.31595414876937866, -0.06117146089673042, -0.02787073515355587, 0.18861530721187592]"
urd_c3cebec7c8148a7de309360dc43148a8,بازاری عورت کی بھی اتنی گندی زبان نہیں ہوتی جتنی گندی زبان جاتی امراء کی اس گھٹیا عورت کی ہے #امپورٹڈ_حکومت_نامنظور,1,1,1,1,1,1,urd,[LANG=urd] بازاری عورت کی بھی اتنی گندی زبان نہیں ہوتی جتنی گندی زبان جاتی امراء کی اس گھٹیا عورت کی ہے #امپورٹڈ_حکومت_نامنظور,"[1.8633391857147217, 2.1171743869781494, 1.720622181892395, 1.9893816709518433, 1.6393892765045166, 1.721542239189148]"
urd_2512c5f91f7a137b86fdeaac5de0919d,پنجاب اسمبلی کے اراکین کی اس کاوش سے ملک میں فرقہ واریت کا خاتمہ ہوگا۔ #شکریہ_اراکین_پنجاب_اسمبلی,0,0,0,0,0,0,urd,[LANG=urd] پنجاب اسمبلی کے اراکین کی اس کاوش سے ملک میں فرقہ واریت کا خاتمہ ہوگا۔ #شکریہ_اراکین_پنجاب_اسمبلی,"[1.1935153007507324, 0.9426708817481995, 0.5922475457191467, 0.6544897556304932, 0.8718040585517883, 0.6755080223083496]"
urd_6b3b99476442010da39b3595733d907c,اپوزیشن کی تینوں جماعتوں کے چار بڑے جلسوں نے سلیکٹرز کی نیندیں حرام کردیں،,0,0,0,0,0,0,urd,[LANG=urd] اپوزیشن کی تینوں جماعتوں کے چار بڑے جلسوں نے سلیکٹرز کی نیندیں حرام کردیں،,"[1.2246383428573608, 1.1073473691940308, 0.5433504581451416, 0.6794402599334717, 0.8463566899299622, 0.75664883852005]"
urd_6ece7ac66675dc2e85b845a20ff86532,#خنزیراعظم یو ٹرن خان جعلی وزیراعظم جعلی مینڈیٹ @URL,1,1,1,1,1,1,urd,[LANG=urd] #خنزیراعظم یو ٹرن خان جعلی وزیراعظم جعلی مینڈیٹ @URL,"[1.7959980964660645, 2.4611942768096924, 1.2408608198165894, 1.8907806873321533, 1.378088355064392, 1.3927743434906006]"
